#Layer_Color=32768
#
#Feature symbol names
#
$0 r7
$1 r2
$2 r4
$3 r6
$4 rect35x118
$5 rect80x150
$6 rect118x35

#
#Feature attribute names
#

#
#Layer features
#
L 0.466 2.602 0.466 2.69 2 P 0
L 0.466 2.602 0.47 2.602 2 P 0
L 0.466 2.69 0.47 2.69 2 P 0
L 0.47 2.583 0.47 2.709 2 P 0
L 0.47 2.583 0.475 2.587 1 P 0
L 0.47 2.583 0.69 2.583 2 P 0
L 0.47 2.709 0.475 2.705 1 P 0
L 0.47 2.709 0.69 2.709 2 P 0
L 0.475 2.587 0.475 2.705 1 P 0
L 0.475 2.587 0.685 2.587 1 P 0
L 0.475 2.705 0.685 2.705 1 P 0
L 0.496 0.205 0.496 0.285 3 P 0
L 0.496 0.205 0.546 0.205 3 P 0
L 0.496 0.221 0.546 0.221 1 P 0
L 0.496 0.269 0.546 0.269 1 P 0
L 0.496 0.285 0.546 0.285 3 P 0
L 0.542 0.308 0.542 0.368 3 P 0
L 0.542 0.308 0.662 0.308 3 P 0
L 0.542 0.368 0.662 0.368 3 P 0
L 0.546 0.205 0.546 0.285 3 P 0
L 0.562 0.308 0.562 0.368 1 P 0
L 0.5899764 2.201685 0.5899764 2.251685 3 P 0
L 0.5899764 2.201685 0.6699764 2.201685 3 P 0
L 0.5899764 2.251685 0.6699764 2.251685 3 P 0
L 0.5899764 2.273685 0.5899764 2.323685 3 P 0
L 0.5899764 2.273685 0.6699764 2.273685 3 P 0
L 0.5899764 2.323685 0.6699764 2.323685 3 P 0
L 0.6059764 2.201685 0.6059764 2.251685 1 P 0
L 0.6059764 2.273685 0.6059764 2.323685 1 P 0
L 0.642 0.308 0.642 0.368 1 P 0
L 0.65 2.587 0.65 2.705 1 P 0
L 0.6539764 2.201685 0.6539764 2.251685 1 P 0
L 0.6539764 2.273685 0.6539764 2.323685 1 P 0
L 0.662 0.308 0.662 0.368 3 P 0
L 0.6699764 2.201685 0.6699764 2.251685 3 P 0
L 0.6699764 2.273685 0.6699764 2.323685 3 P 0
L 0.685 2.587 0.685 2.705 1 P 0
L 0.685 2.587 0.69 2.583 1 P 0
L 0.685 2.705 0.69 2.709 1 P 0
L 0.69 2.583 0.69 2.709 2 P 0
L 0.69 2.602 0.694 2.602 2 P 0
L 0.69 2.63 0.694 2.63 2 P 0
L 0.69 2.662 0.694 2.662 2 P 0
L 0.69 2.69 0.694 2.69 2 P 0
L 0.694 2.602 0.694 2.63 2 P 0
L 0.694 2.662 0.694 2.69 2 P 0
L 0.745 2.741 0.775 2.741 0 P 0
L 0.76 2.726 0.76 2.756 0 P 0
L 2.524 2.464 2.554 2.464 0 P 0
L 2.531 3.136 2.561 3.136 0 P 0
L 2.539 2.449 2.539 2.479 0 P 0
L 2.546 3.121 2.546 3.151 0 P 0
L 2.571 2.174 2.571 2.394 2 P 0
L 2.571 2.174 2.575 2.179 1 P 0
L 2.571 2.174 2.697 2.174 2 P 0
L 2.571 2.394 2.575 2.389 1 P 0
L 2.571 2.394 2.697 2.394 2 P 0
L 2.575 2.179 2.575 2.389 1 P 0
L 2.575 2.179 2.693 2.179 1 P 0
L 2.575 2.354 2.693 2.354 1 P 0
L 2.575 2.389 2.693 2.389 1 P 0
L 2.578 2.846 2.578 3.066 2 P 0
L 2.578 2.846 2.582 2.851 1 P 0
L 2.578 2.846 2.704 2.846 2 P 0
L 2.578 3.066 2.582 3.061 1 P 0
L 2.578 3.066 2.704 3.066 2 P 0
L 2.582 2.851 2.582 3.061 1 P 0
L 2.582 2.851 2.7 2.851 1 P 0
L 2.582 3.026 2.7 3.026 1 P 0
L 2.582 3.061 2.7 3.061 1 P 0
L 2.59 2.17 2.59 2.174 2 P 0
L 2.59 2.17 2.678 2.17 2 P 0
L 2.59 2.394 2.59 2.398 2 P 0
L 2.59 2.398 2.618 2.398 2 P 0
L 2.597 2.842 2.597 2.846 2 P 0
L 2.597 2.842 2.685 2.842 2 P 0
L 2.597 3.066 2.597 3.07 2 P 0
L 2.597 3.07 2.625 3.07 2 P 0
L 2.618 2.394 2.618 2.398 2 P 0
L 2.625 3.066 2.625 3.07 2 P 0
L 2.65 2.394 2.65 2.398 2 P 0
L 2.65 2.398 2.678 2.398 2 P 0
L 2.657 3.066 2.657 3.07 2 P 0
L 2.657 3.07 2.685 3.07 2 P 0
L 2.678 2.17 2.678 2.174 2 P 0
L 2.678 2.394 2.678 2.398 2 P 0
L 2.685 2.842 2.685 2.846 2 P 0
L 2.685 3.066 2.685 3.07 2 P 0
L 2.693 2.179 2.693 2.389 1 P 0
L 2.693 2.179 2.697 2.174 1 P 0
L 2.693 2.389 2.697 2.394 1 P 0
L 2.697 2.174 2.697 2.394 2 P 0
L 2.7 2.851 2.7 3.061 1 P 0
L 2.7 2.851 2.704 2.846 1 P 0
L 2.7 3.061 2.704 3.066 1 P 0
L 2.704 2.846 2.704 3.066 2 P 0
L 2.807 0.753 2.837 0.753 0 P 0
L 2.822 0.738 2.822 0.768 0 P 0
L 2.854 0.463 2.854 0.683 2 P 0
L 2.854 0.463 2.858 0.468 1 P 0
L 2.854 0.463 2.98 0.463 2 P 0
L 2.854 0.683 2.858 0.678 1 P 0
L 2.854 0.683 2.98 0.683 2 P 0
L 2.858 0.468 2.858 0.678 1 P 0
L 2.858 0.468 2.976 0.468 1 P 0
L 2.858 0.643 2.976 0.643 1 P 0
L 2.858 0.678 2.976 0.678 1 P 0
L 2.873 0.459 2.873 0.463 2 P 0
L 2.873 0.459 2.961 0.459 2 P 0
L 2.873 0.683 2.873 0.687 2 P 0
L 2.873 0.687 2.901 0.687 2 P 0
L 2.901 0.683 2.901 0.687 2 P 0
L 2.933 0.683 2.933 0.687 2 P 0
L 2.933 0.687 2.961 0.687 2 P 0
L 2.961 0.459 2.961 0.463 2 P 0
L 2.961 0.683 2.961 0.687 2 P 0
L 2.976 0.468 2.976 0.678 1 P 0
L 2.976 0.468 2.98 0.463 1 P 0
L 2.976 0.678 2.98 0.683 1 P 0
L 2.98 0.463 2.98 0.683 2 P 0
L 3.118 2.73 3.118 2.78 3 P 0
L 3.118 2.73 3.232 2.73 3 P 0
L 3.118 2.78 3.232 2.78 3 P 0
L 3.119 2.494 3.119 2.574 3 P 0
L 3.119 2.494 3.169 2.494 3 P 0
L 3.119 2.51 3.169 2.51 1 P 0
L 3.119 2.558 3.169 2.558 1 P 0
L 3.119 2.574 3.169 2.574 3 P 0
L 3.129 2.78 3.129 2.802 1 P 0
L 3.129 2.795 3.147 2.795 1 P 0
L 3.129 2.802 3.147 2.802 1 P 0
L 3.134 2.789 3.142 2.789 1 P 0
L 3.147 2.78 3.147 2.802 1 P 0
L 3.166 2.708 3.166 2.73 1 P 0
L 3.166 2.708 3.184 2.708 1 P 0
L 3.166 2.715 3.184 2.715 1 P 0
L 3.169 2.494 3.169 2.574 3 P 0
L 3.171 2.721 3.179 2.721 1 P 0
L 3.173 3.208 3.173 3.288 3 P 0
L 3.173 3.208 3.223 3.208 3 P 0
L 3.173 3.224 3.223 3.224 1 P 0
L 3.173 3.272 3.223 3.272 1 P 0
L 3.173 3.288 3.223 3.288 3 P 0
L 3.184 2.708 3.184 2.73 1 P 0
L 3.203 2.78 3.203 2.802 1 P 0
L 3.203 2.795 3.221 2.795 1 P 0
L 3.203 2.802 3.221 2.802 1 P 0
L 3.2069661 2.493 3.2069661 2.573 3 P 0
L 3.2069661 2.493 3.2569661 2.493 3 P 0
L 3.2069661 2.509 3.2569661 2.509 1 P 0
L 3.2069661 2.557 3.2569661 2.557 1 P 0
L 3.2069661 2.573 3.2569661 2.573 3 P 0
L 3.208 2.789 3.216 2.789 1 P 0
L 3.221 2.78 3.221 2.802 1 P 0
L 3.223 3.208 3.223 3.288 3 P 0
L 3.232 2.73 3.232 2.78 3 P 0
L 3.2569661 2.493 3.2569661 2.573 3 P 0
L 3.333 3.321 3.333 3.339 1 P 0
L 3.333 3.321 3.355 3.321 1 P 0
L 3.333 3.339 3.355 3.339 1 P 0
L 3.34 3.321 3.34 3.339 1 P 0
L 3.346 3.326 3.346 3.334 1 P 0
L 3.355 3.273 3.355 3.387 3 P 0
L 3.355 3.273 3.405 3.273 3 P 0
L 3.355 3.387 3.405 3.387 3 P 0
L 3.405 3.273 3.405 3.387 3 P 0
L 3.405 3.284 3.427 3.284 1 P 0
L 3.405 3.302 3.427 3.302 1 P 0
L 3.405 3.358 3.427 3.358 1 P 0
L 3.405 3.376 3.427 3.376 1 P 0
L 3.414 3.289 3.414 3.297 1 P 0
L 3.414 3.363 3.414 3.371 1 P 0
L 3.417 3.143 3.447 3.143 0 P 0
L 3.42 3.284 3.42 3.302 1 P 0
L 3.42 3.358 3.42 3.376 1 P 0
L 3.427 3.284 3.427 3.302 1 P 0
L 3.427 3.358 3.427 3.376 1 P 0
L 3.432 3.128 3.432 3.158 0 P 0
L 3.464 2.853 3.464 3.073 2 P 0
L 3.464 2.853 3.468 2.858 1 P 0
L 3.464 2.853 3.59 2.853 2 P 0
L 3.464 3.073 3.468 3.068 1 P 0
L 3.464 3.073 3.59 3.073 2 P 0
L 3.468 2.858 3.468 3.068 1 P 0
L 3.468 2.858 3.586 2.858 1 P 0
L 3.468 3.033 3.586 3.033 1 P 0
L 3.468 3.068 3.586 3.068 1 P 0
L 3.483 2.849 3.483 2.853 2 P 0
L 3.483 2.849 3.571 2.849 2 P 0
L 3.483 3.073 3.483 3.077 2 P 0
L 3.483 3.077 3.511 3.077 2 P 0
L 3.504 2.336 3.534 2.336 0 P 0
L 3.511 3.073 3.511 3.077 2 P 0
L 3.519 2.321 3.519 2.351 0 P 0
L 3.543 3.073 3.543 3.077 2 P 0
L 3.543 3.077 3.571 3.077 2 P 0
L 3.551 2.046 3.551 2.266 2 P 0
L 3.551 2.046 3.555 2.051 1 P 0
L 3.551 2.046 3.677 2.046 2 P 0
L 3.551 2.266 3.555 2.261 1 P 0
L 3.551 2.266 3.677 2.266 2 P 0
L 3.555 2.051 3.555 2.261 1 P 0
L 3.555 2.051 3.673 2.051 1 P 0
L 3.555 2.226 3.673 2.226 1 P 0
L 3.555 2.261 3.673 2.261 1 P 0
L 3.57 2.042 3.57 2.046 2 P 0
L 3.57 2.042 3.658 2.042 2 P 0
L 3.57 2.266 3.57 2.27 2 P 0
L 3.57 2.27 3.598 2.27 2 P 0
L 3.571 2.849 3.571 2.853 2 P 0
L 3.571 3.073 3.571 3.077 2 P 0
L 3.586 2.858 3.586 3.068 1 P 0
L 3.586 2.858 3.59 2.853 1 P 0
L 3.586 3.068 3.59 3.073 1 P 0
L 3.59 2.853 3.59 3.073 2 P 0
L 3.598 2.266 3.598 2.27 2 P 0
L 3.63 2.266 3.63 2.27 2 P 0
L 3.63 2.27 3.658 2.27 2 P 0
L 3.658 2.042 3.658 2.046 2 P 0
L 3.658 2.266 3.658 2.27 2 P 0
L 3.673 2.051 3.673 2.261 1 P 0
L 3.673 2.051 3.677 2.046 1 P 0
L 3.673 2.261 3.677 2.266 1 P 0
L 3.677 2.046 3.677 2.266 2 P 0
L 3.729 2.277 3.729 2.357 3 P 0
L 3.729 2.277 3.779 2.277 3 P 0
L 3.729 2.293 3.779 2.293 1 P 0
L 3.729 2.341 3.7789999 2.3410001 1 P 0
L 3.729 2.357 3.7789999 2.3569999 3 P 0
L 3.73 2.455 3.73 2.535 3 P 0
L 3.73 2.455 3.78 2.455 3 P 0
L 3.73 2.471 3.78 2.471 1 P 0
L 3.73 2.519 3.78 2.519 1 P 0
L 3.73 2.535 3.78 2.535 3 P 0
L 3.7789999 2.3569999 3.779 2.277 3 P 0
L 3.78 2.455 3.78 2.535 3 P 0
L 5.129 2.451 5.159 2.451 0 P 0
L 5.144 2.436 5.144 2.466 0 P 0
L 5.193 3.527 5.193 3.615 2 P 0
L 5.193 3.527 5.197 3.527 2 P 0
L 5.193 3.615 5.197 3.615 2 P 0
L 5.197 3.508 5.197 3.634 2 P 0
L 5.197 3.508 5.202 3.512 1 P 0
L 5.197 3.508 5.417 3.508 2 P 0
L 5.197 3.634 5.202 3.63 1 P 0
L 5.197 3.634 5.417 3.634 2 P 0
L 5.202 3.512 5.202 3.63 1 P 0
L 5.202 3.512 5.412 3.512 1 P 0
L 5.202 3.63 5.412 3.63 1 P 0
L 5.21 2.502 5.21 2.53 2 P 0
L 5.21 2.502 5.214 2.502 2 P 0
L 5.21 2.53 5.214 2.53 2 P 0
L 5.21 2.562 5.21 2.59 2 P 0
L 5.21 2.562 5.214 2.562 2 P 0
L 5.21 2.59 5.214 2.59 2 P 0
L 5.214 2.483 5.214 2.609 2 P 0
L 5.214 2.483 5.219 2.487 1 P 0
L 5.214 2.483 5.434 2.483 2 P 0
L 5.214 2.609 5.219 2.605 1 P 0
L 5.214 2.609 5.434 2.609 2 P 0
L 5.219 2.487 5.219 2.605 1 P 0
L 5.219 2.487 5.429 2.487 1 P 0
L 5.219 2.605 5.429 2.605 1 P 0
L 5.254 2.487 5.254 2.605 1 P 0
L 5.377 3.512 5.377 3.63 1 P 0
L 5.412 3.512 5.412 3.63 1 P 0
L 5.412 3.512 5.417 3.508 1 P 0
L 5.412 3.63 5.417 3.634 1 P 0
L 5.417 3.508 5.417 3.634 2 P 0
L 5.417 3.527 5.421 3.527 2 P 0
L 5.417 3.555 5.421 3.555 2 P 0
L 5.417 3.587 5.421 3.587 2 P 0
L 5.417 3.615 5.421 3.615 2 P 0
L 5.421 3.527 5.421 3.555 2 P 0
L 5.421 3.587 5.421 3.615 2 P 0
L 5.429 2.487 5.429 2.605 1 P 0
L 5.429 2.487 5.434 2.483 1 P 0
L 5.429 2.605 5.434 2.609 1 P 0
L 5.434 2.483 5.434 2.609 2 P 0
L 5.434 2.502 5.438 2.502 2 P 0
L 5.434 2.59 5.438 2.59 2 P 0
L 5.438 2.502 5.438 2.59 2 P 0
L 5.472 3.666 5.502 3.666 0 P 0
L 5.487 3.651 5.487 3.681 0 P 0
L 5.545 2.936 5.545 3.016 3 P 0
L 5.545 2.936 5.595 2.936 3 P 0
L 5.545 2.952 5.595 2.952 1 P 0
L 5.545 3 5.595 3 1 P 0
L 5.545 3.016 5.595 3.016 3 P 0
L 5.551 1.51 5.551 1.59 3 P 0
L 5.551 1.51 5.601 1.51 3 P 0
L 5.551 1.526 5.601 1.526 1 P 0
L 5.551 1.574 5.601 1.574 1 P 0
L 5.551 1.59 5.601 1.59 3 P 0
L 5.595 2.936 5.595 3.016 3 P 0
L 5.601 1.51 5.601 1.59 3 P 0
L 5.61 1.767 5.61 1.847 3 P 0
L 5.61 1.767 5.66 1.767 3 P 0
L 5.61 1.783 5.66 1.783 1 P 0
L 5.61 1.831 5.66 1.831 1 P 0
L 5.61 1.847 5.66 1.847 3 P 0
L 5.6371071 2.946 5.6371071 2.964 1 P 0
L 5.6371071 2.946 5.6591071 2.946 1 P 0
L 5.6371071 2.964 5.6591071 2.964 1 P 0
L 5.6426929 2.1 5.6426929 2.15 3 P 0
L 5.6426929 2.1 5.7226929 2.1 3 P 0
L 5.6426929 2.15 5.7226929 2.15 3 P 0
L 5.6441071 2.946 5.6441071 2.964 1 P 0
L 5.6501071 2.951 5.6501071 2.959 1 P 0
L 5.6586929 2.1 5.6586929 2.15 1 P 0
L 5.6591071 2.898 5.6591071 3.012 3 P 0
L 5.6591071 2.898 5.7091071 2.898 3 P 0
L 5.6591071 3.012 5.7091071 3.012 3 P 0
L 5.66 1.266 5.66 1.346 3 P 0
L 5.66 1.266 5.71 1.266 3 P 0
L 5.66 1.282 5.71 1.282 1 P 0
L 5.66 1.33 5.71 1.33 1 P 0
L 5.66 1.346 5.71 1.346 3 P 0
L 5.66 1.767 5.66 1.847 3 P 0
L 5.668 1.98 5.668 2.03 3 P 0
L 5.668 1.98 5.782 1.98 3 P 0
L 5.668 2.03 5.782 2.03 3 P 0
L 5.676 1.767 5.676 1.847 3 P 0
L 5.676 1.767 5.726 1.767 3 P 0
L 5.676 1.783 5.726 1.783 1 P 0
L 5.676 1.831 5.726 1.831 1 P 0
L 5.676 1.847 5.726 1.847 3 P 0
L 5.679 1.958 5.679 1.98 1 P 0
L 5.679 1.958 5.697 1.958 1 P 0
L 5.679 1.965 5.697 1.965 1 P 0
L 5.684 1.971 5.692 1.971 1 P 0
L 5.697 1.958 5.697 1.98 1 P 0
L 5.7066929 2.1 5.7066929 2.15 1 P 0
L 5.7091071 2.898 5.7091071 3.012 3 P 0
L 5.7091071 2.909 5.7311071 2.909 1 P 0
L 5.7091071 2.927 5.7311071 2.927 1 P 0
L 5.7091071 2.983 5.7311071 2.983 1 P 0
L 5.7091071 3.001 5.7311071 3.001 1 P 0
L 5.71 1.266 5.71 1.346 3 P 0
L 5.716 2.03 5.716 2.052 1 P 0
L 5.716 2.045 5.734 2.045 1 P 0
L 5.716 2.052 5.734 2.052 1 P 0
L 5.7181071 2.914 5.7181071 2.922 1 P 0
L 5.7181071 2.988 5.7181071 2.996 1 P 0
L 5.721 2.039 5.729 2.039 1 P 0
L 5.7226929 2.1 5.7226929 2.15 3 P 0
L 5.7241071 2.909 5.7241071 2.927 1 P 0
L 5.7241071 2.983 5.7241071 3.001 1 P 0
L 5.726 1.767 5.726 1.847 3 P 0
L 5.727 1.266 5.727 1.346 3 P 0
L 5.727 1.266 5.777 1.266 3 P 0
L 5.727 1.282 5.777 1.282 1 P 0
L 5.727 1.33 5.777 1.33 1 P 0
L 5.727 1.346 5.777 1.346 3 P 0
L 5.7311071 2.909 5.7311071 2.927 1 P 0
L 5.7311071 2.983 5.7311071 3.001 1 P 0
L 5.734 2.03 5.734 2.052 1 P 0
L 5.743 1.766 5.743 1.846 3 P 0
L 5.743 1.766 5.793 1.766 3 P 0
L 5.743 1.782 5.793 1.782 1 P 0
L 5.743 1.83 5.793 1.83 1 P 0
L 5.743 1.846 5.793 1.846 3 P 0
L 5.753 1.958 5.753 1.98 1 P 0
L 5.753 1.958 5.771 1.958 1 P 0
L 5.753 1.965 5.771 1.965 1 P 0
L 5.758 1.971 5.766 1.971 1 P 0
L 5.771 1.958 5.771 1.98 1 P 0
L 5.777 1.266 5.777 1.346 3 P 0
L 5.782 1.98 5.782 2.03 3 P 0
L 5.793 1.766 5.793 1.846 3 P 0
L 5.866 2.451 5.896 2.451 0 P 0
L 5.881 2.436 5.881 2.466 0 P 0
L 5.947 2.502 5.947 2.53 2 P 0
L 5.947 2.502 5.951 2.502 2 P 0
L 5.947 2.53 5.951 2.53 2 P 0
L 5.947 2.562 5.947 2.59 2 P 0
L 5.947 2.562 5.951 2.562 2 P 0
L 5.947 2.59 5.951 2.59 2 P 0
L 5.951 2.483 5.951 2.609 2 P 0
L 5.951 2.483 5.956 2.487 1 P 0
L 5.951 2.483 6.171 2.483 2 P 0
L 5.951 2.609 5.956 2.605 1 P 0
L 5.951 2.609 6.171 2.609 2 P 0
L 5.956 2.487 5.956 2.605 1 P 0
L 5.956 2.487 6.166 2.487 1 P 0
L 5.956 2.605 6.166 2.605 1 P 0
L 5.975 3.544 5.975 3.632 2 P 0
L 5.975 3.544 5.979 3.544 2 P 0
L 5.975 3.632 5.979 3.632 2 P 0
L 5.979 3.525 5.979 3.651 2 P 0
L 5.979 3.525 5.984 3.529 1 P 0
L 5.979 3.525 6.199 3.525 2 P 0
L 5.979 3.651 5.984 3.647 1 P 0
L 5.979 3.651 6.199 3.651 2 P 0
L 5.984 3.529 5.984 3.647 1 P 0
L 5.984 3.529 6.194 3.529 1 P 0
L 5.984 3.647 6.194 3.647 1 P 0
L 5.991 2.487 5.991 2.605 1 P 0
L 6.159 3.529 6.159 3.647 1 P 0
L 6.166 2.487 6.166 2.605 1 P 0
L 6.166 2.487 6.171 2.483 1 P 0
L 6.166 2.605 6.171 2.609 1 P 0
L 6.171 2.483 6.171 2.609 2 P 0
L 6.171 2.502 6.175 2.502 2 P 0
L 6.171 2.59 6.175 2.59 2 P 0
L 6.175 2.502 6.175 2.59 2 P 0
L 6.194 3.529 6.194 3.647 1 P 0
L 6.194 3.529 6.199 3.525 1 P 0
L 6.194 3.647 6.199 3.651 1 P 0
L 6.199 3.525 6.199 3.651 2 P 0
L 6.199 3.544 6.203 3.544 2 P 0
L 6.199 3.572 6.203 3.572 2 P 0
L 6.199 3.604 6.203 3.604 2 P 0
L 6.199 3.632 6.203 3.632 2 P 0
L 6.203 3.544 6.203 3.572 2 P 0
L 6.203 3.604 6.203 3.632 2 P 0
L 6.254 3.683 6.284 3.683 0 P 0
L 6.269 3.668 6.269 3.698 0 P 0
L 6.316 2.943 6.316 3.023 3 P 0
L 6.316 2.943 6.366 2.943 3 P 0
L 6.316 2.959 6.366 2.959 1 P 0
L 6.316 3.007 6.366 3.007 1 P 0
L 6.316 3.023 6.366 3.023 3 P 0
L 6.366 2.943 6.366 3.023 3 P 0
L 6.413 2.996 6.413 3.014 1 P 0
L 6.413 2.996 6.435 2.996 1 P 0
L 6.413 3.014 6.435 3.014 1 P 0
L 6.42 2.996 6.42 3.014 1 P 0
L 6.4222756 1.457 6.4222756 1.553 2 P 0
L 6.4222756 1.457 6.4242756 1.457 2 P 0
L 6.4222756 1.553 6.4242756 1.553 2 P 0
L 6.4242756 1.425 6.4242756 1.585 2 P 0
L 6.4242756 1.425 6.4292756 1.43 1 P 0
L 6.4242756 1.425 6.7142756 1.425 2 P 0
L 6.4242756 1.585 6.4292756 1.58 1 P 0
L 6.4242756 1.585 6.7142756 1.585 2 P 0
L 6.426 3.001 6.426 3.009 1 P 0
L 6.4292756 1.43 6.4292756 1.58 1 P 0
L 6.4292756 1.43 6.7092756 1.43 1 P 0
L 6.4292756 1.58 6.7092756 1.58 1 P 0
L 6.435 2.948 6.435 3.062 3 P 0
L 6.435 2.948 6.485 2.948 3 P 0
L 6.435 3.062 6.485 3.062 3 P 0
L 6.485 2.948 6.485 3.062 3 P 0
L 6.485 2.959 6.507 2.959 1 P 0
L 6.485 2.977 6.507 2.977 1 P 0
L 6.485 3.033 6.507 3.033 1 P 0
L 6.485 3.051 6.507 3.051 1 P 0
L 6.494 2.964 6.494 2.972 1 P 0
L 6.494 3.038 6.494 3.046 1 P 0
L 6.5 2.959 6.5 2.977 1 P 0
L 6.5 3.033 6.5 3.051 1 P 0
L 6.507 2.959 6.507 2.977 1 P 0
L 6.507 3.033 6.507 3.051 1 P 0
L 6.65 3.553 6.65 3.641 2 P 0
L 6.65 3.553 6.654 3.553 2 P 0
L 6.65 3.641 6.654 3.641 2 P 0
L 6.654 3.534 6.654 3.66 2 P 0
L 6.654 3.534 6.659 3.538 1 P 0
L 6.654 3.534 6.874 3.534 2 P 0
L 6.654 3.66 6.659 3.656 1 P 0
L 6.654 3.66 6.874 3.66 2 P 0
L 6.659 3.538 6.659 3.656 1 P 0
L 6.659 3.538 6.869 3.538 1 P 0
L 6.659 3.656 6.869 3.656 1 P 0
L 6.6699871 2.519 6.6699871 2.607 2 P 0
L 6.6699871 2.519 6.6739871 2.519 2 P 0
L 6.6699871 2.607 6.6739871 2.607 2 P 0
L 6.6739871 2.5 6.6739871 2.626 2 P 0
L 6.6739871 2.5 6.6789871 2.504 1 P 0
L 6.6739871 2.5 6.8939871 2.5 2 P 0
L 6.6739871 2.626 6.6789871 2.622 1 P 0
L 6.6739871 2.626 6.8939871 2.626 2 P 0
L 6.6789871 2.504 6.6789871 2.622 1 P 0
L 6.6789871 2.504 6.8889871 2.504 1 P 0
L 6.6789871 2.622 6.8889871 2.622 1 P 0
L 6.7092756 1.43 6.7092756 1.58 1 P 0
L 6.7092756 1.43 6.7142756 1.425 1 P 0
L 6.7092756 1.58 6.7142756 1.585 1 P 0
L 6.7142756 1.425 6.7142756 1.585 2 P 0
L 6.7142756 1.457 6.7162756 1.457 2 P 0
L 6.7142756 1.553 6.7162756 1.553 2 P 0
L 6.7162756 1.457 6.7162756 1.553 2 P 0
L 6.7592756 1.505 6.7892756 1.505 0 P 0
L 6.7742756 1.49 6.7742756 1.52 0 P 0
L 6.782 2.821 6.782 2.871 3 P 0
L 6.782 2.821 6.862 2.821 3 P 0
L 6.782 2.871 6.862 2.871 3 P 0
L 6.798 2.821 6.798 2.871 1 P 0
L 6.834 3.538 6.834 3.656 1 P 0
L 6.846 2.821 6.846 2.871 1 P 0
L 6.8539871 2.504 6.8539871 2.622 1 P 0
L 6.862 2.821 6.862 2.871 3 P 0
L 6.869 3.538 6.869 3.656 1 P 0
L 6.869 3.538 6.874 3.534 1 P 0
L 6.869 3.656 6.874 3.66 1 P 0
L 6.874 3.534 6.874 3.66 2 P 0
L 6.874 3.553 6.878 3.553 2 P 0
L 6.874 3.581 6.878 3.581 2 P 0
L 6.874 3.613 6.878 3.613 2 P 0
L 6.874 3.641 6.878 3.641 2 P 0
L 6.878 3.553 6.878 3.581 2 P 0
L 6.878 3.613 6.878 3.641 2 P 0
L 6.8889871 2.504 6.8889871 2.622 1 P 0
L 6.8889871 2.504 6.8939871 2.5 1 P 0
L 6.8889871 2.622 6.8939871 2.626 1 P 0
L 6.8939871 2.5 6.8939871 2.626 2 P 0
L 6.8939871 2.519 6.8979871 2.519 2 P 0
L 6.8939871 2.547 6.8979871 2.547 2 P 0
L 6.8939871 2.579 6.8979871 2.579 2 P 0
L 6.8939871 2.607 6.8979871 2.607 2 P 0
L 6.8979871 2.519 6.8979871 2.547 2 P 0
L 6.8979871 2.579 6.8979871 2.607 2 P 0
L 6.929 3.692 6.959 3.692 0 P 0
L 6.944 3.677 6.944 3.707 0 P 0
L 6.9489871 2.658 6.9789871 2.658 0 P 0
L 6.9639871 2.643 6.9639871 2.673 0 P 0
L 7.018 2.983 7.018 3.001 1 P 0
L 7.018 2.983 7.04 2.983 1 P 0
L 7.018 3.001 7.04 3.001 1 P 0
L 7.025 2.983 7.025 3.001 1 P 0
L 7.031 2.988 7.031 2.996 1 P 0
L 7.04 2.935 7.04 3.049 3 P 0
L 7.04 2.935 7.09 2.935 3 P 0
L 7.04 3.049 7.09 3.049 3 P 0
L 7.058 2.3 7.058 2.318 1 P 0
L 7.058 2.3 7.08 2.3 1 P 0
L 7.058 2.318 7.08 2.318 1 P 0
L 7.0592992 2.121 7.0592992 2.139 1 P 0
L 7.0592992 2.121 7.0812992 2.121 1 P 0
L 7.0592992 2.139 7.0812992 2.139 1 P 0
L 7.065 2.3 7.065 2.318 1 P 0
L 7.0662992 2.121 7.0662992 2.139 1 P 0
L 7.071 2.305 7.071 2.313 1 P 0
L 7.0722992 2.126 7.0722992 2.134 1 P 0
L 7.08 2.252 7.08 2.366 3 P 0
L 7.08 2.252 7.13 2.252 3 P 0
L 7.08 2.366 7.13 2.366 3 P 0
L 7.0812992 2.073 7.0812992 2.187 3 P 0
L 7.0812992 2.073 7.1312992 2.073 3 P 0
L 7.0812992 2.187 7.1312992 2.187 3 P 0
L 7.09 2.935 7.09 3.049 3 P 0
L 7.09 2.946 7.112 2.946 1 P 0
L 7.09 2.964 7.112 2.964 1 P 0
L 7.09 3.02 7.112 3.02 1 P 0
L 7.09 3.038 7.112 3.038 1 P 0
L 7.099 2.951 7.099 2.959 1 P 0
L 7.099 3.025 7.099 3.033 1 P 0
L 7.105 2.946 7.105 2.964 1 P 0
L 7.105 3.02 7.105 3.038 1 P 0
L 7.112 2.946 7.112 2.964 1 P 0
L 7.112 3.02 7.112 3.038 1 P 0
L 7.13 2.252 7.13 2.366 3 P 0
L 7.13 2.263 7.152 2.263 1 P 0
L 7.13 2.281 7.152 2.281 1 P 0
L 7.13 2.337 7.152 2.337 1 P 0
L 7.13 2.355 7.152 2.355 1 P 0
L 7.1312992 2.073 7.1312992 2.187 3 P 0
L 7.1312992 2.084 7.1532992 2.084 1 P 0
L 7.1312992 2.102 7.1532992 2.102 1 P 0
L 7.1312992 2.158 7.1532992 2.158 1 P 0
L 7.1312992 2.176 7.1532992 2.176 1 P 0
L 7.139 2.268 7.139 2.276 1 P 0
L 7.139 2.342 7.139 2.35 1 P 0
L 7.1402992 2.089 7.1402992 2.097 1 P 0
L 7.1402992 2.163 7.1402992 2.171 1 P 0
L 7.145 2.263 7.145 2.281 1 P 0
L 7.145 2.337 7.145 2.355 1 P 0
L 7.1462992 2.084 7.1462992 2.102 1 P 0
L 7.1462992 2.158 7.1462992 2.176 1 P 0
L 7.152 2.263 7.152 2.281 1 P 0
L 7.152 2.337 7.152 2.355 1 P 0
L 7.1532992 2.084 7.1532992 2.102 1 P 0
L 7.1532992 2.158 7.1532992 2.176 1 P 0
L 7.3412992 0.29 7.3412992 0.37 3 P 0
L 7.3412992 0.29 7.3912992 0.29 3 P 0
L 7.3412992 0.306 7.3912992 0.306 1 P 0
L 7.3412992 0.354 7.3912992 0.354 1 P 0
L 7.3412992 0.37 7.3912992 0.37 3 P 0
L 7.3512992 0.68 7.3512992 0.76 3 P 0
L 7.3512992 0.68 7.4012992 0.68 3 P 0
L 7.3512992 0.696 7.4012992 0.696 1 P 0
L 7.3512992 0.744 7.4012992 0.744 1 P 0
L 7.3512992 0.76 7.4012992 0.76 3 P 0
L 7.3912992 0.29 7.3912992 0.37 3 P 0
L 7.4012992 0.68 7.4012992 0.76 3 P 0
P 0.6674995 2.6459967 4 P 0 0
P 2.6340001 2.3714999 6 P 0 0
P 2.6410001 3.0435279 6 P 0 0
P 2.9170001 0.6604969 6 P 0 0
P 3.5270007 3.0505059 6 P 0 0
P 3.6140007 2.2434999 6 P 0 0
P 5.2364997 2.5460077 4 P 0 0
P 5.3945425 3.5709999 4 P 0 0
P 5.9734975 2.5460007 4 P 0 0
P 6.1764989 3.5879993 4 P 0 0
P 6.6692767 1.5049997 5 P 0 0
P 6.8514999 3.5969999 4 P 0 0
P 6.8714841 2.5630019 4 P 0 0
