#Layer_Color=32768
#
#Feature symbol names
#
$0 r2
$1 r4
$2 r7
$3 r6
$4 rect35x118
$5 rect25x68

#
#Feature attribute names
#

#
#Layer features
#
L 0.315 2.94 0.315 3.02 3 P 0
L 0.315 2.94 0.365 2.94 3 P 0
L 0.315 2.956 0.365 2.956 0 P 0
L 0.315 3.004 0.365 3.004 0 P 0
L 0.315 3.02 0.365 3.02 3 P 0
L 0.365 2.94 0.365 3.02 3 P 0
L 0.39 2.585 0.39 2.635 3 P 0
L 0.39 2.585 0.47 2.585 3 P 0
L 0.39 2.635 0.47 2.635 3 P 0
L 0.39 2.655 0.39 2.705 3 P 0
L 0.39 2.655 0.47 2.655 3 P 0
L 0.39 2.705 0.47 2.705 3 P 0
L 0.39 2.725 0.39 2.775 3 P 0
L 0.39 2.725 0.47 2.725 3 P 0
L 0.39 2.775 0.47 2.775 3 P 0
L 0.406 2.585 0.406 2.635 0 P 0
L 0.406 2.655 0.406 2.705 0 P 0
L 0.406 2.725 0.406 2.775 0 P 0
L 0.44 0.995 0.44 1.045 3 P 0
L 0.44 0.995 0.52 0.995 3 P 0
L 0.44 1.045 0.52 1.045 3 P 0
L 0.44 1.065 0.44 1.115 3 P 0
L 0.44 1.065 0.52 1.065 3 P 0
L 0.44 1.115 0.52 1.115 3 P 0
L 0.44 1.135 0.44 1.185 3 P 0
L 0.44 1.135 0.52 1.135 3 P 0
L 0.44 1.185 0.52 1.185 3 P 0
L 0.44 1.205 0.44 1.255 3 P 0
L 0.44 1.205 0.52 1.205 3 P 0
L 0.44 1.255 0.52 1.255 3 P 0
L 0.454 2.585 0.454 2.635 0 P 0
L 0.454 2.655 0.454 2.705 0 P 0
L 0.454 2.725 0.454 2.775 0 P 0
L 0.455 4.31 0.455 4.39 3 P 0
L 0.455 4.31 0.505 4.31 3 P 0
L 0.455 4.326 0.505 4.326 0 P 0
L 0.455 4.374 0.505 4.374 0 P 0
L 0.455 4.39 0.505 4.39 3 P 0
L 0.456 0.995 0.456 1.045 0 P 0
L 0.456 1.065 0.456 1.115 0 P 0
L 0.456 1.135 0.456 1.185 0 P 0
L 0.456 1.205 0.456 1.255 0 P 0
L 0.47 2.585 0.47 2.635 3 P 0
L 0.47 2.655 0.47 2.705 3 P 0
L 0.47 2.725 0.47 2.775 3 P 0
L 0.504 0.995 0.504 1.045 0 P 0
L 0.504 1.065 0.504 1.115 0 P 0
L 0.504 1.135 0.504 1.185 0 P 0
L 0.504 1.205 0.504 1.255 0 P 0
L 0.505 4.31 0.505 4.39 3 P 0
L 0.51 3.915 0.51 3.965 3 P 0
L 0.51 3.915 0.59 3.915 3 P 0
L 0.51 3.965 0.59 3.965 3 P 0
L 0.51 3.985 0.51 4.035 3 P 0
L 0.51 3.985 0.59 3.985 3 P 0
L 0.51 4.035 0.59 4.035 3 P 0
L 0.51 4.055 0.51 4.105 3 P 0
L 0.51 4.055 0.59 4.055 3 P 0
L 0.51 4.105 0.59 4.105 3 P 0
L 0.52 0.995 0.52 1.045 3 P 0
L 0.52 1.065 0.52 1.115 3 P 0
L 0.52 1.135 0.52 1.185 3 P 0
L 0.52 1.205 0.52 1.255 3 P 0
L 0.5248488 5.7211634 0.5248488 5.8011634 3 P 0
L 0.5248488 5.7211634 0.5748488 5.7211634 3 P 0
L 0.5248488 5.7371634 0.5748488 5.7371634 0 P 0
L 0.5248488 5.7851634 0.5748488 5.7851634 0 P 0
L 0.5248488 5.8011634 0.5748488 5.8011634 3 P 0
L 0.526 3.915 0.526 3.965 0 P 0
L 0.526 3.985 0.526 4.035 0 P 0
L 0.526 4.055 0.526 4.105 0 P 0
L 0.55 2.725 0.55 2.775 3 P 0
L 0.55 2.725 0.63 2.725 3 P 0
L 0.55 2.775 0.63 2.775 3 P 0
L 0.566 2.725 0.566 2.775 0 P 0
L 0.574 3.915 0.574 3.965 0 P 0
L 0.574 3.985 0.574 4.035 0 P 0
L 0.574 4.055 0.574 4.105 0 P 0
L 0.5748488 5.7211634 0.5748488 5.8011634 3 P 0
L 0.5898488 5.8061634 0.6198488 5.8061634 3 P 0
L 0.59 3.915 0.59 3.965 3 P 0
L 0.59 3.985 0.59 4.035 3 P 0
L 0.59 4.055 0.59 4.105 3 P 0
L 0.6048488 5.7011634 0.6048488 5.7311634 3 P 0
L 0.6048488 5.7911634 0.6048488 5.8211634 3 P 0
L 0.614 2.725 0.614 2.775 0 P 0
L 0.625 2.89 0.625 2.97 3 P 0
L 0.625 2.89 0.675 2.89 3 P 0
L 0.625 2.906 0.675 2.906 0 P 0
L 0.625 2.954 0.675 2.954 0 P 0
L 0.625 2.97 0.675 2.97 3 P 0
L 0.63 2.725 0.63 2.775 3 P 0
L 0.6448488 5.7211634 0.6448488 5.8011634 3 P 0
L 0.6448488 5.7211634 0.6948488 5.7211634 3 P 0
L 0.6448488 5.7371634 0.6948488 5.7371634 0 P 0
L 0.6448488 5.7851634 0.6948488 5.7851634 0 P 0
L 0.6448488 5.8011634 0.6948488 5.8011634 3 P 0
L 0.67 4.055 0.67 4.105 3 P 0
L 0.67 4.055 0.75 4.055 3 P 0
L 0.67 4.105 0.75 4.105 3 P 0
L 0.675 2.89 0.675 2.97 3 P 0
L 0.686 4.055 0.686 4.105 0 P 0
L 0.6948488 5.7211634 0.6948488 5.8011634 3 P 0
L 0.7098488 5.8061634 0.7398488 5.8061634 3 P 0
L 0.7248488 5.7011634 0.7248488 5.7311634 3 P 0
L 0.7248488 5.7911634 0.7248488 5.8211634 3 P 0
L 0.734 4.055 0.734 4.105 0 P 0
L 0.75 4.055 0.75 4.105 3 P 0
L 0.755 4.21 0.755 4.29 3 P 0
L 0.755 4.21 0.805 4.21 3 P 0
L 0.755 4.226 0.805 4.226 0 P 0
L 0.755 4.274 0.805 4.274 0 P 0
L 0.755 4.29 0.805 4.29 3 P 0
L 0.7648488 5.7211634 0.7648488 5.8011634 3 P 0
L 0.7648488 5.7211634 0.8148488 5.7211634 3 P 0
L 0.7648488 5.7371634 0.8148488 5.7371634 0 P 0
L 0.7648488 5.7851634 0.8148488 5.7851634 0 P 0
L 0.7648488 5.8011634 0.8148488 5.8011634 3 P 0
L 0.805 4.21 0.805 4.29 3 P 0
L 0.8148488 5.7211634 0.8148488 5.8011634 3 P 0
L 0.8298488 5.8061634 0.8598488 5.8061634 3 P 0
L 0.8448488 5.7011634 0.8448488 5.7311634 3 P 0
L 0.8448488 5.7911634 0.8448488 5.8211634 3 P 0
L 0.8848488 5.7211634 0.8848488 5.8011634 3 P 0
L 0.8848488 5.7211634 0.9348488 5.7211634 3 P 0
L 0.8848488 5.7371634 0.9348488 5.7371634 0 P 0
L 0.8848488 5.7851634 0.9348488 5.7851634 0 P 0
L 0.8848488 5.8011634 0.9348488 5.8011634 3 P 0
L 0.9348488 5.7211634 0.9348488 5.8011634 3 P 0
L 0.9498488 5.8061634 0.9798488 5.8061634 3 P 0
L 0.9648488 5.7011634 0.9648488 5.7311634 3 P 0
L 0.9648488 5.7911634 0.9648488 5.8211634 3 P 0
L 1.0048488 5.7211634 1.0048488 5.8011634 3 P 0
L 1.0048488 5.7211634 1.0548488 5.7211634 3 P 0
L 1.0048488 5.7371634 1.0548488 5.7371634 0 P 0
L 1.0048488 5.7851634 1.0548488 5.7851634 0 P 0
L 1.0048488 5.8011634 1.0548488 5.8011634 3 P 0
L 1.0548488 5.7211634 1.0548488 5.8011634 3 P 0
L 1.0698488 5.8061634 1.0998488 5.8061634 3 P 0
L 1.0848488 5.7011634 1.0848488 5.7311634 3 P 0
L 1.0848488 5.7911634 1.0848488 5.8211634 3 P 0
L 1.1248488 5.7211634 1.1248488 5.8011634 3 P 0
L 1.1248488 5.7211634 1.1748488 5.7211634 3 P 0
L 1.1248488 5.7371634 1.1748488 5.7371634 0 P 0
L 1.1248488 5.7851634 1.1748488 5.7851634 0 P 0
L 1.1248488 5.8011634 1.1748488 5.8011634 3 P 0
L 1.1748488 5.7211634 1.1748488 5.8011634 3 P 0
L 1.1898488 5.8061634 1.2198488 5.8061634 3 P 0
L 1.2048488 5.7011634 1.2048488 5.7311634 3 P 0
L 1.2048488 5.7911634 1.2048488 5.8211634 3 P 0
L 5.5053527 2.8821634 5.5053527 2.9621634 3 P 0
L 5.5053527 2.8821634 5.5553527 2.8821634 3 P 0
L 5.5053527 2.8981634 5.5553527 2.8981634 0 P 0
L 5.5053527 2.9461634 5.5553527 2.9461634 0 P 0
L 5.5053527 2.9621634 5.5553527 2.9621634 3 P 0
L 5.5553527 2.8821634 5.5553527 2.9621634 3 P 0
L 6.2418488 4.8421634 6.2718488 4.8421634 2 P 0
L 6.2518488 5.0421634 6.2818488 5.0421634 2 P 0
L 6.2568488 4.8271634 6.2568488 4.8571634 2 P 0
L 6.2668488 5.0271634 6.2668488 5.0571634 2 P 0
L 6.2803527 3.2471634 6.2803527 3.2971634 3 P 0
L 6.2803527 3.2471634 6.3603527 3.2471634 3 P 0
L 6.2803527 3.2971634 6.3603527 3.2971634 3 P 0
L 6.2873527 2.3091634 6.2873527 2.3591634 3 P 0
L 6.2873527 2.3091634 6.3673527 2.3091634 3 P 0
L 6.2873527 2.3591634 6.3673527 2.3591634 3 P 0
L 6.2903527 3.5771634 6.2903527 3.6271634 3 P 0
L 6.2903527 3.5771634 6.3703527 3.5771634 3 P 0
L 6.2903527 3.6271634 6.3703527 3.6271634 3 P 0
L 6.2963527 3.2471634 6.2963527 3.2971634 0 P 0
L 6.3003527 2.6271634 6.3003527 2.6771634 3 P 0
L 6.3003527 2.6271634 6.3803527 2.6271634 3 P 0
L 6.3003527 2.6771634 6.3803527 2.6771634 3 P 0
L 6.3033527 2.3091634 6.3033527 2.3591634 0 P 0
L 6.3063527 3.5771634 6.3063527 3.6271634 0 P 0
L 6.3163527 2.6271634 6.3163527 2.6771634 0 P 0
L 6.3228488 4.7031634 6.3228488 4.7311634 1 P 0
L 6.3228488 4.7031634 6.3268488 4.7031634 1 P 0
L 6.3228488 4.7311634 6.3268488 4.7311634 1 P 0
L 6.3228488 4.7631634 6.3228488 4.7911634 1 P 0
L 6.3228488 4.7631634 6.3268488 4.7631634 1 P 0
L 6.3228488 4.7911634 6.3268488 4.7911634 1 P 0
L 6.3268488 4.6841634 6.3268488 4.8101634 1 P 0
L 6.3268488 4.6841634 6.3318488 4.6881634 0 P 0
L 6.3268488 4.6841634 6.5468488 4.6841634 1 P 0
L 6.3268488 4.8101634 6.3318488 4.8061634 0 P 0
L 6.3268488 4.8101634 6.5468488 4.8101634 1 P 0
L 6.3318488 4.6881634 6.3318488 4.8061634 0 P 0
L 6.3318488 4.6881634 6.5418488 4.6881634 0 P 0
L 6.3318488 4.8061634 6.5418488 4.8061634 0 P 0
L 6.3328488 4.9031634 6.3328488 4.9311634 1 P 0
L 6.3328488 4.9031634 6.3368488 4.9031634 1 P 0
L 6.3328488 4.9311634 6.3368488 4.9311634 1 P 0
L 6.3328488 4.9631634 6.3328488 4.9911634 1 P 0
L 6.3328488 4.9631634 6.3368488 4.9631634 1 P 0
L 6.3328488 4.9911634 6.3368488 4.9911634 1 P 0
L 6.3368488 4.8841634 6.3368488 5.0101634 1 P 0
L 6.3368488 4.8841634 6.3418488 4.8881634 0 P 0
L 6.3368488 4.8841634 6.5568488 4.8841634 1 P 0
L 6.3368488 5.0101634 6.3418488 5.0061634 0 P 0
L 6.3368488 5.0101634 6.5568488 5.0101634 1 P 0
L 6.3418488 4.8881634 6.3418488 5.0061634 0 P 0
L 6.3418488 4.8881634 6.5518488 4.8881634 0 P 0
L 6.3418488 5.0061634 6.5518488 5.0061634 0 P 0
L 6.3443527 3.2471634 6.3443527 3.2971634 0 P 0
L 6.3513527 2.3091634 6.3513527 2.3591634 0 P 0
L 6.3528488 4.1271634 6.3828488 4.1271634 2 P 0
L 6.3528488 4.2571634 6.3828488 4.2571634 2 P 0
L 6.3528488 4.3871634 6.3828488 4.3871634 2 P 0
L 6.3528488 4.5171634 6.3828488 4.5171634 2 P 0
L 6.3528488 4.6471634 6.3828488 4.6471634 2 P 0
L 6.3543527 3.5771634 6.3543527 3.6271634 0 P 0
L 6.3603527 3.2471634 6.3603527 3.2971634 3 P 0
L 6.3643527 2.6271634 6.3643527 2.6771634 0 P 0
L 6.3668488 4.6881634 6.3668488 4.8061634 0 P 0
L 6.3673527 2.3091634 6.3673527 2.3591634 3 P 0
L 6.3678488 4.1121634 6.3678488 4.1421634 2 P 0
L 6.3678488 4.2421634 6.3678488 4.2721634 2 P 0
L 6.3678488 4.3721634 6.3678488 4.4021634 2 P 0
L 6.3678488 4.5021634 6.3678488 4.5321634 2 P 0
L 6.3678488 4.6321634 6.3678488 4.6621634 2 P 0
L 6.3703527 3.5771634 6.3703527 3.6271634 3 P 0
L 6.3768488 4.8881634 6.3768488 5.0061634 0 P 0
L 6.3803527 2.6271634 6.3803527 2.6771634 3 P 0
L 6.4208488 4.0561634 6.4208488 4.0981634 1 P 0
L 6.4208488 4.0561634 6.4258488 4.0561634 1 P 0
L 6.4208488 4.0981634 6.4258488 4.0981634 1 P 0
L 6.4208488 4.1861634 6.4208488 4.2281634 1 P 0
L 6.4208488 4.1861634 6.4258488 4.1861634 1 P 0
L 6.4208488 4.2281634 6.4258488 4.2281634 1 P 0
L 6.4208488 4.3161634 6.4208488 4.3581634 1 P 0
L 6.4208488 4.3161634 6.4258488 4.3161634 1 P 0
L 6.4208488 4.3581634 6.4258488 4.3581634 1 P 0
L 6.4208488 4.4461634 6.4208488 4.4881634 1 P 0
L 6.4208488 4.4461634 6.4258488 4.4461634 1 P 0
L 6.4208488 4.4881634 6.4258488 4.4881634 1 P 0
L 6.4208488 4.5761634 6.4208488 4.6181634 1 P 0
L 6.4208488 4.5761634 6.4258488 4.5761634 1 P 0
L 6.4208488 4.6181634 6.4258488 4.6181634 1 P 0
L 6.4258488 4.0431634 6.4258488 4.1111634 3 P 0
L 6.4258488 4.0431634 6.5478488 4.0431634 3 P 0
L 6.4258488 4.1111634 6.5478488 4.1111634 3 P 0
L 6.4258488 4.1731634 6.4258488 4.2411634 3 P 0
L 6.4258488 4.1731634 6.5478488 4.1731634 3 P 0
L 6.4258488 4.2411634 6.5478488 4.2411634 3 P 0
L 6.4258488 4.3031634 6.4258488 4.3711634 3 P 0
L 6.4258488 4.3031634 6.5478488 4.3031634 3 P 0
L 6.4258488 4.3711634 6.5478488 4.3711634 3 P 0
L 6.4258488 4.4331634 6.4258488 4.5011634 3 P 0
L 6.4258488 4.4331634 6.5478488 4.4331634 3 P 0
L 6.4258488 4.5011634 6.5478488 4.5011634 3 P 0
L 6.4258488 4.5631634 6.4258488 4.6311634 3 P 0
L 6.4258488 4.5631634 6.5478488 4.5631634 3 P 0
L 6.4258488 4.6311634 6.5478488 4.6311634 3 P 0
L 6.4508488 4.0431634 6.4508488 4.1111634 1 P 0
L 6.4508488 4.1731634 6.4508488 4.2411634 1 P 0
L 6.4508488 4.3031634 6.4508488 4.3711634 1 P 0
L 6.4508488 4.4331634 6.4508488 4.5011634 1 P 0
L 6.4508488 4.5631634 6.4508488 4.6311634 1 P 0
L 6.5418488 4.6881634 6.5418488 4.8061634 0 P 0
L 6.5418488 4.6881634 6.5468488 4.6841634 0 P 0
L 6.5418488 4.8061634 6.5468488 4.8101634 0 P 0
L 6.5468488 4.6841634 6.5468488 4.8101634 1 P 0
L 6.5468488 4.7031634 6.5508488 4.7031634 1 P 0
L 6.5468488 4.7911634 6.5508488 4.7911634 1 P 0
L 6.5478488 4.0431634 6.5478488 4.1111634 3 P 0
L 6.5478488 4.0561634 6.5528488 4.0561634 1 P 0
L 6.5478488 4.0981634 6.5528488 4.0981634 1 P 0
L 6.5478488 4.1731634 6.5478488 4.2411634 3 P 0
L 6.5478488 4.1861634 6.5528488 4.1861634 1 P 0
L 6.5478488 4.2281634 6.5528488 4.2281634 1 P 0
L 6.5478488 4.3031634 6.5478488 4.3711634 3 P 0
L 6.5478488 4.3161634 6.5528488 4.3161634 1 P 0
L 6.5478488 4.3581634 6.5528488 4.3581634 1 P 0
L 6.5478488 4.4331634 6.5478488 4.5011634 3 P 0
L 6.5478488 4.4461634 6.5528488 4.4461634 1 P 0
L 6.5478488 4.4881634 6.5528488 4.4881634 1 P 0
L 6.5478488 4.5631634 6.5478488 4.6311634 3 P 0
L 6.5478488 4.5761634 6.5528488 4.5761634 1 P 0
L 6.5478488 4.6181634 6.5528488 4.6181634 1 P 0
L 6.5508488 4.7031634 6.5508488 4.7911634 1 P 0
L 6.5518488 4.8881634 6.5518488 5.0061634 0 P 0
L 6.5518488 4.8881634 6.5568488 4.8841634 0 P 0
L 6.5518488 5.0061634 6.5568488 5.0101634 0 P 0
L 6.5528488 4.0561634 6.5528488 4.0981634 1 P 0
L 6.5528488 4.1861634 6.5528488 4.2281634 1 P 0
L 6.5528488 4.3161634 6.5528488 4.3581634 1 P 0
L 6.5528488 4.4461634 6.5528488 4.4881634 1 P 0
L 6.5528488 4.5761634 6.5528488 4.6181634 1 P 0
L 6.5568488 4.8841634 6.5568488 5.0101634 1 P 0
L 6.5568488 4.9031634 6.5608488 4.9031634 1 P 0
L 6.5568488 4.9911634 6.5608488 4.9911634 1 P 0
L 6.5608488 4.9031634 6.5608488 4.9911634 1 P 0
L 7.0003527 2.2671634 7.0003527 2.3171634 3 P 0
L 7.0003527 2.2671634 7.0803527 2.2671634 3 P 0
L 7.0003527 2.3171634 7.0803527 2.3171634 3 P 0
L 7.0003527 3.2171634 7.0003527 3.2671634 3 P 0
L 7.0003527 3.2171634 7.0803527 3.2171634 3 P 0
L 7.0003527 3.2671634 7.0803527 3.2671634 3 P 0
L 7.0163527 2.2671634 7.0163527 2.3171634 0 P 0
L 7.0163527 3.2171634 7.0163527 3.2671634 0 P 0
L 7.0643527 2.2671634 7.0643527 2.3171634 0 P 0
L 7.0643527 3.2171634 7.0643527 3.2671634 0 P 0
L 7.0803527 2.2671634 7.0803527 2.3171634 3 P 0
L 7.0803527 3.2171634 7.0803527 3.2671634 3 P 0
L 7.2333527 2.2541634 7.2333527 2.3041634 3 P 0
L 7.2333527 2.2541634 7.3133527 2.2541634 3 P 0
L 7.2333527 2.3041634 7.3133527 2.3041634 3 P 0
L 7.2373527 3.1731634 7.2373527 3.2231634 3 P 0
L 7.2373527 3.1731634 7.3173527 3.1731634 3 P 0
L 7.2373527 3.2231634 7.3173527 3.2231634 3 P 0
L 7.2493527 2.2541634 7.2493527 2.3041634 0 P 0
L 7.2533527 3.1731634 7.2533527 3.2231634 0 P 0
L 7.2973527 2.2541634 7.2973527 2.3041634 0 P 0
L 7.3013527 3.1731634 7.3013527 3.2231634 0 P 0
L 7.3133527 2.2541634 7.3133527 2.3041634 3 P 0
L 7.3173527 3.1731634 7.3173527 3.2231634 3 P 0
L 7.5008488 3.3971634 7.5008488 3.4471634 3 P 0
L 7.5008488 3.3971634 7.5808488 3.3971634 3 P 0
L 7.5008488 3.4471634 7.5808488 3.4471634 3 P 0
L 7.5008488 3.4771634 7.5008488 3.5271634 3 P 0
L 7.5008488 3.4771634 7.5808488 3.4771634 3 P 0
L 7.5008488 3.5271634 7.5808488 3.5271634 3 P 0
L 7.5008488 3.5571634 7.5008488 3.6071634 3 P 0
L 7.5008488 3.5571634 7.5808488 3.5571634 3 P 0
L 7.5008488 3.6071634 7.5808488 3.6071634 3 P 0
L 7.5168488 3.3971634 7.5168488 3.4471634 0 P 0
L 7.5168488 3.4771634 7.5168488 3.5271634 0 P 0
L 7.5168488 3.5571634 7.5168488 3.6071634 0 P 0
L 7.5288488 2.5091634 7.5288488 2.5591634 3 P 0
L 7.5288488 2.5091634 7.6088488 2.5091634 3 P 0
L 7.5288488 2.5591634 7.6088488 2.5591634 3 P 0
L 7.5288488 2.5791634 7.5288488 2.6291634 3 P 0
L 7.5288488 2.5791634 7.6088488 2.5791634 3 P 0
L 7.5288488 2.6291634 7.6088488 2.6291634 3 P 0
L 7.5288488 2.6491634 7.5288488 2.6991634 3 P 0
L 7.5288488 2.6491634 7.6088488 2.6491634 3 P 0
L 7.5288488 2.6991634 7.6088488 2.6991634 3 P 0
L 7.5448488 2.5091634 7.5448488 2.5591634 0 P 0
L 7.5448488 2.5791634 7.5448488 2.6291634 0 P 0
L 7.5448488 2.6491634 7.5448488 2.6991634 0 P 0
L 7.5648488 3.3971634 7.5648488 3.4471634 0 P 0
L 7.5648488 3.4771634 7.5648488 3.5271634 0 P 0
L 7.5648488 3.5571634 7.5648488 3.6071634 0 P 0
L 7.5808488 3.3971634 7.5808488 3.4471634 3 P 0
L 7.5808488 3.4771634 7.5808488 3.5271634 3 P 0
L 7.5808488 3.5571634 7.5808488 3.6071634 3 P 0
L 7.5928488 2.5091634 7.5928488 2.5591634 0 P 0
L 7.5928488 2.5791634 7.5928488 2.6291634 0 P 0
L 7.5928488 2.6491634 7.5928488 2.6991634 0 P 0
L 7.6088488 2.5091634 7.6088488 2.5591634 3 P 0
L 7.6088488 2.5791634 7.6088488 2.6291634 3 P 0
L 7.6088488 2.6491634 7.6088488 2.6991634 3 P 0
L 7.7508488 3.2241634 7.7508488 3.2741634 3 P 0
L 7.7508488 3.2241634 7.8308488 3.2241634 3 P 0
L 7.7508488 3.2741634 7.8308488 3.2741634 3 P 0
L 7.7608488 3.5441634 7.7608488 3.5941634 3 P 0
L 7.7608488 3.5441634 7.8408488 3.5441634 3 P 0
L 7.7608488 3.5941634 7.8408488 3.5941634 3 P 0
L 7.7608488 3.6271634 7.7608488 3.6771634 3 P 0
L 7.7608488 3.6271634 7.8408488 3.6271634 3 P 0
L 7.7608488 3.6771634 7.8408488 3.6771634 3 P 0
L 7.7608488 3.7071634 7.7608488 3.7571634 3 P 0
L 7.7608488 3.7071634 7.8408488 3.7071634 3 P 0
L 7.7608488 3.7571634 7.8408488 3.7571634 3 P 0
L 7.7608488 3.7871634 7.7608488 3.8371634 3 P 0
L 7.7608488 3.7871634 7.8408488 3.7871634 3 P 0
L 7.7608488 3.8371634 7.8408488 3.8371634 3 P 0
L 7.7668488 2.7321634 7.7668488 2.7821634 3 P 0
L 7.7668488 2.7321634 7.8468488 2.7321634 3 P 0
L 7.7668488 2.7821634 7.8468488 2.7821634 3 P 0
L 7.7668488 2.8021634 7.7668488 2.8521634 3 P 0
L 7.7668488 2.8021634 7.8468488 2.8021634 3 P 0
L 7.7668488 2.8521634 7.8468488 2.8521634 3 P 0
L 7.7668488 2.8721634 7.7668488 2.9221634 3 P 0
L 7.7668488 2.8721634 7.8468488 2.8721634 3 P 0
L 7.7668488 2.9221634 7.8468488 2.9221634 3 P 0
L 7.7668488 3.2241634 7.7668488 3.2741634 0 P 0
L 7.7703449 2.3191634 7.7703449 2.3691634 3 P 0
L 7.7703449 2.3191634 7.8503449 2.3191634 3 P 0
L 7.7703449 2.3691634 7.8503449 2.3691634 3 P 0
L 7.7703449 2.6591634 7.7703449 2.7091634 3 P 0
L 7.7703449 2.6591634 7.8503449 2.6591634 3 P 0
L 7.7703449 2.7091634 7.8503449 2.7091634 3 P 0
L 7.7768488 3.5441634 7.7768488 3.5941634 0 P 0
L 7.7768488 3.6271634 7.7768488 3.6771634 0 P 0
L 7.7768488 3.7071634 7.7768488 3.7571634 0 P 0
L 7.7768488 3.7871634 7.7768488 3.8371634 0 P 0
L 7.7828488 2.7321634 7.7828488 2.7821634 0 P 0
L 7.7828488 2.8021634 7.7828488 2.8521634 0 P 0
L 7.7828488 2.8721634 7.7828488 2.9221634 0 P 0
L 7.7863449 2.3191634 7.7863449 2.3691634 0 P 0
L 7.7863449 2.6591634 7.7863449 2.7091634 0 P 0
L 7.8148488 3.2241634 7.8148488 3.2741634 0 P 0
L 7.8248488 3.5441634 7.8248488 3.5941634 0 P 0
L 7.8248488 3.6271634 7.8248488 3.6771634 0 P 0
L 7.8248488 3.7071634 7.8248488 3.7571634 0 P 0
L 7.8248488 3.7871634 7.8248488 3.8371634 0 P 0
L 7.8308488 2.7321634 7.8308488 2.7821634 0 P 0
L 7.8308488 2.8021634 7.8308488 2.8521634 0 P 0
L 7.8308488 2.8721634 7.8308488 2.9221634 0 P 0
L 7.8308488 3.2241634 7.8308488 3.2741634 3 P 0
L 7.8343449 2.3191634 7.8343449 2.3691634 0 P 0
L 7.8343449 2.6591634 7.8343449 2.7091634 0 P 0
L 7.8408488 3.5441634 7.8408488 3.5941634 3 P 0
L 7.8408488 3.6271634 7.8408488 3.6771634 3 P 0
L 7.8408488 3.7071634 7.8408488 3.7571634 3 P 0
L 7.8408488 3.7871634 7.8408488 3.8371634 3 P 0
L 7.8468488 2.7321634 7.8468488 2.7821634 3 P 0
L 7.8468488 2.8021634 7.8468488 2.8521634 3 P 0
L 7.8468488 2.8721634 7.8468488 2.9221634 3 P 0
L 7.8503449 2.3191634 7.8503449 2.3691634 3 P 0
L 7.8503449 2.6591634 7.8503449 2.7091634 3 P 0
P 6.3493488 4.7471634 4 P 0 0
P 6.3593488 4.9471634 4 P 0 0
P 6.4383416 4.0771634 5 P 0 0
P 6.4383488 4.2071634 5 P 0 0
P 6.4383488 4.3371634 5 P 0 0
P 6.4383488 4.4671634 5 P 0 0
P 6.4383488 4.5971634 5 P 0 0
