#Layer_Color=32768
#
#Feature symbol names
#
$0 r6
$1 r2
$2 r7
$3 r4
$4 rect80x150
$5 rect35x118
$6 rect118x35

#
#Feature attribute names
#

#
#Layer features
#
L 0.496 0.205 0.496 0.285 0 P 0
L 0.496 0.205 0.546 0.205 0 P 0
L 0.496 0.221 0.546 0.221 1 P 0
L 0.496 0.269 0.546 0.269 1 P 0
L 0.496 0.285 0.546 0.285 0 P 0
L 0.542 0.308 0.542 0.368 0 P 0
L 0.542 0.308 0.662 0.308 0 P 0
L 0.542 0.368 0.662 0.368 0 P 0
L 0.546 0.205 0.546 0.285 0 P 0
L 0.562 0.308 0.562 0.368 1 P 0
L 0.642 0.308 0.642 0.368 1 P 0
L 0.662 0.308 0.662 0.368 0 P 0
L 0.7082992 2.305 0.7082992 2.525 3 P 0
L 0.7082992 2.305 0.7122992 2.31 1 P 0
L 0.7082992 2.305 0.8342992 2.305 3 P 0
L 0.7082992 2.525 0.7122992 2.52 1 P 0
L 0.7082992 2.525 0.8342992 2.525 3 P 0
L 0.7122992 2.31 0.7122992 2.52 1 P 0
L 0.7122992 2.31 0.8302992 2.31 1 P 0
L 0.7122992 2.345 0.8302992 2.345 1 P 0
L 0.7122992 2.52 0.8302992 2.52 1 P 0
L 0.7272992 2.301 0.7272992 2.305 3 P 0
L 0.7272992 2.301 0.7552992 2.301 3 P 0
L 0.7272992 2.525 0.7272992 2.529 3 P 0
L 0.7272992 2.529 0.8152992 2.529 3 P 0
L 0.7552992 2.301 0.7552992 2.305 3 P 0
L 0.7872992 2.301 0.7872992 2.305 3 P 0
L 0.7872992 2.301 0.8152992 2.301 3 P 0
L 0.8152992 2.301 0.8152992 2.305 3 P 0
L 0.8152992 2.525 0.8152992 2.529 3 P 0
L 0.8302992 2.31 0.8302992 2.52 1 P 0
L 0.8302992 2.31 0.8342992 2.305 1 P 0
L 0.8302992 2.52 0.8342992 2.525 1 P 0
L 0.8342992 2.305 0.8342992 2.525 3 P 0
L 0.8512992 2.235 0.8812992 2.235 2 P 0
L 0.8662992 2.22 0.8662992 2.25 2 P 0
L 1.34 2.495 1.34 2.545 0 P 0
L 1.34 2.495 1.42 2.495 0 P 0
L 1.34 2.545 1.42 2.545 0 P 0
L 1.3414142 2.401 1.3414142 2.451 0 P 0
L 1.3414142 2.401 1.4214142 2.401 0 P 0
L 1.3414142 2.451 1.4214142 2.451 0 P 0
L 1.356 2.495 1.356 2.545 1 P 0
L 1.3574142 2.401 1.3574142 2.451 1 P 0
L 1.404 2.495 1.404 2.545 1 P 0
L 1.4054142 2.401 1.4054142 2.451 1 P 0
L 1.42 2.495 1.42 2.545 0 P 0
L 1.4214142 2.401 1.4214142 2.451 0 P 0
L 2.524 2.464 2.554 2.464 2 P 0
L 2.531 3.136 2.561 3.136 2 P 0
L 2.539 2.449 2.539 2.479 2 P 0
L 2.546 3.121 2.546 3.151 2 P 0
L 2.571 2.174 2.571 2.394 3 P 0
L 2.571 2.174 2.575 2.179 1 P 0
L 2.571 2.174 2.697 2.174 3 P 0
L 2.571 2.394 2.575 2.389 1 P 0
L 2.571 2.394 2.697 2.394 3 P 0
L 2.575 2.179 2.575 2.389 1 P 0
L 2.575 2.179 2.693 2.179 1 P 0
L 2.575 2.354 2.693 2.354 1 P 0
L 2.575 2.389 2.693 2.389 1 P 0
L 2.578 2.846 2.578 3.066 3 P 0
L 2.578 2.846 2.582 2.851 1 P 0
L 2.578 2.846 2.704 2.846 3 P 0
L 2.578 3.066 2.582 3.061 1 P 0
L 2.578 3.066 2.704 3.066 3 P 0
L 2.582 2.851 2.582 3.061 1 P 0
L 2.582 2.851 2.7 2.851 1 P 0
L 2.582 3.026 2.7 3.026 1 P 0
L 2.582 3.061 2.7 3.061 1 P 0
L 2.59 2.17 2.59 2.174 3 P 0
L 2.59 2.17 2.678 2.17 3 P 0
L 2.59 2.394 2.59 2.398 3 P 0
L 2.59 2.398 2.618 2.398 3 P 0
L 2.597 2.842 2.597 2.846 3 P 0
L 2.597 2.842 2.685 2.842 3 P 0
L 2.597 3.066 2.597 3.07 3 P 0
L 2.597 3.07 2.625 3.07 3 P 0
L 2.618 2.394 2.618 2.398 3 P 0
L 2.625 3.066 2.625 3.07 3 P 0
L 2.65 2.394 2.65 2.398 3 P 0
L 2.65 2.398 2.678 2.398 3 P 0
L 2.657 3.066 2.657 3.07 3 P 0
L 2.657 3.07 2.685 3.07 3 P 0
L 2.678 2.17 2.678 2.174 3 P 0
L 2.678 2.394 2.678 2.398 3 P 0
L 2.685 2.842 2.685 2.846 3 P 0
L 2.685 3.066 2.685 3.07 3 P 0
L 2.693 2.179 2.693 2.389 1 P 0
L 2.693 2.179 2.697 2.174 1 P 0
L 2.693 2.389 2.697 2.394 1 P 0
L 2.697 2.174 2.697 2.394 3 P 0
L 2.7 2.851 2.7 3.061 1 P 0
L 2.7 2.851 2.704 2.846 1 P 0
L 2.7 3.061 2.704 3.066 1 P 0
L 2.704 2.846 2.704 3.066 3 P 0
L 2.807 0.753 2.837 0.753 2 P 0
L 2.822 0.738 2.822 0.768 2 P 0
L 2.854 0.463 2.854 0.683 3 P 0
L 2.854 0.463 2.858 0.468 1 P 0
L 2.854 0.463 2.98 0.463 3 P 0
L 2.854 0.683 2.858 0.678 1 P 0
L 2.854 0.683 2.98 0.683 3 P 0
L 2.858 0.468 2.858 0.678 1 P 0
L 2.858 0.468 2.976 0.468 1 P 0
L 2.858 0.643 2.976 0.643 1 P 0
L 2.858 0.678 2.976 0.678 1 P 0
L 2.873 0.459 2.873 0.463 3 P 0
L 2.873 0.459 2.961 0.459 3 P 0
L 2.873 0.683 2.873 0.687 3 P 0
L 2.873 0.687 2.901 0.687 3 P 0
L 2.901 0.683 2.901 0.687 3 P 0
L 2.933 0.683 2.933 0.687 3 P 0
L 2.933 0.687 2.961 0.687 3 P 0
L 2.961 0.459 2.961 0.463 3 P 0
L 2.961 0.683 2.961 0.687 3 P 0
L 2.976 0.468 2.976 0.678 1 P 0
L 2.976 0.468 2.98 0.463 1 P 0
L 2.976 0.678 2.98 0.683 1 P 0
L 2.98 0.463 2.98 0.683 3 P 0
L 3.119 2.494 3.119 2.574 0 P 0
L 3.119 2.494 3.169 2.494 0 P 0
L 3.119 2.51 3.169 2.51 1 P 0
L 3.119 2.558 3.169 2.558 1 P 0
L 3.119 2.574 3.169 2.574 0 P 0
L 3.169 2.494 3.169 2.574 0 P 0
L 3.173 3.208 3.173 3.288 0 P 0
L 3.173 3.208 3.223 3.208 0 P 0
L 3.173 3.224 3.223 3.224 1 P 0
L 3.173 3.272 3.223 3.272 1 P 0
L 3.173 3.288 3.223 3.288 0 P 0
L 3.2069661 2.493 3.2069661 2.573 0 P 0
L 3.2069661 2.493 3.2569661 2.493 0 P 0
L 3.2069661 2.509 3.2569661 2.509 1 P 0
L 3.2069661 2.557 3.2569661 2.557 1 P 0
L 3.2069661 2.573 3.2569661 2.573 0 P 0
L 3.223 3.208 3.223 3.288 0 P 0
L 3.2569661 2.493 3.2569661 2.573 0 P 0
L 3.417 3.143 3.447 3.143 2 P 0
L 3.432 3.128 3.432 3.158 2 P 0
L 3.464 2.853 3.464 3.073 3 P 0
L 3.464 2.853 3.468 2.858 1 P 0
L 3.464 2.853 3.59 2.853 3 P 0
L 3.464 3.073 3.468 3.068 1 P 0
L 3.464 3.073 3.59 3.073 3 P 0
L 3.468 2.858 3.468 3.068 1 P 0
L 3.468 2.858 3.586 2.858 1 P 0
L 3.468 3.033 3.586 3.033 1 P 0
L 3.468 3.068 3.586 3.068 1 P 0
L 3.483 2.849 3.483 2.853 3 P 0
L 3.483 2.849 3.571 2.849 3 P 0
L 3.483 3.073 3.483 3.077 3 P 0
L 3.483 3.077 3.511 3.077 3 P 0
L 3.504 2.336 3.534 2.336 2 P 0
L 3.511 3.073 3.511 3.077 3 P 0
L 3.519 2.321 3.519 2.351 2 P 0
L 3.543 3.073 3.543 3.077 3 P 0
L 3.543 3.077 3.571 3.077 3 P 0
L 3.551 2.046 3.551 2.266 3 P 0
L 3.551 2.046 3.555 2.051 1 P 0
L 3.551 2.046 3.677 2.046 3 P 0
L 3.551 2.266 3.555 2.261 1 P 0
L 3.551 2.266 3.677 2.266 3 P 0
L 3.555 2.051 3.555 2.261 1 P 0
L 3.555 2.051 3.673 2.051 1 P 0
L 3.555 2.226 3.673 2.226 1 P 0
L 3.555 2.261 3.673 2.261 1 P 0
L 3.57 2.042 3.57 2.046 3 P 0
L 3.57 2.042 3.658 2.042 3 P 0
L 3.57 2.266 3.57 2.27 3 P 0
L 3.57 2.27 3.598 2.27 3 P 0
L 3.571 2.849 3.571 2.853 3 P 0
L 3.571 3.073 3.571 3.077 3 P 0
L 3.586 2.858 3.586 3.068 1 P 0
L 3.586 2.858 3.59 2.853 1 P 0
L 3.586 3.068 3.59 3.073 1 P 0
L 3.59 2.853 3.59 3.073 3 P 0
L 3.598 2.266 3.598 2.27 3 P 0
L 3.63 2.266 3.63 2.27 3 P 0
L 3.63 2.27 3.658 2.27 3 P 0
L 3.658 2.042 3.658 2.046 3 P 0
L 3.658 2.266 3.658 2.27 3 P 0
L 3.673 2.051 3.673 2.261 1 P 0
L 3.673 2.051 3.677 2.046 1 P 0
L 3.673 2.261 3.677 2.266 1 P 0
L 3.677 2.046 3.677 2.266 3 P 0
L 3.729 2.277 3.729 2.357 0 P 0
L 3.729 2.277 3.779 2.277 0 P 0
L 3.729 2.293 3.779 2.293 1 P 0
L 3.729 2.341 3.7789999 2.3410001 1 P 0
L 3.729 2.357 3.7789999 2.3569999 0 P 0
L 3.73 2.455 3.73 2.535 0 P 0
L 3.73 2.455 3.78 2.455 0 P 0
L 3.73 2.471 3.78 2.471 1 P 0
L 3.73 2.519 3.78 2.519 1 P 0
L 3.73 2.535 3.78 2.535 0 P 0
L 3.7789999 2.3569999 3.779 2.277 0 P 0
L 3.78 2.455 3.78 2.535 0 P 0
L 5.129 2.451 5.159 2.451 2 P 0
L 5.144 2.436 5.144 2.466 2 P 0
L 5.193 3.527 5.193 3.615 3 P 0
L 5.193 3.527 5.197 3.527 3 P 0
L 5.193 3.615 5.197 3.615 3 P 0
L 5.197 3.508 5.197 3.634 3 P 0
L 5.197 3.508 5.202 3.512 1 P 0
L 5.197 3.508 5.417 3.508 3 P 0
L 5.197 3.634 5.202 3.63 1 P 0
L 5.197 3.634 5.417 3.634 3 P 0
L 5.202 3.512 5.202 3.63 1 P 0
L 5.202 3.512 5.412 3.512 1 P 0
L 5.202 3.63 5.412 3.63 1 P 0
L 5.21 2.502 5.21 2.53 3 P 0
L 5.21 2.502 5.214 2.502 3 P 0
L 5.21 2.53 5.214 2.53 3 P 0
L 5.21 2.562 5.21 2.59 3 P 0
L 5.21 2.562 5.214 2.562 3 P 0
L 5.21 2.59 5.214 2.59 3 P 0
L 5.214 2.483 5.214 2.609 3 P 0
L 5.214 2.483 5.219 2.487 1 P 0
L 5.214 2.483 5.434 2.483 3 P 0
L 5.214 2.609 5.219 2.605 1 P 0
L 5.214 2.609 5.434 2.609 3 P 0
L 5.219 2.487 5.219 2.605 1 P 0
L 5.219 2.487 5.429 2.487 1 P 0
L 5.219 2.605 5.429 2.605 1 P 0
L 5.254 2.487 5.254 2.605 1 P 0
L 5.377 3.512 5.377 3.63 1 P 0
L 5.412 3.512 5.412 3.63 1 P 0
L 5.412 3.512 5.417 3.508 1 P 0
L 5.412 3.63 5.417 3.634 1 P 0
L 5.417 3.508 5.417 3.634 3 P 0
L 5.417 3.527 5.421 3.527 3 P 0
L 5.417 3.555 5.421 3.555 3 P 0
L 5.417 3.587 5.421 3.587 3 P 0
L 5.417 3.615 5.421 3.615 3 P 0
L 5.421 3.527 5.421 3.555 3 P 0
L 5.421 3.587 5.421 3.615 3 P 0
L 5.429 2.487 5.429 2.605 1 P 0
L 5.429 2.487 5.434 2.483 1 P 0
L 5.429 2.605 5.434 2.609 1 P 0
L 5.434 2.483 5.434 2.609 3 P 0
L 5.434 2.502 5.438 2.502 3 P 0
L 5.434 2.59 5.438 2.59 3 P 0
L 5.438 2.502 5.438 2.59 3 P 0
L 5.472 3.666 5.502 3.666 2 P 0
L 5.487 3.651 5.487 3.681 2 P 0
L 5.545 2.936 5.545 3.016 0 P 0
L 5.545 2.936 5.595 2.936 0 P 0
L 5.545 2.952 5.595 2.952 1 P 0
L 5.545 3 5.595 3 1 P 0
L 5.545 3.016 5.595 3.016 0 P 0
L 5.551 1.51 5.551 1.59 0 P 0
L 5.551 1.51 5.601 1.51 0 P 0
L 5.551 1.526 5.601 1.526 1 P 0
L 5.551 1.574 5.601 1.574 1 P 0
L 5.551 1.59 5.601 1.59 0 P 0
L 5.595 2.936 5.595 3.016 0 P 0
L 5.601 1.51 5.601 1.59 0 P 0
L 5.61 1.767 5.61 1.847 0 P 0
L 5.61 1.767 5.66 1.767 0 P 0
L 5.61 1.783 5.66 1.783 1 P 0
L 5.61 1.831 5.66 1.831 1 P 0
L 5.61 1.847 5.66 1.847 0 P 0
L 5.6426929 2.1 5.6426929 2.15 0 P 0
L 5.6426929 2.1 5.7226929 2.1 0 P 0
L 5.6426929 2.15 5.7226929 2.15 0 P 0
L 5.6586929 2.1 5.6586929 2.15 1 P 0
L 5.66 1.266 5.66 1.346 0 P 0
L 5.66 1.266 5.71 1.266 0 P 0
L 5.66 1.282 5.71 1.282 1 P 0
L 5.66 1.33 5.71 1.33 1 P 0
L 5.66 1.346 5.71 1.346 0 P 0
L 5.66 1.767 5.66 1.847 0 P 0
L 5.676 1.767 5.676 1.847 0 P 0
L 5.676 1.767 5.726 1.767 0 P 0
L 5.676 1.783 5.726 1.783 1 P 0
L 5.676 1.831 5.726 1.831 1 P 0
L 5.676 1.847 5.726 1.847 0 P 0
L 5.7066929 2.1 5.7066929 2.15 1 P 0
L 5.71 1.266 5.71 1.346 0 P 0
L 5.7226929 2.1 5.7226929 2.15 0 P 0
L 5.726 1.767 5.726 1.847 0 P 0
L 5.727 1.266 5.727 1.346 0 P 0
L 5.727 1.266 5.777 1.266 0 P 0
L 5.727 1.282 5.777 1.282 1 P 0
L 5.727 1.33 5.777 1.33 1 P 0
L 5.727 1.346 5.777 1.346 0 P 0
L 5.743 1.766 5.743 1.846 0 P 0
L 5.743 1.766 5.793 1.766 0 P 0
L 5.743 1.782 5.793 1.782 1 P 0
L 5.743 1.83 5.793 1.83 1 P 0
L 5.743 1.846 5.793 1.846 0 P 0
L 5.777 1.266 5.777 1.346 0 P 0
L 5.793 1.766 5.793 1.846 0 P 0
L 5.866 2.451 5.896 2.451 2 P 0
L 5.881 2.436 5.881 2.466 2 P 0
L 5.947 2.502 5.947 2.53 3 P 0
L 5.947 2.502 5.951 2.502 3 P 0
L 5.947 2.53 5.951 2.53 3 P 0
L 5.947 2.562 5.947 2.59 3 P 0
L 5.947 2.562 5.951 2.562 3 P 0
L 5.947 2.59 5.951 2.59 3 P 0
L 5.951 2.483 5.951 2.609 3 P 0
L 5.951 2.483 5.956 2.487 1 P 0
L 5.951 2.483 6.171 2.483 3 P 0
L 5.951 2.609 5.956 2.605 1 P 0
L 5.951 2.609 6.171 2.609 3 P 0
L 5.956 2.487 5.956 2.605 1 P 0
L 5.956 2.487 6.166 2.487 1 P 0
L 5.956 2.605 6.166 2.605 1 P 0
L 5.975 3.544 5.975 3.632 3 P 0
L 5.975 3.544 5.979 3.544 3 P 0
L 5.975 3.632 5.979 3.632 3 P 0
L 5.979 3.525 5.979 3.651 3 P 0
L 5.979 3.525 5.984 3.529 1 P 0
L 5.979 3.525 6.199 3.525 3 P 0
L 5.979 3.651 5.984 3.647 1 P 0
L 5.979 3.651 6.199 3.651 3 P 0
L 5.984 3.529 5.984 3.647 1 P 0
L 5.984 3.529 6.194 3.529 1 P 0
L 5.984 3.647 6.194 3.647 1 P 0
L 5.991 2.487 5.991 2.605 1 P 0
L 6.159 3.529 6.159 3.647 1 P 0
L 6.166 2.487 6.166 2.605 1 P 0
L 6.166 2.487 6.171 2.483 1 P 0
L 6.166 2.605 6.171 2.609 1 P 0
L 6.171 2.483 6.171 2.609 3 P 0
L 6.171 2.502 6.175 2.502 3 P 0
L 6.171 2.59 6.175 2.59 3 P 0
L 6.175 2.502 6.175 2.59 3 P 0
L 6.194 3.529 6.194 3.647 1 P 0
L 6.194 3.529 6.199 3.525 1 P 0
L 6.194 3.647 6.199 3.651 1 P 0
L 6.199 3.525 6.199 3.651 3 P 0
L 6.199 3.544 6.203 3.544 3 P 0
L 6.199 3.572 6.203 3.572 3 P 0
L 6.199 3.604 6.203 3.604 3 P 0
L 6.199 3.632 6.203 3.632 3 P 0
L 6.203 3.544 6.203 3.572 3 P 0
L 6.203 3.604 6.203 3.632 3 P 0
L 6.254 3.683 6.284 3.683 2 P 0
L 6.269 3.668 6.269 3.698 2 P 0
L 6.316 2.943 6.316 3.023 0 P 0
L 6.316 2.943 6.366 2.943 0 P 0
L 6.316 2.959 6.366 2.959 1 P 0
L 6.316 3.007 6.366 3.007 1 P 0
L 6.316 3.023 6.366 3.023 0 P 0
L 6.366 2.943 6.366 3.023 0 P 0
L 6.4222756 1.457 6.4222756 1.553 3 P 0
L 6.4222756 1.457 6.4242756 1.457 3 P 0
L 6.4222756 1.553 6.4242756 1.553 3 P 0
L 6.4242756 1.425 6.4242756 1.585 3 P 0
L 6.4242756 1.425 6.4292756 1.43 1 P 0
L 6.4242756 1.425 6.7142756 1.425 3 P 0
L 6.4242756 1.585 6.4292756 1.58 1 P 0
L 6.4242756 1.585 6.7142756 1.585 3 P 0
L 6.4292756 1.43 6.4292756 1.58 1 P 0
L 6.4292756 1.43 6.7092756 1.43 1 P 0
L 6.4292756 1.58 6.7092756 1.58 1 P 0
L 6.651 3.544 6.651 3.632 3 P 0
L 6.651 3.544 6.655 3.544 3 P 0
L 6.651 3.632 6.655 3.632 3 P 0
L 6.655 3.525 6.655 3.651 3 P 0
L 6.655 3.525 6.66 3.529 1 P 0
L 6.655 3.525 6.875 3.525 3 P 0
L 6.655 3.651 6.66 3.647 1 P 0
L 6.655 3.651 6.875 3.651 3 P 0
L 6.66 3.529 6.66 3.647 1 P 0
L 6.66 3.529 6.87 3.529 1 P 0
L 6.66 3.647 6.87 3.647 1 P 0
L 6.6699871 2.519 6.6699871 2.607 3 P 0
L 6.6699871 2.519 6.6739871 2.519 3 P 0
L 6.6699871 2.607 6.6739871 2.607 3 P 0
L 6.6739871 2.5 6.6739871 2.626 3 P 0
L 6.6739871 2.5 6.6789871 2.504 1 P 0
L 6.6739871 2.5 6.8939871 2.5 3 P 0
L 6.6739871 2.626 6.6789871 2.622 1 P 0
L 6.6739871 2.626 6.8939871 2.626 3 P 0
L 6.6789871 2.504 6.6789871 2.622 1 P 0
L 6.6789871 2.504 6.8889871 2.504 1 P 0
L 6.6789871 2.622 6.8889871 2.622 1 P 0
L 6.7092756 1.43 6.7092756 1.58 1 P 0
L 6.7092756 1.43 6.7142756 1.425 1 P 0
L 6.7092756 1.58 6.7142756 1.585 1 P 0
L 6.7142756 1.425 6.7142756 1.585 3 P 0
L 6.7142756 1.457 6.7162756 1.457 3 P 0
L 6.7142756 1.553 6.7162756 1.553 3 P 0
L 6.7162756 1.457 6.7162756 1.553 3 P 0
L 6.7592756 1.505 6.7892756 1.505 2 P 0
L 6.7742756 1.49 6.7742756 1.52 2 P 0
L 6.782 2.821 6.782 2.871 0 P 0
L 6.782 2.821 6.862 2.821 0 P 0
L 6.782 2.871 6.862 2.871 0 P 0
L 6.798 2.821 6.798 2.871 1 P 0
L 6.835 3.529 6.835 3.647 1 P 0
L 6.846 2.821 6.846 2.871 1 P 0
L 6.8539871 2.504 6.8539871 2.622 1 P 0
L 6.862 2.821 6.862 2.871 0 P 0
L 6.87 3.529 6.87 3.647 1 P 0
L 6.87 3.529 6.875 3.525 1 P 0
L 6.87 3.647 6.875 3.651 1 P 0
L 6.875 3.525 6.875 3.651 3 P 0
L 6.875 3.544 6.879 3.544 3 P 0
L 6.875 3.572 6.879 3.572 3 P 0
L 6.875 3.604 6.879 3.604 3 P 0
L 6.875 3.632 6.879 3.632 3 P 0
L 6.879 3.544 6.879 3.572 3 P 0
L 6.879 3.604 6.879 3.632 3 P 0
L 6.8889871 2.504 6.8889871 2.622 1 P 0
L 6.8889871 2.504 6.8939871 2.5 1 P 0
L 6.8889871 2.622 6.8939871 2.626 1 P 0
L 6.8939871 2.5 6.8939871 2.626 3 P 0
L 6.8939871 2.519 6.8979871 2.519 3 P 0
L 6.8939871 2.547 6.8979871 2.547 3 P 0
L 6.8939871 2.579 6.8979871 2.579 3 P 0
L 6.8939871 2.607 6.8979871 2.607 3 P 0
L 6.8979871 2.519 6.8979871 2.547 3 P 0
L 6.8979871 2.579 6.8979871 2.607 3 P 0
L 6.93 3.683 6.96 3.683 2 P 0
L 6.945 3.668 6.945 3.698 2 P 0
L 6.9489871 2.658 6.9789871 2.658 2 P 0
L 6.9639871 2.643 6.9639871 2.673 2 P 0
L 7.0592992 2.121 7.0592992 2.139 1 P 0
L 7.0592992 2.121 7.0812992 2.121 1 P 0
L 7.0592992 2.139 7.0812992 2.139 1 P 0
L 7.0592992 2.301 7.0592992 2.319 1 P 0
L 7.0592992 2.301 7.0812992 2.301 1 P 0
L 7.0592992 2.319 7.0812992 2.319 1 P 0
L 7.0662992 2.121 7.0662992 2.139 1 P 0
L 7.0662992 2.301 7.0662992 2.319 1 P 0
L 7.0722992 2.126 7.0722992 2.134 1 P 0
L 7.0722992 2.306 7.0722992 2.314 1 P 0
L 7.0812992 2.073 7.0812992 2.187 0 P 0
L 7.0812992 2.073 7.1312992 2.073 0 P 0
L 7.0812992 2.187 7.1312992 2.187 0 P 0
L 7.0812992 2.253 7.0812992 2.367 0 P 0
L 7.0812992 2.253 7.1312992 2.253 0 P 0
L 7.0812992 2.367 7.1312992 2.367 0 P 0
L 7.1312992 2.073 7.1312992 2.187 0 P 0
L 7.1312992 2.084 7.1532992 2.084 1 P 0
L 7.1312992 2.102 7.1532992 2.102 1 P 0
L 7.1312992 2.158 7.1532992 2.158 1 P 0
L 7.1312992 2.176 7.1532992 2.176 1 P 0
L 7.1312992 2.253 7.1312992 2.367 0 P 0
L 7.1312992 2.264 7.1532992 2.264 1 P 0
L 7.1312992 2.282 7.1532992 2.282 1 P 0
L 7.1312992 2.338 7.1532992 2.338 1 P 0
L 7.1312992 2.356 7.1532992 2.356 1 P 0
L 7.1402992 2.089 7.1402992 2.097 1 P 0
L 7.1402992 2.163 7.1402992 2.171 1 P 0
L 7.1402992 2.269 7.1402992 2.277 1 P 0
L 7.1402992 2.343 7.1402992 2.351 1 P 0
L 7.1462992 2.084 7.1462992 2.102 1 P 0
L 7.1462992 2.158 7.1462992 2.176 1 P 0
L 7.1462992 2.264 7.1462992 2.282 1 P 0
L 7.1462992 2.338 7.1462992 2.356 1 P 0
L 7.1532992 2.084 7.1532992 2.102 1 P 0
L 7.1532992 2.158 7.1532992 2.176 1 P 0
L 7.1532992 2.264 7.1532992 2.282 1 P 0
L 7.1532992 2.338 7.1532992 2.356 1 P 0
L 7.3412992 0.29 7.3412992 0.37 0 P 0
L 7.3412992 0.29 7.3912992 0.29 0 P 0
L 7.3412992 0.306 7.3912992 0.306 1 P 0
L 7.3412992 0.354 7.3912992 0.354 1 P 0
L 7.3412992 0.37 7.3912992 0.37 0 P 0
L 7.3512992 0.68 7.3512992 0.76 0 P 0
L 7.3512992 0.68 7.4012992 0.68 0 P 0
L 7.3512992 0.696 7.4012992 0.696 1 P 0
L 7.3512992 0.744 7.4012992 0.744 1 P 0
L 7.3512992 0.76 7.4012992 0.76 0 P 0
L 7.3912992 0.29 7.3912992 0.37 0 P 0
L 7.4012992 0.68 7.4012992 0.76 0 P 0
P 0.7712961 2.3275007 6 P 0 0
P 2.6340001 2.3714999 6 P 0 0
P 2.6410001 3.0435279 6 P 0 0
P 2.9170001 0.6604969 6 P 0 0
P 3.5270007 3.0505059 6 P 0 0
P 3.6140007 2.2434999 6 P 0 0
P 5.2364999 2.5460077 5 P 0 0
P 5.3945425 3.5710001 5 P 0 0
P 5.9734977 2.5460007 5 P 0 0
P 6.1764989 3.5879995 5 P 0 0
P 6.6692767 1.5049999 4 P 0 0
P 6.8525431 3.5879963 5 P 0 0
P 6.8714869 2.5630019 5 P 0 0
