#Layer_Color=32768
#
#Feature symbol names
#
$0 r6
$1 r2
$2 r4
$3 r7
$4 rect68x25

#
#Feature attribute names
#

#
#Layer features
#
L 14.0012358 11.0169605 14.0012358 11.0969605 0 P 0
L 14.0012358 11.0169605 14.0512358 11.0169605 0 P 0
L 14.0012358 11.0329605 14.0512358 11.0329605 1 P 0
L 14.0012358 11.0809605 14.0512358 11.0809605 1 P 0
L 14.0012358 11.0969605 14.0512358 11.0969605 0 P 0
L 14.0051728 10.4264093 14.0051728 10.5064093 0 P 0
L 14.0051728 10.4264093 14.0551728 10.4264093 0 P 0
L 14.0051728 10.4424093 14.0551728 10.4424093 1 P 0
L 14.0051728 10.4904093 14.0551728 10.4904093 1 P 0
L 14.0051728 10.5064093 14.0551728 10.5064093 0 P 0
L 14.0512358 11.0169605 14.0512358 11.0969605 0 P 0
L 14.0551728 10.4264093 14.0551728 10.5064093 0 P 0
L 14.0893146 10.2453463 14.0893146 10.2953463 0 P 0
L 14.0893146 10.2453463 14.2033146 10.2453463 0 P 0
L 14.0893146 10.2953463 14.2033146 10.2953463 0 P 0
L 14.0893146 10.8358975 14.0893146 10.8858975 0 P 0
L 14.0893146 10.8358975 14.2033146 10.8358975 0 P 0
L 14.0893146 10.8858975 14.2033146 10.8858975 0 P 0
L 14.0893146 11.4264487 14.0893146 11.4764487 0 P 0
L 14.0893146 11.4264487 14.2033146 11.4264487 0 P 0
L 14.0893146 11.4764487 14.2033146 11.4764487 0 P 0
L 14.1003146 10.2233463 14.1003146 10.2453463 1 P 0
L 14.1003146 10.2233463 14.1183146 10.2233463 1 P 0
L 14.1003146 10.2303463 14.1183146 10.2303463 1 P 0
L 14.1003146 10.8138975 14.1003146 10.8358975 1 P 0
L 14.1003146 10.8138975 14.1183146 10.8138975 1 P 0
L 14.1003146 10.8208975 14.1183146 10.8208975 1 P 0
L 14.1003146 11.4044487 14.1003146 11.4264487 1 P 0
L 14.1003146 11.4044487 14.1183146 11.4044487 1 P 0
L 14.1003146 11.4114487 14.1183146 11.4114487 1 P 0
L 14.1053146 10.2363463 14.1133146 10.2363463 1 P 0
L 14.1053146 10.8268975 14.1133146 10.8268975 1 P 0
L 14.1053146 11.4174487 14.1133146 11.4174487 1 P 0
L 14.1183146 10.2233463 14.1183146 10.2453463 1 P 0
L 14.1183146 10.8138975 14.1183146 10.8358975 1 P 0
L 14.1183146 11.4044487 14.1183146 11.4264487 1 P 0
L 14.1373146 10.2953463 14.1373146 10.3173463 1 P 0
L 14.1373146 10.3103463 14.1553146 10.3103463 1 P 0
L 14.1373146 10.3173463 14.1553146 10.3173463 1 P 0
L 14.1373146 10.8858975 14.1373146 10.9078975 1 P 0
L 14.1373146 10.9008975 14.1553146 10.9008975 1 P 0
L 14.1373146 10.9078975 14.1553146 10.9078975 1 P 0
L 14.1373146 11.4764487 14.1373146 11.4984487 1 P 0
L 14.1373146 11.4914487 14.1553146 11.4914487 1 P 0
L 14.1373146 11.4984487 14.1553146 11.4984487 1 P 0
L 14.1423146 10.3043463 14.1503146 10.3043463 1 P 0
L 14.1423146 10.8948975 14.1503146 10.8948975 1 P 0
L 14.1423146 11.4854487 14.1503146 11.4854487 1 P 0
L 14.1437161 10.0083385 14.1437161 10.0583385 0 P 0
L 14.1437161 10.0083385 14.2237161 10.0083385 0 P 0
L 14.1437161 10.0583385 14.2237161 10.0583385 0 P 0
L 14.1553146 10.2953463 14.1553146 10.3173463 1 P 0
L 14.1553146 10.8858975 14.1553146 10.9078975 1 P 0
L 14.1553146 11.4764487 14.1553146 11.4984487 1 P 0
L 14.1597161 10.0083385 14.1597161 10.0583385 1 P 0
L 14.1743146 10.2233463 14.1743146 10.2453463 1 P 0
L 14.1743146 10.2233463 14.1923146 10.2233463 1 P 0
L 14.1743146 10.2303463 14.1923146 10.2303463 1 P 0
L 14.1743146 10.8138975 14.1743146 10.8358975 1 P 0
L 14.1743146 10.8138975 14.1923146 10.8138975 1 P 0
L 14.1743146 10.8208975 14.1923146 10.8208975 1 P 0
L 14.1743146 11.4044487 14.1743146 11.4264487 1 P 0
L 14.1743146 11.4044487 14.1923146 11.4044487 1 P 0
L 14.1743146 11.4114487 14.1923146 11.4114487 1 P 0
L 14.1793146 10.2363463 14.1873146 10.2363463 1 P 0
L 14.1793146 10.8268975 14.1873146 10.8268975 1 P 0
L 14.1793146 11.4174487 14.1873146 11.4174487 1 P 0
L 14.1923146 10.2233463 14.1923146 10.2453463 1 P 0
L 14.1923146 10.8138975 14.1923146 10.8358975 1 P 0
L 14.1923146 11.4044487 14.1923146 11.4264487 1 P 0
L 14.2033146 10.2453463 14.2033146 10.2953463 0 P 0
L 14.2033146 10.8358975 14.2033146 10.8858975 0 P 0
L 14.2033146 11.4264487 14.2033146 11.4764487 0 P 0
L 14.2077161 10.0083385 14.2077161 10.0583385 1 P 0
L 14.2237161 10.0083385 14.2237161 10.0583385 0 P 0
L 14.3649052 10.2453463 14.3649052 10.2953463 0 P 0
L 14.3649052 10.2453463 14.4789052 10.2453463 0 P 0
L 14.3649052 10.2953463 14.4789052 10.2953463 0 P 0
L 14.3649052 10.8358975 14.3649052 10.8858975 0 P 0
L 14.3649052 10.8358975 14.4789052 10.8358975 0 P 0
L 14.3649052 10.8858975 14.4789052 10.8858975 0 P 0
L 14.3649052 11.4264487 14.3649052 11.4764487 0 P 0
L 14.3649052 11.4264487 14.4789052 11.4264487 0 P 0
L 14.3649052 11.4764487 14.4789052 11.4764487 0 P 0
L 14.3759052 10.2233463 14.3759052 10.2453463 1 P 0
L 14.3759052 10.2233463 14.3939052 10.2233463 1 P 0
L 14.3759052 10.2303463 14.3939052 10.2303463 1 P 0
L 14.3759052 10.8138975 14.3759052 10.8358975 1 P 0
L 14.3759052 10.8138975 14.3939052 10.8138975 1 P 0
L 14.3759052 10.8208975 14.3939052 10.8208975 1 P 0
L 14.3759052 11.4044487 14.3759052 11.4264487 1 P 0
L 14.3759052 11.4044487 14.3939052 11.4044487 1 P 0
L 14.3759052 11.4114487 14.3939052 11.4114487 1 P 0
L 14.3809052 10.2363463 14.3889052 10.2363463 1 P 0
L 14.3809052 10.8268975 14.3889052 10.8268975 1 P 0
L 14.3809052 11.4174487 14.3889052 11.4174487 1 P 0
L 14.3939052 10.2233463 14.3939052 10.2453463 1 P 0
L 14.3939052 10.8138975 14.3939052 10.8358975 1 P 0
L 14.3939052 11.4044487 14.3939052 11.4264487 1 P 0
L 14.4129052 10.2953463 14.4129052 10.3173463 1 P 0
L 14.4129052 10.3103463 14.4309052 10.3103463 1 P 0
L 14.4129052 10.3173463 14.4309052 10.3173463 1 P 0
L 14.4129052 10.8858975 14.4129052 10.9078975 1 P 0
L 14.4129052 10.9008975 14.4309052 10.9008975 1 P 0
L 14.4129052 10.9078975 14.4309052 10.9078975 1 P 0
L 14.4129052 11.4764487 14.4129052 11.4984487 1 P 0
L 14.4129052 11.4914487 14.4309052 11.4914487 1 P 0
L 14.4129052 11.4984487 14.4309052 11.4984487 1 P 0
L 14.4179052 10.3043463 14.4259052 10.3043463 1 P 0
L 14.4179052 10.8948975 14.4259052 10.8948975 1 P 0
L 14.4179052 11.4854487 14.4259052 11.4854487 1 P 0
L 14.4309052 10.2953463 14.4309052 10.3173463 1 P 0
L 14.4309052 10.8858975 14.4309052 10.9078975 1 P 0
L 14.4309052 11.4764487 14.4309052 11.4984487 1 P 0
L 14.4499052 10.2233463 14.4499052 10.2453463 1 P 0
L 14.4499052 10.2233463 14.4679052 10.2233463 1 P 0
L 14.4499052 10.2303463 14.4679052 10.2303463 1 P 0
L 14.4499052 10.8138975 14.4499052 10.8358975 1 P 0
L 14.4499052 10.8138975 14.4679052 10.8138975 1 P 0
L 14.4499052 10.8208975 14.4679052 10.8208975 1 P 0
L 14.4499052 11.4044487 14.4499052 11.4264487 1 P 0
L 14.4499052 11.4044487 14.4679052 11.4044487 1 P 0
L 14.4499052 11.4114487 14.4679052 11.4114487 1 P 0
L 14.4549052 10.2363463 14.4629052 10.2363463 1 P 0
L 14.4549052 10.8268975 14.4629052 10.8268975 1 P 0
L 14.4549052 11.4174487 14.4629052 11.4174487 1 P 0
L 14.4679052 10.2233463 14.4679052 10.2453463 1 P 0
L 14.4679052 10.8138975 14.4679052 10.8358975 1 P 0
L 14.4679052 11.4044487 14.4679052 11.4264487 1 P 0
L 14.4789052 10.2453463 14.4789052 10.2953463 0 P 0
L 14.4789052 10.8358975 14.4789052 10.8858975 0 P 0
L 14.4789052 11.4264487 14.4789052 11.4764487 0 P 0
L 14.4862358 10.6776298 14.4862358 10.7276298 0 P 0
L 14.4862358 10.6776298 14.5662358 10.6776298 0 P 0
L 14.4862358 10.7276298 14.5662358 10.7276298 0 P 0
L 14.4941098 11.264244 14.4941098 11.314244 0 P 0
L 14.4941098 11.264244 14.5741098 11.264244 0 P 0
L 14.4941098 11.314244 14.5741098 11.314244 0 P 0
L 14.5022358 10.6776298 14.5022358 10.7276298 1 P 0
L 14.5098579 10.0752676 14.5098579 10.1252676 0 P 0
L 14.5098579 10.0752676 14.5898579 10.0752676 0 P 0
L 14.5098579 10.1252676 14.5898579 10.1252676 0 P 0
L 14.5101098 11.264244 14.5101098 11.314244 1 P 0
L 14.5258579 10.0752676 14.5258579 10.1252676 1 P 0
L 14.5502358 10.6776298 14.5502358 10.7276298 1 P 0
L 14.5581098 11.264244 14.5581098 11.314244 1 P 0
L 14.5662358 10.6776298 14.5662358 10.7276298 0 P 0
L 14.5738579 10.0752676 14.5738579 10.1252676 1 P 0
L 14.5741098 11.264244 14.5741098 11.314244 0 P 0
L 14.5898579 10.0752676 14.5898579 10.1252676 0 P 0
L 14.6404957 10.2453463 14.6404957 10.2953463 0 P 0
L 14.6404957 10.2453463 14.7544957 10.2453463 0 P 0
L 14.6404957 10.2953463 14.7544957 10.2953463 0 P 0
L 14.6404957 10.8358975 14.6404957 10.8858975 0 P 0
L 14.6404957 10.8358975 14.7544957 10.8358975 0 P 0
L 14.6404957 10.8858975 14.7544957 10.8858975 0 P 0
L 14.6404957 11.4264487 14.6404957 11.4764487 0 P 0
L 14.6404957 11.4264487 14.7544957 11.4264487 0 P 0
L 14.6404957 11.4764487 14.7544957 11.4764487 0 P 0
L 14.6514957 10.2233463 14.6514957 10.2453463 1 P 0
L 14.6514957 10.2233463 14.6694957 10.2233463 1 P 0
L 14.6514957 10.2303463 14.6694957 10.2303463 1 P 0
L 14.6514957 10.8138975 14.6514957 10.8358975 1 P 0
L 14.6514957 10.8138975 14.6694957 10.8138975 1 P 0
L 14.6514957 10.8208975 14.6694957 10.8208975 1 P 0
L 14.6514957 11.4044487 14.6514957 11.4264487 1 P 0
L 14.6514957 11.4044487 14.6694957 11.4044487 1 P 0
L 14.6514957 11.4114487 14.6694957 11.4114487 1 P 0
L 14.6564957 10.2363463 14.6644957 10.2363463 1 P 0
L 14.6564957 10.8268975 14.6644957 10.8268975 1 P 0
L 14.6564957 11.4174487 14.6644957 11.4174487 1 P 0
L 14.6694957 10.2233463 14.6694957 10.2453463 1 P 0
L 14.6694957 10.8138975 14.6694957 10.8358975 1 P 0
L 14.6694957 11.4044487 14.6694957 11.4264487 1 P 0
L 14.6884957 10.2953463 14.6884957 10.3173463 1 P 0
L 14.6884957 10.3103463 14.7064957 10.3103463 1 P 0
L 14.6884957 10.3173463 14.7064957 10.3173463 1 P 0
L 14.6884957 10.8858975 14.6884957 10.9078975 1 P 0
L 14.6884957 10.9008975 14.7064957 10.9008975 1 P 0
L 14.6884957 10.9078975 14.7064957 10.9078975 1 P 0
L 14.6884957 11.4764487 14.6884957 11.4984487 1 P 0
L 14.6884957 11.4914487 14.7064957 11.4914487 1 P 0
L 14.6884957 11.4984487 14.7064957 11.4984487 1 P 0
L 14.6934957 10.3043463 14.7014957 10.3043463 1 P 0
L 14.6934957 10.8948975 14.7014957 10.8948975 1 P 0
L 14.6934957 11.4854487 14.7014957 11.4854487 1 P 0
L 14.7064957 10.2953463 14.7064957 10.3173463 1 P 0
L 14.7064957 10.8858975 14.7064957 10.9078975 1 P 0
L 14.7064957 11.4764487 14.7064957 11.4984487 1 P 0
L 14.7254957 10.2233463 14.7254957 10.2453463 1 P 0
L 14.7254957 10.2233463 14.7434957 10.2233463 1 P 0
L 14.7254957 10.2303463 14.7434957 10.2303463 1 P 0
L 14.7254957 10.8138975 14.7254957 10.8358975 1 P 0
L 14.7254957 10.8138975 14.7434957 10.8138975 1 P 0
L 14.7254957 10.8208975 14.7434957 10.8208975 1 P 0
L 14.7254957 11.4044487 14.7254957 11.4264487 1 P 0
L 14.7254957 11.4044487 14.7434957 11.4044487 1 P 0
L 14.7254957 11.4114487 14.7434957 11.4114487 1 P 0
L 14.7304957 10.2363463 14.7384957 10.2363463 1 P 0
L 14.7304957 10.8268975 14.7384957 10.8268975 1 P 0
L 14.7304957 11.4174487 14.7384957 11.4174487 1 P 0
L 14.7434957 10.2233463 14.7434957 10.2453463 1 P 0
L 14.7434957 10.8138975 14.7434957 10.8358975 1 P 0
L 14.7434957 11.4044487 14.7434957 11.4264487 1 P 0
L 14.7544957 10.2453463 14.7544957 10.2953463 0 P 0
L 14.7544957 10.8358975 14.7544957 10.8858975 0 P 0
L 14.7544957 11.4264487 14.7544957 11.4764487 0 P 0
L 14.9160863 10.2453463 14.9160863 10.2953463 0 P 0
L 14.9160863 10.2453463 15.0300863 10.2453463 0 P 0
L 14.9160863 10.2953463 15.0300863 10.2953463 0 P 0
L 14.9160863 10.8358975 14.9160863 10.8858975 0 P 0
L 14.9160863 10.8358975 15.0300863 10.8358975 0 P 0
L 14.9160863 10.8858975 15.0300863 10.8858975 0 P 0
L 14.9160863 11.4264487 14.9160863 11.4764487 0 P 0
L 14.9160863 11.4264487 15.0300863 11.4264487 0 P 0
L 14.9160863 11.4764487 15.0300863 11.4764487 0 P 0
L 14.9270863 10.2233463 14.9270863 10.2453463 1 P 0
L 14.9270863 10.2233463 14.9450863 10.2233463 1 P 0
L 14.9270863 10.2303463 14.9450863 10.2303463 1 P 0
L 14.9270863 10.8138975 14.9270863 10.8358975 1 P 0
L 14.9270863 10.8138975 14.9450863 10.8138975 1 P 0
L 14.9270863 10.8208975 14.9450863 10.8208975 1 P 0
L 14.9270863 11.4044487 14.9270863 11.4264487 1 P 0
L 14.9270863 11.4044487 14.9450863 11.4044487 1 P 0
L 14.9270863 11.4114487 14.9450863 11.4114487 1 P 0
L 14.9320863 10.2363463 14.9400863 10.2363463 1 P 0
L 14.9320863 10.8268975 14.9400863 10.8268975 1 P 0
L 14.9320863 11.4174487 14.9400863 11.4174487 1 P 0
L 14.9450863 10.2233463 14.9450863 10.2453463 1 P 0
L 14.9450863 10.8138975 14.9450863 10.8358975 1 P 0
L 14.9450863 11.4044487 14.9450863 11.4264487 1 P 0
L 14.9640863 10.2953463 14.9640863 10.3173463 1 P 0
L 14.9640863 10.3103463 14.9820863 10.3103463 1 P 0
L 14.9640863 10.3173463 14.9820863 10.3173463 1 P 0
L 14.9640863 10.8858975 14.9640863 10.9078975 1 P 0
L 14.9640863 10.9008975 14.9820863 10.9008975 1 P 0
L 14.9640863 10.9078975 14.9820863 10.9078975 1 P 0
L 14.9640863 11.4764487 14.9640863 11.4984487 1 P 0
L 14.9640863 11.4914487 14.9820863 11.4914487 1 P 0
L 14.9640863 11.4984487 14.9820863 11.4984487 1 P 0
L 14.9690863 10.3043463 14.9770863 10.3043463 1 P 0
L 14.9690863 10.8948975 14.9770863 10.8948975 1 P 0
L 14.9690863 11.4854487 14.9770863 11.4854487 1 P 0
L 14.9820863 10.2953463 14.9820863 10.3173463 1 P 0
L 14.9820863 10.8858975 14.9820863 10.9078975 1 P 0
L 14.9820863 11.4764487 14.9820863 11.4984487 1 P 0
L 15.0010863 10.2233463 15.0010863 10.2453463 1 P 0
L 15.0010863 10.2233463 15.0190863 10.2233463 1 P 0
L 15.0010863 10.2303463 15.0190863 10.2303463 1 P 0
L 15.0010863 10.8138975 15.0010863 10.8358975 1 P 0
L 15.0010863 10.8138975 15.0190863 10.8138975 1 P 0
L 15.0010863 10.8208975 15.0190863 10.8208975 1 P 0
L 15.0010863 11.4044487 15.0010863 11.4264487 1 P 0
L 15.0010863 11.4044487 15.0190863 11.4044487 1 P 0
L 15.0010863 11.4114487 15.0190863 11.4114487 1 P 0
L 15.0060863 10.2363463 15.0140863 10.2363463 1 P 0
L 15.0060863 10.8268975 15.0140863 10.8268975 1 P 0
L 15.0060863 11.4174487 15.0140863 11.4174487 1 P 0
L 15.0190863 10.2233463 15.0190863 10.2453463 1 P 0
L 15.0190863 10.8138975 15.0190863 10.8358975 1 P 0
L 15.0190863 11.4044487 15.0190863 11.4264487 1 P 0
L 15.0300863 10.2453463 15.0300863 10.2953463 0 P 0
L 15.0300863 10.8358975 15.0300863 10.8858975 0 P 0
L 15.0300863 11.4264487 15.0300863 11.4764487 0 P 0
L 16.4119996 10.3669841 16.4119996 10.4889841 0 P 0
L 16.4119996 10.3669841 16.4799996 10.3669841 0 P 0
L 16.4119996 10.4639841 16.4799996 10.4639841 2 P 0
L 16.4119996 10.4889841 16.4799996 10.4889841 0 P 0
L 16.4249996 10.3619841 16.4249996 10.3669841 2 P 0
L 16.4249996 10.3619841 16.4669996 10.3619841 2 P 0
L 16.4249996 10.4889841 16.4249996 10.4939841 2 P 0
L 16.4249996 10.4939841 16.4669996 10.4939841 2 P 0
L 16.4669996 10.3619841 16.4669996 10.3669841 2 P 0
L 16.4669996 10.4889841 16.4669996 10.4939841 2 P 0
L 16.4799996 10.3669841 16.4799996 10.4889841 0 P 0
L 16.4809996 10.5469841 16.5109996 10.5469841 3 P 0
L 16.4959996 10.5319841 16.4959996 10.5619841 3 P 0
P 16.4460008 10.476476 4 P 0 0
