#Layer_Color=32768
#
#Feature symbol names
#
$0 r2
$1 r8
$2 r10
$3 r6
$4 r4
$5 r7
$6 rect68x25
$7 rect25x68_360
$8 rect25x68

#
#Feature attribute names
#

#
#Layer features
#
A 19.4591024 14.7234646 19.4891024 14.7534646 19.4591024 14.7534646 2 P 0 N
A 19.4891024 14.0434646 19.4591024 14.0734646 19.4591024 14.0434646 2 P 0 N
A 19.4891024 14.0494646 19.4601024 14.0784646 19.4601024 14.0494646 0 P 0 N
A 19.4891024 14.0544646 19.4601024 14.0834646 19.4601024 14.0544646 0 P 0 N
A 19.4891024 14.0594646 19.4601024 14.0884646 19.4601024 14.0594646 0 P 0 N
A 19.4891024 14.0644646 19.4601024 14.0934646 19.4601024 14.0644646 0 P 0 N
A 19.9341024 13.9084646 19.9341024 13.9084646 19.8641024 13.9084646 2 P 0 N
A 19.9341024 14.8884646 19.9341024 14.8884646 19.8641024 14.8884646 2 P 0 N
A 19.9571024 13.9084646 19.9571024 13.9084646 19.8641024 13.9084646 2 P 0 N
A 19.9571024 14.8884646 19.9571024 14.8884646 19.8641024 14.8884646 2 P 0 N
A 20.1201026 14.4354646 20.1201026 14.4354646 20.1141026 14.4354646 1 P 0 N
A 20.2031026 14.3839646 20.2031026 14.3839646 20.1811026 14.3839646 0 P 0 N
L 19.2491024 14.0884646 19.2491024 14.7084646 2 P 0
L 19.2491024 14.0884646 19.2551024 14.0844646 2 P 0
L 19.2491024 14.0984646 19.2571024 14.0934646 0 P 0
L 19.2491024 14.1034646 19.2581024 14.0984646 0 P 0
L 19.2491024 14.1104646 19.2601024 14.1064646 0 P 0
L 19.2491024 14.1224646 19.2551024 14.1204646 0 P 0
L 19.2491024 14.7084646 19.2551024 14.7124646 2 P 0
L 19.2501024 14.1384646 19.4891024 14.1384646 0 P 0
L 19.2551024 14.0844646 19.2641024 14.0814646 2 P 0
L 19.2551024 14.1204646 19.2631024 14.1194646 0 P 0
L 19.2551024 14.7124646 19.2641024 14.7154646 2 P 0
L 19.2571024 14.0934646 19.2621024 14.0914646 0 P 0
L 19.2581024 14.0984646 19.2631024 14.0964646 0 P 0
L 19.2601024 14.1064646 19.2691024 14.1044646 0 P 0
L 19.2621024 14.0914646 19.2671024 14.0904646 0 P 0
L 19.2631024 14.0964646 19.2721024 14.0944646 0 P 0
L 19.2631024 14.1194646 19.2801024 14.1184646 0 P 0
L 19.2641024 14.0814646 19.2791024 14.0794646 2 P 0
L 19.2641024 14.7154646 19.2791024 14.7174646 2 P 0
L 19.2651024 14.0834646 19.4601024 14.0834646 0 P 0
L 19.2671024 14.0904646 19.2721024 14.0894646 0 P 0
L 19.2691024 14.1044646 19.2801024 14.1034646 0 P 0
L 19.2721024 14.0894646 19.2801024 14.0884646 0 P 0
L 19.2721024 14.0944646 19.2801024 14.0934646 0 P 0
L 19.2791024 14.0794646 19.2991024 14.0784646 2 P 0
L 19.2791024 14.7174646 19.2991024 14.7184646 2 P 0
L 19.2801024 14.0884646 19.4601024 14.0884646 0 P 0
L 19.2801024 14.0934646 19.4601024 14.0934646 0 P 0
L 19.2801024 14.1034646 19.4601024 14.1034646 0 P 0
L 19.2801024 14.1184646 19.4601024 14.1184646 0 P 0
L 19.2991024 14.0784646 19.4591024 14.0734646 2 P 0
L 19.2991024 14.7184646 19.4591024 14.7234646 2 P 0
L 19.3851024 14.0784646 19.4601024 14.0784646 0 P 0
L 19.4601024 14.1034646 19.4671024 14.1024646 0 P 0
L 19.4601024 14.1184646 19.4691024 14.1174646 0 P 0
L 19.4671024 14.1024646 19.4741024 14.0994646 0 P 0
L 19.4691024 14.1174646 19.4761024 14.1154646 0 P 0
L 19.4741024 14.0994646 19.4801024 14.0954646 0 P 0
L 19.4761024 14.1154646 19.4821024 14.1134646 0 P 0
L 19.4801024 14.0954646 19.4891024 14.0874646 0 P 0
L 19.4821024 14.1134646 19.4891024 14.1084646 0 P 0
L 19.4891024 13.7884646 19.4891024 15.0084646 2 P 0
L 19.4891024 13.7884646 19.9891024 13.7884646 2 P 0
L 19.4891024 13.8684646 19.5791024 13.8684646 2 P 0
L 19.4891024 13.9484646 19.5791024 13.9484646 2 P 0
L 19.4891024 14.8484646 19.5791024 14.8484646 2 P 0
L 19.4891024 14.9284646 19.5791024 14.9284646 2 P 0
L 19.4891024 15.0084646 19.9891024 15.0084646 2 P 0
L 19.4991024 13.8484646 19.5491024 13.8484646 3 P 0
L 19.4991024 14.9484646 19.5491024 14.9484646 3 P 0
L 19.5091024 13.7884646 19.5091024 13.8684646 2 P 0
L 19.5091024 13.9484646 19.5091024 14.8484646 2 P 0
L 19.5091024 14.9284646 19.5091024 15.0084646 2 P 0
L 19.5591024 13.8484646 19.5591024 13.8684646 2 P 0
L 19.5591024 13.8484646 19.6041024 13.8484646 2 P 0
L 19.5591024 13.9484646 19.5591024 13.9684646 2 P 0
L 19.5591024 13.9684646 19.6041024 13.9684646 2 P 0
L 19.5591024 14.8284646 19.5591024 14.8484646 2 P 0
L 19.5591024 14.8284646 19.6041024 14.8284646 2 P 0
L 19.5591024 14.9284646 19.5591024 14.9484646 2 P 0
L 19.5591024 14.9484646 19.6041024 14.9484646 2 P 0
L 19.5791024 13.8684646 19.5791024 13.9484646 2 P 0
L 19.5791024 14.8484646 19.5791024 14.9284646 2 P 0
L 19.6041024 13.7884646 19.6041024 13.8484646 2 P 0
L 19.6041024 13.9684646 19.6041024 14.8284646 2 P 0
L 19.6041024 14.0884646 19.6391024 14.0884646 2 P 0
L 19.6041024 14.7084646 19.6391024 14.7084646 2 P 0
L 19.6041024 14.9484646 19.6041024 15.0084646 2 P 0
L 19.6391024 13.7884646 19.6391024 14.0884646 2 P 0
L 19.6391024 13.8084646 19.6791024 13.8084646 2 P 0
L 19.6391024 13.9084646 19.6791024 13.9084646 2 P 0
L 19.6391024 14.0084646 19.6791024 14.0084646 2 P 0
L 19.6391024 14.0784646 19.9491024 14.0784646 2 P 0
L 19.6391024 14.7084646 19.6391024 15.0084646 2 P 0
L 19.6391024 14.7184646 19.9491024 14.7184646 2 P 0
L 19.6391024 14.7884646 19.6791024 14.7884646 2 P 0
L 19.6391024 14.8884646 19.6791024 14.8884646 2 P 0
L 19.6391024 14.9884646 19.6791024 14.9884646 2 P 0
L 19.6441024 14.0984646 19.9391024 14.0984646 3 P 0
L 19.6441024 14.6984646 19.9391024 14.6984646 3 P 0
L 19.6791024 13.8084646 19.6791024 14.0084646 2 P 0
L 19.6791024 13.8584646 19.7841024 13.8584646 2 P 0
L 19.6791024 13.9584646 19.7841024 13.9584646 2 P 0
L 19.6791024 14.7884646 19.6791024 14.9884646 2 P 0
L 19.6791024 14.8384646 19.7841024 14.8384646 2 P 0
L 19.6791024 14.9384646 19.7841024 14.9384646 2 P 0
L 19.7141024 13.8584646 19.7141024 13.9584646 2 P 0
L 19.7141024 14.8384646 19.7141024 14.9384646 2 P 0
L 19.7491024 13.8584646 19.7491024 13.9584646 2 P 0
L 19.7491024 14.8384646 19.7491024 14.9384646 2 P 0
L 19.8091024 13.8684646 19.8091024 13.9484646 4 P 0
L 19.8091024 13.8684646 19.8241024 13.8534646 4 P 0
L 19.8091024 13.9484646 19.8241024 13.9634646 4 P 0
L 19.8091024 14.8484646 19.8091024 14.9284646 4 P 0
L 19.8091024 14.8484646 19.8241024 14.8334646 4 P 0
L 19.8091024 14.9284646 19.8241024 14.9434646 4 P 0
L 19.8241024 13.8534646 19.9041024 13.8534646 4 P 0
L 19.8241024 13.8684646 19.8241024 13.9484646 2 P 0
L 19.8241024 13.8684646 19.9041024 13.8684646 2 P 0
L 19.8241024 13.9484646 19.9041024 13.9484646 2 P 0
L 19.8241024 13.9634646 19.9041024 13.9634646 4 P 0
L 19.8241024 14.8334646 19.9041024 14.8334646 4 P 0
L 19.8241024 14.8484646 19.8241024 14.9284646 2 P 0
L 19.8241024 14.8484646 19.9041024 14.8484646 2 P 0
L 19.8241024 14.9284646 19.9041024 14.9284646 2 P 0
L 19.8241024 14.9434646 19.9041024 14.9434646 4 P 0
L 19.9041024 13.8534646 19.9191024 13.8684646 4 P 0
L 19.9041024 13.8684646 19.9041024 13.9484646 2 P 0
L 19.9041024 13.9634646 19.9191024 13.9484646 4 P 0
L 19.9041024 14.8334646 19.9191024 14.8484646 4 P 0
L 19.9041024 14.8484646 19.9041024 14.9284646 2 P 0
L 19.9041024 14.9434646 19.9191024 14.9284646 4 P 0
L 19.9191024 13.8334646 19.9891024 13.8334646 2 P 0
L 19.9191024 13.8684646 19.9191024 13.9484646 4 P 0
L 19.9191024 13.9834646 19.9891024 13.9834646 2 P 0
L 19.9191024 14.8134646 19.9891024 14.8134646 2 P 0
L 19.9191024 14.8484646 19.9191024 14.9284646 4 P 0
L 19.9191024 14.9634646 19.9891024 14.9634646 2 P 0
L 19.9491024 14.0784646 19.9491024 14.7184646 2 P 0
L 19.9491024 14.0884646 19.9891024 14.0884646 2 P 0
L 19.9491024 14.7084646 19.9891024 14.7084646 2 P 0
L 19.9691024 13.7984646 19.9691024 13.8234646 3 P 0
L 19.9691024 13.9934646 19.9691024 14.0784646 3 P 0
L 19.9691024 14.7184646 19.9691024 14.8034646 3 P 0
L 19.9691024 14.9734646 19.9691024 14.9984646 3 P 0
L 19.9891024 13.7884646 19.9891024 14.0884646 2 P 0
L 19.9891024 14.7084646 19.9891024 15.0084646 2 P 0
L 20.0091024 12.5884646 20.0091024 12.6684646 3 P 0
L 20.0091024 12.5884646 20.0591024 12.5884646 3 P 0
L 20.0091024 12.6044646 20.0591024 12.6044646 0 P 0
L 20.0091024 12.6524646 20.0591024 12.6524646 0 P 0
L 20.0091024 12.6684646 20.0591024 12.6684646 3 P 0
L 20.0091024 13.1884646 20.0091024 13.2684646 3 P 0
L 20.0091024 13.1884646 20.0591024 13.1884646 3 P 0
L 20.0091024 13.2044646 20.0591024 13.2044646 0 P 0
L 20.0091024 13.2524646 20.0591024 13.2524646 0 P 0
L 20.0091024 13.2684646 20.0591024 13.2684646 3 P 0
L 20.0391026 14.2684646 20.0391026 14.3484646 3 P 0
L 20.0391026 14.2684646 20.0891026 14.2684646 3 P 0
L 20.0391026 14.2844646 20.0891026 14.2844646 0 P 0
L 20.0391026 14.3324646 20.0891026 14.3324646 0 P 0
L 20.0391026 14.3484646 20.0891026 14.3484646 3 P 0
L 20.0591024 12.5884646 20.0591024 12.6684646 3 P 0
L 20.0591024 13.1884646 20.0591024 13.2684646 3 P 0
L 20.0771024 14.4934646 20.0771024 14.6134646 3 P 0
L 20.0771024 14.4934646 20.1371024 14.4934646 3 P 0
L 20.0771024 14.5134646 20.1371024 14.5134646 0 P 0
L 20.0771024 14.5934646 20.1371024 14.5934646 0 P 0
L 20.0771024 14.6134646 20.1371024 14.6134646 3 P 0
L 20.0891026 14.2684646 20.0891026 14.3484646 3 P 0
L 20.1041026 14.2234646 20.1041026 14.2354646 4 P 0
L 20.1041026 14.2234646 20.1441026 14.2234646 4 P 0
L 20.1041026 14.2354646 20.1441026 14.2354646 4 P 0
L 20.1041026 14.2484646 20.1041026 14.2604646 4 P 0
L 20.1041026 14.2484646 20.1441026 14.2484646 4 P 0
L 20.1041026 14.2604646 20.1441026 14.2604646 4 P 0
L 20.1041026 14.2754646 20.1041026 14.2874646 4 P 0
L 20.1041026 14.2754646 20.1441026 14.2754646 4 P 0
L 20.1041026 14.2874646 20.1441026 14.2874646 4 P 0
L 20.1041026 14.3004646 20.1041026 14.3124646 4 P 0
L 20.1041026 14.3004646 20.1441026 14.3004646 4 P 0
L 20.1041026 14.3124646 20.1441026 14.3124646 4 P 0
L 20.1041026 14.3254646 20.1041026 14.3374646 4 P 0
L 20.1041026 14.3254646 20.1441026 14.3254646 4 P 0
L 20.1041026 14.3374646 20.1441026 14.3374646 4 P 0
L 20.1041026 14.3504646 20.1041026 14.3624646 4 P 0
L 20.1041026 14.3504646 20.1441026 14.3504646 4 P 0
L 20.1041026 14.3624646 20.1441026 14.3624646 4 P 0
L 20.1041026 14.3774646 20.1041026 14.3894646 4 P 0
L 20.1041026 14.3774646 20.1441026 14.3774646 4 P 0
L 20.1041026 14.3894646 20.1441026 14.3894646 4 P 0
L 20.1041026 14.4024646 20.1041026 14.4144646 4 P 0
L 20.1041026 14.4024646 20.1441026 14.4024646 4 P 0
L 20.1041026 14.4144646 20.1441026 14.4144646 4 P 0
L 20.1091024 11.6984646 20.1091024 11.7784646 3 P 0
L 20.1091024 11.6984646 20.1591024 11.6984646 3 P 0
L 20.1091024 11.7144646 20.1591024 11.7144646 0 P 0
L 20.1091024 11.7624646 20.1591024 11.7624646 0 P 0
L 20.1091024 11.7784646 20.1591024 11.7784646 3 P 0
L 20.1101026 14.4354646 20.1181026 14.4354646 1 P 0
L 20.1141026 14.4314646 20.1141026 14.4394646 1 P 0
L 20.1171026 14.2274646 20.1171026 14.2314646 0 P 0
L 20.1171026 14.2524646 20.1171026 14.2564646 0 P 0
L 20.1171026 14.2794646 20.1171026 14.2834646 0 P 0
L 20.1171026 14.3044646 20.1171026 14.3084646 0 P 0
L 20.1171026 14.3294646 20.1171026 14.3334646 0 P 0
L 20.1171026 14.3544646 20.1171026 14.3584646 0 P 0
L 20.1171026 14.3814646 20.1171026 14.3854646 0 P 0
L 20.1171026 14.4064646 20.1171026 14.4104646 0 P 0
L 20.1191026 14.2684646 20.1191026 14.3484646 3 P 0
L 20.1191026 14.2684646 20.1691026 14.2684646 3 P 0
L 20.1191026 14.2844646 20.1691026 14.2844646 0 P 0
L 20.1191026 14.3324646 20.1691026 14.3324646 0 P 0
L 20.1191026 14.3484646 20.1691026 14.3484646 3 P 0
L 20.1281026 14.2274646 20.1281026 14.2314646 0 P 0
L 20.1281026 14.2524646 20.1281026 14.2564646 0 P 0
L 20.1281026 14.2794646 20.1281026 14.2834646 0 P 0
L 20.1281026 14.3044646 20.1281026 14.3084646 0 P 0
L 20.1281026 14.3294646 20.1281026 14.3334646 0 P 0
L 20.1281026 14.3544646 20.1281026 14.3584646 0 P 0
L 20.1281026 14.3814646 20.1281026 14.3854646 0 P 0
L 20.1281026 14.4064646 20.1281026 14.4104646 0 P 0
L 20.1371024 14.4934646 20.1371024 14.6134646 3 P 0
L 20.1441026 14.2169646 20.1441026 14.4209646 1 P 0
L 20.1441026 14.2169646 20.3141026 14.2169646 1 P 0
L 20.1441026 14.4209646 20.3141026 14.4209646 1 P 0
L 20.1521024 13.8064646 20.1521024 13.8864646 3 P 0
L 20.1521024 13.8064646 20.2021024 13.8064646 3 P 0
L 20.1521024 13.8224646 20.2021024 13.8224646 0 P 0
L 20.1521024 13.8704646 20.2021024 13.8704646 0 P 0
L 20.1521024 13.8864646 20.2021024 13.8864646 3 P 0
L 20.1531024 13.9554646 20.1531024 14.0354646 3 P 0
L 20.1531024 13.9554646 20.2031024 13.9554646 3 P 0
L 20.1531024 13.9714646 20.2031024 13.9714646 0 P 0
L 20.1531024 14.0194646 20.2031024 14.0194646 0 P 0
L 20.1531024 14.0354646 20.2031024 14.0354646 3 P 0
L 20.1591024 11.6984646 20.1591024 11.7784646 3 P 0
L 20.1691026 14.2684646 20.1691026 14.3484646 3 P 0
L 20.1761026 14.8281103 20.1761026 14.8781103 3 P 0
L 20.1761026 14.8281103 20.2561026 14.8281103 3 P 0
L 20.1761026 14.8781103 20.2561026 14.8781103 3 P 0
L 20.1781024 13.9554646 20.1781024 14.0354646 3 P 0
L 20.1781024 13.9554646 20.2281024 13.9554646 3 P 0
L 20.1781024 13.9714646 20.2281024 13.9714646 0 P 0
L 20.1781024 14.0194646 20.2281024 14.0194646 0 P 0
L 20.1781024 14.0354646 20.2281024 14.0354646 3 P 0
L 20.1801024 13.8054646 20.1801024 13.8854646 3 P 0
L 20.1801024 13.8054646 20.2301024 13.8054646 3 P 0
L 20.1801024 13.8214646 20.2301024 13.8214646 0 P 0
L 20.1801024 13.8694646 20.2301024 13.8694646 0 P 0
L 20.1801024 13.8854646 20.2301024 13.8854646 3 P 0
L 20.1921026 14.8281103 20.1921026 14.8781103 0 P 0
L 20.2021024 13.8064646 20.2021024 13.8864646 3 P 0
L 20.2031024 13.9554646 20.2031024 14.0354646 3 P 0
L 20.2281024 13.9554646 20.2281024 14.0354646 3 P 0
L 20.2301024 13.8054646 20.2301024 13.8854646 3 P 0
L 20.2401026 14.8281103 20.2401026 14.8781103 0 P 0
L 20.2561026 14.8281103 20.2561026 14.8781103 3 P 0
L 20.2690633 14.6214174 20.2690633 14.6714174 3 P 0
L 20.2690633 14.6214174 20.3490633 14.6214174 3 P 0
L 20.2690633 14.6714174 20.3490633 14.6714174 3 P 0
L 20.2691026 14.2984646 20.2691026 14.3784646 3 P 0
L 20.2691026 14.2984646 20.3191026 14.2984646 3 P 0
L 20.2691026 14.3144646 20.3191026 14.3144646 0 P 0
L 20.2691026 14.3624646 20.3191026 14.3624646 0 P 0
L 20.2691026 14.3784646 20.3191026 14.3784646 3 P 0
L 20.2850633 14.6214174 20.2850633 14.6714174 0 P 0
L 20.3141026 14.2169646 20.3141026 14.4209646 1 P 0
L 20.3141026 14.2234646 20.3541026 14.2234646 4 P 0
L 20.3141026 14.2354646 20.3541026 14.2354646 4 P 0
L 20.3141026 14.2484646 20.3541026 14.2484646 4 P 0
L 20.3141026 14.2604646 20.3541026 14.2604646 4 P 0
L 20.3141026 14.2754646 20.3541026 14.2754646 4 P 0
L 20.3141026 14.2874646 20.3541026 14.2874646 4 P 0
L 20.3141026 14.3004646 20.3541026 14.3004646 4 P 0
L 20.3141026 14.3124646 20.3541026 14.3124646 4 P 0
L 20.3141026 14.3254646 20.3541026 14.3254646 4 P 0
L 20.3141026 14.3374646 20.3541026 14.3374646 4 P 0
L 20.3141026 14.3504646 20.3541026 14.3504646 4 P 0
L 20.3141026 14.3624646 20.3541026 14.3624646 4 P 0
L 20.3141026 14.3774646 20.3541026 14.3774646 4 P 0
L 20.3141026 14.3894646 20.3541026 14.3894646 4 P 0
L 20.3141026 14.4024646 20.3541026 14.4024646 4 P 0
L 20.3141026 14.4144646 20.3541026 14.4144646 4 P 0
L 20.3191026 14.2984646 20.3191026 14.3784646 3 P 0
L 20.3301026 14.2274646 20.3301026 14.2314646 0 P 0
L 20.3301026 14.2524646 20.3301026 14.2564646 0 P 0
L 20.3301026 14.2794646 20.3301026 14.2834646 0 P 0
L 20.3301026 14.3044646 20.3301026 14.3084646 0 P 0
L 20.3301026 14.3294646 20.3301026 14.3334646 0 P 0
L 20.3301026 14.3544646 20.3301026 14.3584646 0 P 0
L 20.3301026 14.3814646 20.3301026 14.3854646 0 P 0
L 20.3301026 14.4064646 20.3301026 14.4104646 0 P 0
L 20.3330633 14.6214174 20.3330633 14.6714174 0 P 0
L 20.3411026 14.2274646 20.3411026 14.2314646 0 P 0
L 20.3411026 14.2524646 20.3411026 14.2564646 0 P 0
L 20.3411026 14.2794646 20.3411026 14.2834646 0 P 0
L 20.3411026 14.3044646 20.3411026 14.3084646 0 P 0
L 20.3411026 14.3294646 20.3411026 14.3334646 0 P 0
L 20.3411026 14.3544646 20.3411026 14.3584646 0 P 0
L 20.3411026 14.3814646 20.3411026 14.3854646 0 P 0
L 20.3411026 14.4064646 20.3411026 14.4104646 0 P 0
L 20.3490633 14.6214174 20.3490633 14.6714174 3 P 0
L 20.3491026 14.2984646 20.3491026 14.3784646 3 P 0
L 20.3491026 14.2984646 20.3991026 14.2984646 3 P 0
L 20.3491026 14.3144646 20.3991026 14.3144646 0 P 0
L 20.3491026 14.3624646 20.3991026 14.3624646 0 P 0
L 20.3491026 14.3784646 20.3991026 14.3784646 3 P 0
L 20.3541026 14.2234646 20.3541026 14.2354646 4 P 0
L 20.3541026 14.2484646 20.3541026 14.2604646 4 P 0
L 20.3541026 14.2754646 20.3541026 14.2874646 4 P 0
L 20.3541026 14.3004646 20.3541026 14.3124646 4 P 0
L 20.3541026 14.3254646 20.3541026 14.3374646 4 P 0
L 20.3541026 14.3504646 20.3541026 14.3624646 4 P 0
L 20.3541026 14.3774646 20.3541026 14.3894646 4 P 0
L 20.3541026 14.4024646 20.3541026 14.4144646 4 P 0
L 20.3561024 12.9194646 20.3561024 12.9694646 3 P 0
L 20.3561024 12.9194646 20.4361024 12.9194646 3 P 0
L 20.3561024 12.9694646 20.4361024 12.9694646 3 P 0
L 20.3721024 12.9194646 20.3721024 12.9694646 0 P 0
L 20.3961024 13.1794646 20.3961024 13.2294646 3 P 0
L 20.3961024 13.1794646 20.4761024 13.1794646 3 P 0
L 20.3961024 13.2294646 20.4761024 13.2294646 3 P 0
L 20.3961024 13.4394646 20.3961024 13.4894646 3 P 0
L 20.3961024 13.4394646 20.4761024 13.4394646 3 P 0
L 20.3961024 13.4894646 20.4761024 13.4894646 3 P 0
L 20.3991026 14.2984646 20.3991026 14.3784646 3 P 0
L 20.4101024 12.2544646 20.4101024 12.3344646 3 P 0
L 20.4101024 12.2544646 20.4601024 12.2544646 3 P 0
L 20.4101024 12.2704646 20.4601024 12.2704646 0 P 0
L 20.4101024 12.3184646 20.4601024 12.3184646 0 P 0
L 20.4101024 12.3344646 20.4601024 12.3344646 3 P 0
L 20.4121024 13.1794646 20.4121024 13.2294646 0 P 0
L 20.4121024 13.4394646 20.4121024 13.4894646 0 P 0
L 20.4201024 12.9194646 20.4201024 12.9694646 0 P 0
L 20.4226066 14.6765355 20.4226066 14.7265355 3 P 0
L 20.4226066 14.6765355 20.5026066 14.6765355 3 P 0
L 20.4226066 14.7265355 20.5026066 14.7265355 3 P 0
L 20.4361024 12.9194646 20.4361024 12.9694646 3 P 0
L 20.4386066 14.6765355 20.4386066 14.7265355 0 P 0
L 20.4601024 12.2544646 20.4601024 12.3344646 3 P 0
L 20.4601024 13.1794646 20.4601024 13.2294646 0 P 0
L 20.4601024 13.4394646 20.4601024 13.4894646 0 P 0
L 20.4761024 13.1794646 20.4761024 13.2294646 3 P 0
L 20.4761024 13.4394646 20.4761024 13.4894646 3 P 0
L 20.4866066 14.6765355 20.4866066 14.7265355 0 P 0
L 20.5026066 14.6765355 20.5026066 14.7265355 3 P 0
L 20.6831024 12.3754646 20.6831024 12.4554646 3 P 0
L 20.6831024 12.3754646 20.7331024 12.3754646 3 P 0
L 20.6831024 12.3914646 20.7331024 12.3914646 0 P 0
L 20.6831024 12.4394646 20.7331024 12.4394646 0 P 0
L 20.6831024 12.4554646 20.7331024 12.4554646 3 P 0
L 20.6931024 12.5804646 20.6931024 12.6604646 3 P 0
L 20.6931024 12.5804646 20.7431024 12.5804646 3 P 0
L 20.6931024 12.5964646 20.7431024 12.5964646 0 P 0
L 20.6931024 12.6444646 20.7431024 12.6444646 0 P 0
L 20.6931024 12.6604646 20.7431024 12.6604646 3 P 0
L 20.6941024 11.4334646 20.6941024 11.4834646 3 P 0
L 20.6941024 11.4334646 20.7741024 11.4334646 3 P 0
L 20.6941024 11.4834646 20.7741024 11.4834646 3 P 0
L 20.7101024 11.4334646 20.7101024 11.4834646 0 P 0
L 20.7331024 12.3754646 20.7331024 12.4554646 3 P 0
L 20.7391024 11.7384646 20.7391024 11.8184646 3 P 0
L 20.7391024 11.7384646 20.7891024 11.7384646 3 P 0
L 20.7391024 11.7544646 20.7891024 11.7544646 0 P 0
L 20.7391024 11.8024646 20.7891024 11.8024646 0 P 0
L 20.7391024 11.8184646 20.7891024 11.8184646 3 P 0
L 20.7431024 12.5804646 20.7431024 12.6604646 3 P 0
L 20.7431024 13.1874646 20.7431024 13.2674646 3 P 0
L 20.7431024 13.1874646 20.7931024 13.1874646 3 P 0
L 20.7431024 13.2034646 20.7931024 13.2034646 0 P 0
L 20.7431024 13.2514646 20.7931024 13.2514646 0 P 0
L 20.7431024 13.2674646 20.7931024 13.2674646 3 P 0
L 20.7531024 13.6474646 20.7531024 13.7274646 3 P 0
L 20.7531024 13.6474646 20.8031024 13.6474646 3 P 0
L 20.7531024 13.6634646 20.8031024 13.6634646 0 P 0
L 20.7531024 13.7114646 20.8031024 13.7114646 0 P 0
L 20.7531024 13.7274646 20.8031024 13.7274646 3 P 0
L 20.7581024 11.4334646 20.7581024 11.4834646 0 P 0
L 20.7581024 13.4824646 20.7581024 13.5324646 3 P 0
L 20.7581024 13.4824646 20.8381024 13.4824646 3 P 0
L 20.7581024 13.5324646 20.8381024 13.5324646 3 P 0
L 20.7741024 11.4334646 20.7741024 11.4834646 3 P 0
L 20.7741024 13.4824646 20.7741024 13.5324646 0 P 0
L 20.7891024 11.7384646 20.7891024 11.8184646 3 P 0
L 20.7931024 13.1874646 20.7931024 13.2674646 3 P 0
L 20.7981026 14.83063 20.7981026 14.88063 3 P 0
L 20.7981026 14.83063 20.8781026 14.83063 3 P 0
L 20.7981026 14.88063 20.8781026 14.88063 3 P 0
L 20.8031024 13.6474646 20.8031024 13.7274646 3 P 0
L 20.8061024 12.2794646 20.8061024 12.3594646 3 P 0
L 20.8061024 12.2794646 20.8561024 12.2794646 3 P 0
L 20.8061024 12.2954646 20.8561024 12.2954646 0 P 0
L 20.8061024 12.3434646 20.8561024 12.3434646 0 P 0
L 20.8061024 12.3594646 20.8561024 12.3594646 3 P 0
L 20.8081024 13.0824646 20.8081024 13.1324646 3 P 0
L 20.8081024 13.0824646 20.8881024 13.0824646 3 P 0
L 20.8081024 13.1324646 20.8881024 13.1324646 3 P 0
L 20.8141026 14.83063 20.8141026 14.88063 0 P 0
L 20.8211024 12.5894646 20.8211024 12.6694646 3 P 0
L 20.8211024 12.5894646 20.8711024 12.5894646 3 P 0
L 20.8211024 12.6054646 20.8711024 12.6054646 0 P 0
L 20.8211024 12.6534646 20.8711024 12.6534646 0 P 0
L 20.8211024 12.6694646 20.8711024 12.6694646 3 P 0
L 20.8221024 13.4824646 20.8221024 13.5324646 0 P 0
L 20.8241024 13.0824646 20.8241024 13.1324646 0 P 0
L 20.8331024 13.6374646 20.8331024 13.7174646 3 P 0
L 20.8331024 13.6374646 20.8831024 13.6374646 3 P 0
L 20.8331024 13.6534646 20.8831024 13.6534646 0 P 0
L 20.8331024 13.7014646 20.8831024 13.7014646 0 P 0
L 20.8331024 13.7174646 20.8831024 13.7174646 3 P 0
L 20.8381024 13.4824646 20.8381024 13.5324646 3 P 0
L 20.8561024 12.2794646 20.8561024 12.3594646 3 P 0
L 20.8621026 14.83063 20.8621026 14.88063 0 P 0
L 20.8711024 12.5894646 20.8711024 12.6694646 3 P 0
L 20.8721024 13.0824646 20.8721024 13.1324646 0 P 0
L 20.8781026 14.83063 20.8781026 14.88063 3 P 0
L 20.8831024 13.6374646 20.8831024 13.7174646 3 P 0
L 20.8881024 13.0824646 20.8881024 13.1324646 3 P 0
L 20.9118191 14.612126 20.9118191 14.662126 3 P 0
L 20.9118191 14.612126 20.9918191 14.612126 3 P 0
L 20.9118191 14.662126 20.9918191 14.662126 3 P 0
L 20.9278191 14.612126 20.9278191 14.662126 0 P 0
L 20.9361024 12.6494646 20.9361024 12.6994646 3 P 0
L 20.9361024 12.6494646 21.0161024 12.6494646 3 P 0
L 20.9361024 12.6994646 21.0161024 12.6994646 3 P 0
L 20.9521024 12.6494646 20.9521024 12.6994646 0 P 0
L 20.9531024 13.1274646 20.9531024 13.2074646 3 P 0
L 20.9531024 13.1274646 21.0031024 13.1274646 3 P 0
L 20.9531024 13.1434646 21.0031024 13.1434646 0 P 0
L 20.9531024 13.1914646 21.0031024 13.1914646 0 P 0
L 20.9531024 13.2074646 21.0031024 13.2074646 3 P 0
L 20.9758191 14.612126 20.9758191 14.662126 0 P 0
L 20.9918191 14.612126 20.9918191 14.662126 3 P 0
L 21.0001024 12.6494646 21.0001024 12.6994646 0 P 0
L 21.0031024 13.1274646 21.0031024 13.2074646 3 P 0
L 21.0091024 12.5024646 21.0091024 12.5524646 3 P 0
L 21.0091024 12.5024646 21.0891024 12.5024646 3 P 0
L 21.0091024 12.5524646 21.0891024 12.5524646 3 P 0
L 21.0161024 12.6494646 21.0161024 12.6994646 3 P 0
L 21.0251024 12.5024646 21.0251024 12.5524646 0 P 0
L 21.0395355 14.171441 21.0395355 14.213441 4 P 0
L 21.0395355 14.171441 21.0445355 14.171441 4 P 0
L 21.0395355 14.213441 21.0445355 14.213441 4 P 0
L 21.0431024 13.7464646 21.0731024 13.7464646 5 P 0
L 21.0445355 14.158441 21.0445355 14.226441 3 P 0
L 21.0445355 14.158441 21.1665355 14.158441 3 P 0
L 21.0445355 14.226441 21.1665355 14.226441 3 P 0
L 21.0581024 13.7314646 21.0581024 13.7614646 5 P 0
L 21.0731024 12.5024646 21.0731024 12.5524646 0 P 0
L 21.0741024 13.5664646 21.0741024 13.6884646 3 P 0
L 21.0741024 13.5664646 21.1421024 13.5664646 3 P 0
L 21.0741024 13.6634646 21.1421024 13.6634646 4 P 0
L 21.0741024 13.6884646 21.1421024 13.6884646 3 P 0
L 21.0771024 12.2704646 21.0771024 12.3504646 3 P 0
L 21.0771024 12.2704646 21.1271024 12.2704646 3 P 0
L 21.0771024 12.2864646 21.1271024 12.2864646 0 P 0
L 21.0771024 12.3344646 21.1271024 12.3344646 0 P 0
L 21.0771024 12.3504646 21.1271024 12.3504646 3 P 0
L 21.0871024 13.5614646 21.0871024 13.5664646 4 P 0
L 21.0871024 13.5614646 21.1291024 13.5614646 4 P 0
L 21.0871024 13.6884646 21.0871024 13.6934646 4 P 0
L 21.0871024 13.6934646 21.1291024 13.6934646 4 P 0
L 21.0889845 14.6711812 21.0889845 14.7211812 3 P 0
L 21.0889845 14.6711812 21.1689845 14.6711812 3 P 0
L 21.0889845 14.7211812 21.1689845 14.7211812 3 P 0
L 21.0891024 12.5024646 21.0891024 12.5524646 3 P 0
L 21.0941026 13.9324646 21.0941026 14.0124646 3 P 0
L 21.0941026 13.9324646 21.1441026 13.9324646 3 P 0
L 21.0941026 13.9484646 21.1441026 13.9484646 0 P 0
L 21.0941026 13.9964646 21.1441026 13.9964646 0 P 0
L 21.0941026 14.0124646 21.1441026 14.0124646 3 P 0
L 21.1005355 14.312441 21.1005355 14.392441 3 P 0
L 21.1005355 14.312441 21.1505355 14.312441 3 P 0
L 21.1005355 14.328441 21.1505355 14.328441 0 P 0
L 21.1005355 14.376441 21.1505355 14.376441 0 P 0
L 21.1005355 14.392441 21.1505355 14.392441 3 P 0
L 21.1049845 14.6711812 21.1049845 14.7211812 0 P 0
L 21.1255355 14.287441 21.1255355 14.337441 3 P 0
L 21.1255355 14.287441 21.2055355 14.287441 3 P 0
L 21.1255355 14.337441 21.2055355 14.337441 3 P 0
L 21.1271024 12.2704646 21.1271024 12.3504646 3 P 0
L 21.1291024 13.5614646 21.1291024 13.5664646 4 P 0
L 21.1291024 13.6884646 21.1291024 13.6934646 4 P 0
L 21.1331024 13.1074646 21.1331024 13.1874646 3 P 0
L 21.1331024 13.1074646 21.1831024 13.1074646 3 P 0
L 21.1331024 13.1234646 21.1831024 13.1234646 0 P 0
L 21.1331024 13.1714646 21.1831024 13.1714646 0 P 0
L 21.1331024 13.1874646 21.1831024 13.1874646 3 P 0
L 21.1415355 14.158441 21.1415355 14.226441 4 P 0
L 21.1415355 14.287441 21.1415355 14.337441 0 P 0
L 21.1421024 13.5664646 21.1421024 13.6884646 3 P 0
L 21.1441026 13.9324646 21.1441026 14.0124646 3 P 0
L 21.1505355 14.312441 21.1505355 14.392441 3 P 0
L 21.1529845 14.6711812 21.1529845 14.7211812 0 P 0
L 21.1665355 14.158441 21.1665355 14.226441 3 P 0
L 21.1665355 14.171441 21.1715355 14.171441 4 P 0
L 21.1665355 14.213441 21.1715355 14.213441 4 P 0
L 21.1689845 14.6711812 21.1689845 14.7211812 3 P 0
L 21.1705355 14.312441 21.1705355 14.392441 3 P 0
L 21.1705355 14.312441 21.2205355 14.312441 3 P 0
L 21.1705355 14.328441 21.2205355 14.328441 0 P 0
L 21.1705355 14.376441 21.2205355 14.376441 0 P 0
L 21.1705355 14.392441 21.2205355 14.392441 3 P 0
L 21.1715355 14.171441 21.1715355 14.213441 4 P 0
L 21.1731024 13.6374646 21.1731024 13.7174646 3 P 0
L 21.1731024 13.6374646 21.2231024 13.6374646 3 P 0
L 21.1731024 13.6534646 21.2231024 13.6534646 0 P 0
L 21.1731024 13.7014646 21.2231024 13.7014646 0 P 0
L 21.1731024 13.7174646 21.2231024 13.7174646 3 P 0
L 21.1831024 13.1074646 21.1831024 13.1874646 3 P 0
L 21.1895355 14.287441 21.1895355 14.337441 0 P 0
L 21.1941026 13.9184646 21.1941026 13.9684646 3 P 0
L 21.1941026 13.9184646 21.2741026 13.9184646 3 P 0
L 21.1941026 13.9684646 21.2741026 13.9684646 3 P 0
L 21.1951026 13.9874646 21.1951026 14.0374646 3 P 0
L 21.1951026 13.9874646 21.2751026 13.9874646 3 P 0
L 21.1951026 14.0374646 21.2751026 14.0374646 3 P 0
L 21.2055355 14.287441 21.2055355 14.337441 3 P 0
L 21.2095355 14.242441 21.2395355 14.242441 5 P 0
L 21.2101026 13.9184646 21.2101026 13.9684646 0 P 0
L 21.2111026 13.9874646 21.2111026 14.0374646 0 P 0
L 21.2201026 12.7454646 21.2201026 12.8254646 3 P 0
L 21.2201026 12.7454646 21.2701026 12.7454646 3 P 0
L 21.2201026 12.7614646 21.2701026 12.7614646 0 P 0
L 21.2201026 12.8094646 21.2701026 12.8094646 0 P 0
L 21.2201026 12.8254646 21.2701026 12.8254646 3 P 0
L 21.2205355 14.312441 21.2205355 14.392441 3 P 0
L 21.2231024 13.6374646 21.2231024 13.7174646 3 P 0
L 21.2245355 14.227441 21.2245355 14.257441 5 P 0
L 21.2581026 13.9184646 21.2581026 13.9684646 0 P 0
L 21.2591026 13.9874646 21.2591026 14.0374646 0 P 0
L 21.2701026 12.7454646 21.2701026 12.8254646 3 P 0
L 21.2741026 13.9184646 21.2741026 13.9684646 3 P 0
L 21.2751026 13.9874646 21.2751026 14.0374646 3 P 0
L 21.2881024 13.1824646 21.2881024 13.2324646 3 P 0
L 21.2881024 13.1824646 21.3681024 13.1824646 3 P 0
L 21.2881024 13.2324646 21.3681024 13.2324646 3 P 0
L 21.2881024 13.3024646 21.2881024 13.3524646 3 P 0
L 21.2881024 13.3024646 21.3681024 13.3024646 3 P 0
L 21.2881024 13.3524646 21.3681024 13.3524646 3 P 0
L 21.2881024 13.4424646 21.2881024 13.4924646 3 P 0
L 21.2881024 13.4424646 21.3681024 13.4424646 3 P 0
L 21.2881024 13.4924646 21.3681024 13.4924646 3 P 0
L 21.2991024 14.0734646 21.2991024 14.1234646 3 P 0
L 21.2991024 14.0734646 21.3791024 14.0734646 3 P 0
L 21.2991024 14.1234646 21.3791024 14.1234646 3 P 0
L 21.3041024 13.1824646 21.3041024 13.2324646 0 P 0
L 21.3041024 13.3024646 21.3041024 13.3524646 0 P 0
L 21.3041024 13.4424646 21.3041024 13.4924646 0 P 0
L 21.3151024 14.0734646 21.3151024 14.1234646 0 P 0
L 21.3331024 13.6174646 21.3331024 13.6974646 3 P 0
L 21.3331024 13.6174646 21.3831024 13.6174646 3 P 0
L 21.3331024 13.6334646 21.3831024 13.6334646 0 P 0
L 21.3331024 13.6814646 21.3831024 13.6814646 0 P 0
L 21.3331024 13.6974646 21.3831024 13.6974646 3 P 0
L 21.3521024 13.1824646 21.3521024 13.2324646 0 P 0
L 21.3521024 13.3024646 21.3521024 13.3524646 0 P 0
L 21.3521024 13.4424646 21.3521024 13.4924646 0 P 0
L 21.3631024 14.0734646 21.3631024 14.1234646 0 P 0
L 21.3681024 13.1824646 21.3681024 13.2324646 3 P 0
L 21.3681024 13.3024646 21.3681024 13.3524646 3 P 0
L 21.3681024 13.4424646 21.3681024 13.4924646 3 P 0
L 21.3791024 14.0734646 21.3791024 14.1234646 3 P 0
L 21.3831024 13.6174646 21.3831024 13.6974646 3 P 0
L 21.4831026 14.8281103 21.4831026 14.8781103 3 P 0
L 21.4831026 14.8281103 21.5631026 14.8281103 3 P 0
L 21.4831026 14.8781103 21.5631026 14.8781103 3 P 0
L 21.4991026 14.8281103 21.4991026 14.8781103 0 P 0
L 21.5471026 14.8281103 21.5471026 14.8781103 0 P 0
L 21.5505355 14.272441 21.5505355 14.352441 3 P 0
L 21.5505355 14.272441 21.6005355 14.272441 3 P 0
L 21.5505355 14.288441 21.6005355 14.288441 0 P 0
L 21.5505355 14.336441 21.6005355 14.336441 0 P 0
L 21.5505355 14.352441 21.6005355 14.352441 3 P 0
L 21.5631026 14.8281103 21.5631026 14.8781103 3 P 0
L 21.5761498 14.6096063 21.5761498 14.6596063 3 P 0
L 21.5761498 14.6096063 21.6561498 14.6096063 3 P 0
L 21.5761498 14.6596063 21.6561498 14.6596063 3 P 0
L 21.5921498 14.6096063 21.5921498 14.6596063 0 P 0
L 21.6005355 14.272441 21.6005355 14.352441 3 P 0
L 21.6331024 13.2134646 21.6331024 13.2934646 3 P 0
L 21.6331024 13.2134646 21.6831024 13.2134646 3 P 0
L 21.6331024 13.2294646 21.6831024 13.2294646 0 P 0
L 21.6331024 13.2774646 21.6831024 13.2774646 0 P 0
L 21.6331024 13.2934646 21.6831024 13.2934646 3 P 0
L 21.6401498 14.6096063 21.6401498 14.6596063 0 P 0
L 21.6561498 14.6096063 21.6561498 14.6596063 3 P 0
L 21.6831024 13.2134646 21.6831024 13.2934646 3 P 0
L 21.7218191 14.6765355 21.7218191 14.7265355 3 P 0
L 21.7218191 14.6765355 21.8018191 14.6765355 3 P 0
L 21.7218191 14.7265355 21.8018191 14.7265355 3 P 0
L 21.7378191 14.6765355 21.7378191 14.7265355 0 P 0
L 21.7638504 13.8222831 21.7638504 13.9022831 3 P 0
L 21.7638504 13.8222831 21.8138504 13.8222831 3 P 0
L 21.7638504 13.8382831 21.8138504 13.8382831 0 P 0
L 21.7638504 13.8862831 21.8138504 13.8862831 0 P 0
L 21.7638504 13.9022831 21.8138504 13.9022831 3 P 0
L 21.7741024 12.4234646 21.7741024 12.5034646 3 P 0
L 21.7741024 12.4234646 21.8241024 12.4234646 3 P 0
L 21.7741024 12.4394646 21.8241024 12.4394646 0 P 0
L 21.7741024 12.4874646 21.8241024 12.4874646 0 P 0
L 21.7741024 12.5034646 21.8241024 12.5034646 3 P 0
L 21.7858191 14.6765355 21.7858191 14.7265355 0 P 0
L 21.8018191 14.6765355 21.8018191 14.7265355 3 P 0
L 21.8138504 13.8222831 21.8138504 13.9022831 3 P 0
L 21.8241024 12.4234646 21.8241024 12.5034646 3 P 0
L 21.8401024 13.8754646 21.8401024 13.9554646 3 P 0
L 21.8401024 13.8754646 21.8901024 13.8754646 3 P 0
L 21.8401024 13.8914646 21.8901024 13.8914646 0 P 0
L 21.8401024 13.9394646 21.8901024 13.9394646 0 P 0
L 21.8401024 13.9554646 21.8901024 13.9554646 3 P 0
L 21.8901024 13.8754646 21.8901024 13.9554646 3 P 0
L 21.9051024 13.8774646 21.9051024 13.9574646 3 P 0
L 21.9051024 13.8774646 21.9551024 13.8774646 3 P 0
L 21.9051024 13.8934646 21.9551024 13.8934646 0 P 0
L 21.9051024 13.9414646 21.9551024 13.9414646 0 P 0
L 21.9051024 13.9574646 21.9551024 13.9574646 3 P 0
L 21.9501024 14.4964646 21.9501024 14.5464646 3 P 0
L 21.9501024 14.4964646 22.0301024 14.4964646 3 P 0
L 21.9501024 14.5464646 22.0301024 14.5464646 3 P 0
L 21.9501024 14.5764646 21.9501024 14.6264646 3 P 0
L 21.9501024 14.5764646 22.0301024 14.5764646 3 P 0
L 21.9501024 14.6264646 22.0301024 14.6264646 3 P 0
L 21.9551024 13.8774646 21.9551024 13.9574646 3 P 0
L 21.9661024 14.4964646 21.9661024 14.5464646 0 P 0
L 21.9661024 14.5764646 21.9661024 14.6264646 0 P 0
L 21.9823544 13.8222831 21.9823544 13.9022831 3 P 0
L 21.9823544 13.8222831 22.0323544 13.8222831 3 P 0
L 21.9823544 13.8382831 22.0323544 13.8382831 0 P 0
L 21.9823544 13.8862831 22.0323544 13.8862831 0 P 0
L 21.9823544 13.9022831 22.0323544 13.9022831 3 P 0
L 22.0141024 12.2214646 22.0141024 12.3014646 3 P 0
L 22.0141024 12.2214646 22.0641024 12.2214646 3 P 0
L 22.0141024 12.2374646 22.0641024 12.2374646 0 P 0
L 22.0141024 12.2854646 22.0641024 12.2854646 0 P 0
L 22.0141024 12.3014646 22.0641024 12.3014646 3 P 0
L 22.0141024 14.4964646 22.0141024 14.5464646 0 P 0
L 22.0141024 14.5764646 22.0141024 14.6264646 0 P 0
L 22.0301024 14.4964646 22.0301024 14.5464646 3 P 0
L 22.0301024 14.5764646 22.0301024 14.6264646 3 P 0
L 22.0323544 13.8222831 22.0323544 13.9022831 3 P 0
L 22.0641024 12.2214646 22.0641024 12.3014646 3 P 0
L 22.0661026 13.9344646 22.0661026 14.0144646 3 P 0
L 22.0661026 13.9344646 22.1161026 13.9344646 3 P 0
L 22.0661026 13.9504646 22.1161026 13.9504646 0 P 0
L 22.0661026 13.9984646 22.1161026 13.9984646 0 P 0
L 22.0661026 14.0144646 22.1161026 14.0144646 3 P 0
L 22.0811024 12.2204646 22.0811024 12.3004646 3 P 0
L 22.0811024 12.2204646 22.1311024 12.2204646 3 P 0
L 22.0811024 12.2364646 22.1311024 12.2364646 0 P 0
L 22.0811024 12.2844646 22.1311024 12.2844646 0 P 0
L 22.0811024 12.3004646 22.1311024 12.3004646 3 P 0
L 22.1161026 13.9344646 22.1161026 14.0144646 3 P 0
L 22.1311024 12.2204646 22.1311024 12.3004646 3 P 0
L 22.2951024 14.6214646 22.2951024 14.7014646 3 P 0
L 22.2951024 14.6214646 22.3451024 14.6214646 3 P 0
L 22.2951024 14.6374646 22.3451024 14.6374646 0 P 0
L 22.2951024 14.6854646 22.3451024 14.6854646 0 P 0
L 22.2951024 14.7014646 22.3451024 14.7014646 3 P 0
L 22.3221024 12.2204646 22.3221024 12.3004646 3 P 0
L 22.3221024 12.2204646 22.3721024 12.2204646 3 P 0
L 22.3221024 12.2364646 22.3721024 12.2364646 0 P 0
L 22.3221024 12.2844646 22.3721024 12.2844646 0 P 0
L 22.3221024 12.3004646 22.3721024 12.3004646 3 P 0
L 22.3325197 13.2234646 22.3325197 13.3034646 3 P 0
L 22.3325197 13.2234646 22.3825197 13.2234646 3 P 0
L 22.3325197 13.2394646 22.3825197 13.2394646 0 P 0
L 22.3325197 13.2874646 22.3825197 13.2874646 0 P 0
L 22.3325197 13.3034646 22.3825197 13.3034646 3 P 0
L 22.3451024 14.6214646 22.3451024 14.7014646 3 P 0
L 22.3721024 12.2204646 22.3721024 12.3004646 3 P 0
L 22.3751024 14.6214646 22.3751024 14.7014646 3 P 0
L 22.3751024 14.6214646 22.4251024 14.6214646 3 P 0
L 22.3751024 14.6374646 22.4251024 14.6374646 0 P 0
L 22.3751024 14.6854646 22.4251024 14.6854646 0 P 0
L 22.3751024 14.7014646 22.4251024 14.7014646 3 P 0
L 22.3761024 11.9874646 22.3761024 12.0674646 3 P 0
L 22.3761024 11.9874646 22.4261024 11.9874646 3 P 0
L 22.3761024 12.0034646 22.4261024 12.0034646 0 P 0
L 22.3761024 12.0514646 22.4261024 12.0514646 0 P 0
L 22.3761024 12.0674646 22.4261024 12.0674646 3 P 0
L 22.3821024 12.4104646 22.3821024 12.4904646 3 P 0
L 22.3821024 12.4104646 22.4321024 12.4104646 3 P 0
L 22.3821024 12.4264646 22.4321024 12.4264646 0 P 0
L 22.3821024 12.4744646 22.4321024 12.4744646 0 P 0
L 22.3821024 12.4904646 22.4321024 12.4904646 3 P 0
L 22.3825197 13.2234646 22.3825197 13.3034646 3 P 0
L 22.3871024 12.2204646 22.3871024 12.3004646 3 P 0
L 22.3871024 12.2204646 22.4371024 12.2204646 3 P 0
L 22.3871024 12.2364646 22.4371024 12.2364646 0 P 0
L 22.3871024 12.2844646 22.4371024 12.2844646 0 P 0
L 22.3871024 12.3004646 22.4371024 12.3004646 3 P 0
L 22.3951024 14.2214646 22.3951024 14.3014646 3 P 0
L 22.3951024 14.2214646 22.4451024 14.2214646 3 P 0
L 22.3951024 14.2374646 22.4451024 14.2374646 0 P 0
L 22.3951024 14.2854646 22.4451024 14.2854646 0 P 0
L 22.3951024 14.3014646 22.4451024 14.3014646 3 P 0
L 22.4225197 13.2234646 22.4225197 13.3034646 3 P 0
L 22.4225197 13.2234646 22.4725197 13.2234646 3 P 0
L 22.4225197 13.2394646 22.4725197 13.2394646 0 P 0
L 22.4225197 13.2874646 22.4725197 13.2874646 0 P 0
L 22.4225197 13.3034646 22.4725197 13.3034646 3 P 0
L 22.4225197 13.4234646 22.4225197 13.5034646 3 P 0
L 22.4225197 13.4234646 22.4725197 13.4234646 3 P 0
L 22.4225197 13.4394646 22.4725197 13.4394646 0 P 0
L 22.4225197 13.4874646 22.4725197 13.4874646 0 P 0
L 22.4225197 13.5034646 22.4725197 13.5034646 3 P 0
L 22.4251024 14.6214646 22.4251024 14.7014646 3 P 0
L 22.4261024 11.9874646 22.4261024 12.0674646 3 P 0
L 22.4321024 12.4104646 22.4321024 12.4904646 3 P 0
L 22.4325197 13.0434646 22.4325197 13.1234646 3 P 0
L 22.4325197 13.0434646 22.4825197 13.0434646 3 P 0
L 22.4325197 13.0594646 22.4825197 13.0594646 0 P 0
L 22.4325197 13.1074646 22.4825197 13.1074646 0 P 0
L 22.4325197 13.1234646 22.4825197 13.1234646 3 P 0
L 22.4371024 12.2204646 22.4371024 12.3004646 3 P 0
L 22.4451024 14.2214646 22.4451024 14.3014646 3 P 0
L 22.4725197 13.2234646 22.4725197 13.3034646 3 P 0
L 22.4725197 13.4234646 22.4725197 13.5034646 3 P 0
L 22.4825197 13.0434646 22.4825197 13.1234646 3 P 0
L 22.5125197 13.0434646 22.5125197 13.1234646 3 P 0
L 22.5125197 13.0434646 22.5625197 13.0434646 3 P 0
L 22.5125197 13.0594646 22.5625197 13.0594646 0 P 0
L 22.5125197 13.1074646 22.5625197 13.1074646 0 P 0
L 22.5125197 13.1234646 22.5625197 13.1234646 3 P 0
L 22.5451024 13.2484646 22.5451024 13.3284646 3 P 0
L 22.5451024 13.2484646 22.5951024 13.2484646 3 P 0
L 22.5451024 13.2644646 22.5951024 13.2644646 0 P 0
L 22.5451024 13.3124646 22.5951024 13.3124646 0 P 0
L 22.5451024 13.3284646 22.5951024 13.3284646 3 P 0
L 22.5625197 13.0434646 22.5625197 13.1234646 3 P 0
L 22.5671024 12.0294646 22.5671024 12.1094646 3 P 0
L 22.5671024 12.0294646 22.6171024 12.0294646 3 P 0
L 22.5671024 12.0454646 22.6171024 12.0454646 0 P 0
L 22.5671024 12.0934646 22.6171024 12.0934646 0 P 0
L 22.5671024 12.1094646 22.6171024 12.1094646 3 P 0
L 22.5951024 13.2484646 22.5951024 13.3284646 3 P 0
L 22.6171024 12.0294646 22.6171024 12.1094646 3 P 0
L 22.6291024 13.0264646 22.6291024 13.1064646 3 P 0
L 22.6291024 13.0264646 22.6791024 13.0264646 3 P 0
L 22.6291024 13.0424646 22.6791024 13.0424646 0 P 0
L 22.6291024 13.0904646 22.6791024 13.0904646 0 P 0
L 22.6291024 13.1064646 22.6791024 13.1064646 3 P 0
L 22.6291024 13.3864646 22.6291024 13.4664646 3 P 0
L 22.6291024 13.3864646 22.6791024 13.3864646 3 P 0
L 22.6291024 13.4024646 22.6791024 13.4024646 0 P 0
L 22.6291024 13.4504646 22.6791024 13.4504646 0 P 0
L 22.6291024 13.4664646 22.6791024 13.4664646 3 P 0
L 22.6791024 13.0264646 22.6791024 13.1064646 3 P 0
L 22.6791024 13.3864646 22.6791024 13.4664646 3 P 0
L 22.7651024 14.4414646 22.7651024 14.5214646 3 P 0
L 22.7651024 14.4414646 22.8151024 14.4414646 3 P 0
L 22.7651024 14.4574646 22.8151024 14.4574646 0 P 0
L 22.7651024 14.5054646 22.8151024 14.5054646 0 P 0
L 22.7651024 14.5214646 22.8151024 14.5214646 3 P 0
L 22.8151024 14.4414646 22.8151024 14.5214646 3 P 0
L 23.1061024 14.2214646 23.1361024 14.2214646 5 P 0
L 23.1211024 14.2064646 23.1211024 14.2364646 5 P 0
L 23.1261024 14.4914646 23.1561024 14.4914646 5 P 0
L 23.1411024 14.4764646 23.1411024 14.5064646 5 P 0
L 23.1741024 14.1504646 23.1741024 14.1924646 4 P 0
L 23.1741024 14.1504646 23.1791024 14.1504646 4 P 0
L 23.1741024 14.1924646 23.1791024 14.1924646 4 P 0
L 23.1791024 14.1374646 23.1791024 14.2054646 3 P 0
L 23.1791024 14.1374646 23.3011024 14.1374646 3 P 0
L 23.1791024 14.2054646 23.3011024 14.2054646 3 P 0
L 23.1941024 14.4204646 23.1941024 14.4624646 4 P 0
L 23.1941024 14.4204646 23.1991024 14.4204646 4 P 0
L 23.1941024 14.4624646 23.1991024 14.4624646 4 P 0
L 23.1991024 14.4074646 23.1991024 14.4754646 3 P 0
L 23.1991024 14.4074646 23.3211024 14.4074646 3 P 0
L 23.1991024 14.4754646 23.3211024 14.4754646 3 P 0
L 23.2001024 14.0664646 23.2001024 14.1164646 3 P 0
L 23.2001024 14.0664646 23.2801024 14.0664646 3 P 0
L 23.2001024 14.1164646 23.2801024 14.1164646 3 P 0
L 23.2001024 14.2564646 23.2001024 14.3064646 3 P 0
L 23.2001024 14.2564646 23.2801024 14.2564646 3 P 0
L 23.2001024 14.3064646 23.2801024 14.3064646 3 P 0
L 23.2001024 14.3264646 23.2001024 14.3764646 3 P 0
L 23.2001024 14.3264646 23.2801024 14.3264646 3 P 0
L 23.2001024 14.3764646 23.2801024 14.3764646 3 P 0
L 23.2011024 12.8324646 23.2011024 12.9124646 3 P 0
L 23.2011024 12.8324646 23.2511024 12.8324646 3 P 0
L 23.2011024 12.8484646 23.2511024 12.8484646 0 P 0
L 23.2011024 12.8964646 23.2511024 12.8964646 0 P 0
L 23.2011024 12.9124646 23.2511024 12.9124646 3 P 0
L 23.2041024 14.1374646 23.2041024 14.2054646 4 P 0
L 23.2161024 14.0664646 23.2161024 14.1164646 0 P 0
L 23.2161024 14.2564646 23.2161024 14.3064646 0 P 0
L 23.2161024 14.3264646 23.2161024 14.3764646 0 P 0
L 23.2241024 14.4074646 23.2241024 14.4754646 4 P 0
L 23.2251024 12.8324646 23.2251024 12.9124646 3 P 0
L 23.2251024 12.8324646 23.2751024 12.8324646 3 P 0
L 23.2251024 12.8484646 23.2751024 12.8484646 0 P 0
L 23.2251024 12.8964646 23.2751024 12.8964646 0 P 0
L 23.2251024 12.9124646 23.2751024 12.9124646 3 P 0
L 23.2511024 12.8324646 23.2511024 12.9124646 3 P 0
L 23.2641024 14.0664646 23.2641024 14.1164646 0 P 0
L 23.2641024 14.2564646 23.2641024 14.3064646 0 P 0
L 23.2641024 14.3264646 23.2641024 14.3764646 0 P 0
L 23.2751024 12.8324646 23.2751024 12.9124646 3 P 0
L 23.2801024 14.0664646 23.2801024 14.1164646 3 P 0
L 23.2801024 14.2564646 23.2801024 14.3064646 3 P 0
L 23.2801024 14.3264646 23.2801024 14.3764646 3 P 0
L 23.3011024 14.1374646 23.3011024 14.2054646 3 P 0
L 23.3011024 14.1504646 23.3061024 14.1504646 4 P 0
L 23.3011024 14.1924646 23.3061024 14.1924646 4 P 0
L 23.3061024 14.1504646 23.3061024 14.1924646 4 P 0
L 23.3211024 14.4074646 23.3211024 14.4754646 3 P 0
L 23.3211024 14.4204646 23.3261024 14.4204646 4 P 0
L 23.3211024 14.4624646 23.3261024 14.4624646 4 P 0
L 23.3261024 14.4204646 23.3261024 14.4624646 4 P 0
L 23.4331024 11.9584646 23.4331024 12.0384646 3 P 0
L 23.4331024 11.9584646 23.4831024 11.9584646 3 P 0
L 23.4331024 11.9744646 23.4831024 11.9744646 0 P 0
L 23.4331024 12.0224646 23.4831024 12.0224646 0 P 0
L 23.4331024 12.0384646 23.4831024 12.0384646 3 P 0
L 23.4831024 11.9584646 23.4831024 12.0384646 3 P 0
L 23.5841024 12.8914646 23.5841024 12.9414646 3 P 0
L 23.5841024 12.8914646 23.6641024 12.8914646 3 P 0
L 23.5841024 12.9414646 23.6641024 12.9414646 3 P 0
L 23.5841024 12.9524646 23.5841024 13.0024646 3 P 0
L 23.5841024 12.9524646 23.6641024 12.9524646 3 P 0
L 23.5841024 13.0024646 23.6641024 13.0024646 3 P 0
L 23.6001024 12.8914646 23.6001024 12.9414646 0 P 0
L 23.6001024 12.9524646 23.6001024 13.0024646 0 P 0
L 23.6481024 12.8914646 23.6481024 12.9414646 0 P 0
L 23.6481024 12.9524646 23.6481024 13.0024646 0 P 0
L 23.6641024 12.8914646 23.6641024 12.9414646 3 P 0
L 23.6641024 12.9524646 23.6641024 13.0024646 3 P 0
L 23.7641024 13.4954646 23.7641024 13.5754646 3 P 0
L 23.7641024 13.4954646 23.8141024 13.4954646 3 P 0
L 23.7641024 13.5114646 23.8141024 13.5114646 0 P 0
L 23.7641024 13.5594646 23.8141024 13.5594646 0 P 0
L 23.7641024 13.5754646 23.8141024 13.5754646 3 P 0
L 23.8141024 13.4954646 23.8141024 13.5754646 3 P 0
P 21.1081024 13.6759634 6 P 0 0
P 21.153809 14.192447 7 P 0 0
P 23.1916024 14.1714646 8 P 0 0
P 23.2116024 14.4414646 8 P 0 0
