#Layer_Color=32768
#
#Feature symbol names
#
$0 r3.937
$1 r1.9685

#
#Feature attribute names
#

#
#Layer features
#
L 29.2489437 22.9814313 29.2489437 23.1743447 0 P 0
L 29.2489437 22.9814313 29.4418571 22.9814313 0 P 0
L 29.2489437 23.1743447 29.4418571 23.1743447 0 P 0
L 29.3257154 23.077888 29.3650855 23.077888 0 P 0
L 29.3454004 23.0582029 29.3454004 23.097573 0 P 0
L 29.4418571 22.9814313 29.4418571 23.1743447 0 P 0
L 29.5269437 24.7224313 29.5269437 24.9153447 0 P 0
L 29.5269437 24.7224313 29.7198571 24.7224313 0 P 0
L 29.5269437 24.9153447 29.7198571 24.9153447 0 P 0
L 29.6037154 24.818888 29.6430855 24.818888 0 P 0
L 29.6234004 24.7992029 29.6234004 24.838573 0 P 0
L 29.7198571 24.7224313 29.7198571 24.9153447 0 P 0
L 30.6674004 26.2540611 30.6674004 26.6339824 1 P 0
L 30.6674004 26.2540611 33.7024004 26.2540611 1 P 0
L 30.6674004 26.6339824 33.7024004 26.6339824 1 P 0
L 30.6824004 21.813707 30.6824004 22.1936283 1 P 0
L 30.6824004 21.813707 33.7174004 21.813707 1 P 0
L 30.6824004 22.1936283 33.7174004 22.1936283 1 P 0
L 31.0611012 23.0859115 31.0611012 23.4658328 1 P 0
L 31.0611012 23.0859115 34.0961012 23.0859115 1 P 0
L 31.0611012 23.4658328 34.0961012 23.4658328 1 P 0
L 31.0761012 24.9818487 31.0761012 25.36177 1 P 0
L 31.0761012 24.9818487 34.1111012 24.9818487 1 P 0
L 31.0761012 25.36177 34.1111012 25.36177 1 P 0
L 32.1727153 26.4430375 32.2120853 26.4430375 1 P 0
L 32.1727155 22.0046519 32.2120855 22.0046519 1 P 0
L 32.1924003 26.4233525 32.1924003 26.4627225 1 P 0
L 32.1924005 21.9849669 32.1924005 22.0243369 1 P 0
L 32.5664161 23.2748879 32.6057861 23.2748879 1 P 0
L 32.5664163 25.1727936 32.6057863 25.1727936 1 P 0
L 32.5861011 23.2552029 32.5861011 23.2945729 1 P 0
L 32.5861013 25.1531086 32.5861013 25.1924786 1 P 0
L 33.7024004 26.2540611 33.7024004 26.6339824 1 P 0
L 33.7174004 21.813707 33.7174004 22.1936283 1 P 0
L 34.0961012 23.0859115 34.0961012 23.4658328 1 P 0
L 34.1111012 24.9818487 34.1111012 25.36177 1 P 0
L 34.64355 24.1447778 34.64355 24.3809982 0 P 0
L 34.64355 24.1447778 34.9742586 24.1447778 0 P 0
L 34.64355 24.3809982 34.9742586 24.3809982 0 P 0
L 34.7892193 24.262888 34.8285893 24.262888 0 P 0
L 34.8089043 24.243203 34.8089043 24.282573 0 P 0
L 34.9742586 24.1447778 34.9742586 24.3809982 0 P 0
L 35.16355 24.5847778 35.16355 24.8209982 0 P 0
L 35.16355 24.5847778 35.4942586 24.5847778 0 P 0
L 35.16355 24.8209982 35.4942586 24.8209982 0 P 0
L 35.17055 23.6467778 35.17055 23.8829982 0 P 0
L 35.17055 23.6467778 35.5012586 23.6467778 0 P 0
L 35.17055 23.8829982 35.5012586 23.8829982 0 P 0
L 35.3092193 24.702888 35.3485893 24.702888 0 P 0
L 35.3162193 23.764888 35.3555893 23.764888 0 P 0
L 35.3289043 24.683203 35.3289043 24.722573 0 P 0
L 35.3359043 23.745203 35.3359043 23.784573 0 P 0
L 35.4942586 24.5847778 35.4942586 24.8209982 0 P 0
L 35.5012586 23.6467778 35.5012586 23.8829982 0 P 0
L 35.89055 23.6367778 35.89055 23.8729982 0 P 0
L 35.89055 23.6367778 36.2212586 23.6367778 0 P 0
L 35.89055 23.8729982 36.2212586 23.8729982 0 P 0
L 35.89355 24.5847778 35.89355 24.8209982 0 P 0
L 35.89355 24.5847778 36.2242586 24.5847778 0 P 0
L 35.89355 24.8209982 36.2242586 24.8209982 0 P 0
L 36.0362193 23.754888 36.0755893 23.754888 0 P 0
L 36.0392193 24.702888 36.0785893 24.702888 0 P 0
L 36.0559043 23.735203 36.0559043 23.774573 0 P 0
L 36.0589043 24.683203 36.0589043 24.722573 0 P 0
L 36.2212586 23.6367778 36.2212586 23.8729982 0 P 0
L 36.2242586 24.5847778 36.2242586 24.8209982 0 P 0
L 36.6340461 24.5517778 36.6340461 24.7879982 0 P 0
L 36.6340461 24.5517778 36.9647547 24.5517778 0 P 0
L 36.6340461 24.7879982 36.9647547 24.7879982 0 P 0
L 36.6535422 23.6567778 36.6535422 23.8929982 0 P 0
L 36.6535422 23.6567778 36.9842508 23.6567778 0 P 0
L 36.6535422 23.8929982 36.9842508 23.8929982 0 P 0
L 36.7797154 24.669888 36.8190854 24.669888 0 P 0
L 36.7992115 23.774888 36.8385815 23.774888 0 P 0
L 36.7994004 24.650203 36.7994004 24.689573 0 P 0
L 36.8188965 23.755203 36.8188965 23.794573 0 P 0
L 36.9647547 24.5517778 36.9647547 24.7879982 0 P 0
L 36.9842508 23.6567778 36.9842508 23.8929982 0 P 0
