#Layer_Color=32768
#
#Feature symbol names
#
$0 r2
$1 r6
$2 r7
$3 r4
$4 rect25x68

#
#Feature attribute names
#

#
#Layer features
#
L 0.3998897 0.3446378 0.3998897 0.3946378 1 P 0
L 0.3998897 0.3446378 0.4798897 0.3446378 1 P 0
L 0.3998897 0.3946378 0.4798897 0.3946378 1 P 0
L 0.4078897 0.5796378 0.4078897 0.6296378 1 P 0
L 0.4078897 0.5796378 0.4878897 0.5796378 1 P 0
L 0.4078897 0.6296378 0.4878897 0.6296378 1 P 0
L 0.4158897 0.3446378 0.4158897 0.3946378 0 P 0
L 0.4208897 1.3186378 0.4208897 1.3686378 1 P 0
L 0.4208897 1.3186378 0.5008897 1.3186378 1 P 0
L 0.4208897 1.3686378 0.5008897 1.3686378 1 P 0
L 0.4238897 0.5796378 0.4238897 0.6296378 0 P 0
L 0.4238897 2.5286378 0.4238897 2.5786378 1 P 0
L 0.4238897 2.5286378 0.5038897 2.5286378 1 P 0
L 0.4238897 2.5786378 0.5038897 2.5786378 1 P 0
L 0.4278897 1.5546378 0.4278897 1.6046378 1 P 0
L 0.4278897 1.5546378 0.5078897 1.5546378 1 P 0
L 0.4278897 1.6046378 0.5078897 1.6046378 1 P 0
L 0.4308897 3.2676378 0.4308897 3.3176378 1 P 0
L 0.4308897 3.2676378 0.5108897 3.2676378 1 P 0
L 0.4308897 3.3176378 0.5108897 3.3176378 1 P 0
L 0.4318897 2.2936378 0.4318897 2.3436378 1 P 0
L 0.4318897 2.2936378 0.5118897 2.2936378 1 P 0
L 0.4318897 2.3436378 0.5118897 2.3436378 1 P 0
L 0.4368897 1.3186378 0.4368897 1.3686378 0 P 0
L 0.4378897 3.5046378 0.4378897 3.5546378 1 P 0
L 0.4378897 3.5046378 0.5178897 3.5046378 1 P 0
L 0.4378897 3.5546378 0.5178897 3.5546378 1 P 0
L 0.4398897 2.5286378 0.4398897 2.5786378 0 P 0
L 0.4438897 1.5546378 0.4438897 1.6046378 0 P 0
L 0.4468897 3.2676378 0.4468897 3.3176378 0 P 0
L 0.4478897 2.2936378 0.4478897 2.3436378 0 P 0
L 0.4538897 3.5046378 0.4538897 3.5546378 0 P 0
L 0.4638897 0.3446378 0.4638897 0.3946378 0 P 0
L 0.4718897 0.5796378 0.4718897 0.6296378 0 P 0
L 0.4798897 0.3446378 0.4798897 0.3946378 1 P 0
L 0.4848897 1.3186378 0.4848897 1.3686378 0 P 0
L 0.4878897 0.5796378 0.4878897 0.6296378 1 P 0
L 0.4878897 2.5286378 0.4878897 2.5786378 0 P 0
L 0.4918897 1.5546378 0.4918897 1.6046378 0 P 0
L 0.4948897 3.2676378 0.4948897 3.3176378 0 P 0
L 0.4958897 2.2936378 0.4958897 2.3436378 0 P 0
L 0.5008897 1.3186378 0.5008897 1.3686378 1 P 0
L 0.5018897 3.5046378 0.5018897 3.5546378 0 P 0
L 0.5038897 2.5286378 0.5038897 2.5786378 1 P 0
L 0.5078897 1.5546378 0.5078897 1.6046378 1 P 0
L 0.5108897 3.2676378 0.5108897 3.3176378 1 P 0
L 0.5118897 2.2936378 0.5118897 2.3436378 1 P 0
L 0.5178897 3.5046378 0.5178897 3.5546378 1 P 0
L 0.62 0.785 0.62 0.835 1 P 0
L 0.62 0.785 0.7 0.785 1 P 0
L 0.62 0.835 0.7 0.835 1 P 0
L 0.625 0.785 0.625 0.835 1 P 0
L 0.625 0.785 0.705 0.785 1 P 0
L 0.625 0.835 0.705 0.835 1 P 0
L 0.625 0.875 0.625 0.925 1 P 0
L 0.625 0.875 0.705 0.875 1 P 0
L 0.625 0.925 0.705 0.925 1 P 0
L 0.63 0.873 0.63 0.923 1 P 0
L 0.63 0.873 0.71 0.873 1 P 0
L 0.63 0.923 0.71 0.923 1 P 0
L 0.636 0.785 0.636 0.835 0 P 0
L 0.641 0.785 0.641 0.835 0 P 0
L 0.641 0.875 0.641 0.925 0 P 0
L 0.646 0.873 0.646 0.923 0 P 0
L 0.6631732 1.4322126 0.6631732 1.4922126 1 P 0
L 0.6631732 1.4322126 0.7831732 1.4322126 1 P 0
L 0.6631732 1.4922126 0.7831732 1.4922126 1 P 0
L 0.6741732 1.2342126 0.6741732 1.3142126 1 P 0
L 0.6741732 1.2342126 0.7241732 1.2342126 1 P 0
L 0.6741732 1.2502126 0.7241732 1.2502126 0 P 0
L 0.6741732 1.2982126 0.7241732 1.2982126 0 P 0
L 0.6741732 1.3142126 0.7241732 1.3142126 1 P 0
L 0.6831732 1.4322126 0.6831732 1.4922126 0 P 0
L 0.684 0.785 0.684 0.835 0 P 0
L 0.689 0.785 0.689 0.835 0 P 0
L 0.689 0.875 0.689 0.925 0 P 0
L 0.694 0.873 0.694 0.923 0 P 0
L 0.695 0.595 0.695 0.675 1 P 0
L 0.695 0.595 0.745 0.595 1 P 0
L 0.695 0.611 0.745 0.611 0 P 0
L 0.695 0.659 0.745 0.659 0 P 0
L 0.695 0.675 0.745 0.675 1 P 0
L 0.7 0.785 0.7 0.835 1 P 0
L 0.705 0.785 0.705 0.835 1 P 0
L 0.705 0.875 0.705 0.925 1 P 0
L 0.71 0.873 0.71 0.923 1 P 0
L 0.7241732 1.2342126 0.7241732 1.3142126 1 P 0
L 0.745 0.595 0.745 0.675 1 P 0
L 0.7631732 1.4322126 0.7631732 1.4922126 0 P 0
L 0.7728897 2.2626378 0.8028897 2.2626378 2 P 0
L 0.7831732 1.4322126 0.7831732 1.4922126 1 P 0
L 0.7838897 2.6936378 0.8138897 2.6936378 2 P 0
L 0.7878897 2.2476378 0.7878897 2.2776378 2 P 0
L 0.7988897 2.6786378 0.7988897 2.7086378 2 P 0
L 0.83 0.865 0.83 0.915 1 P 0
L 0.83 0.865 0.91 0.865 1 P 0
L 0.83 0.915 0.91 0.915 1 P 0
L 0.8408897 2.1916378 0.8408897 2.2336378 3 P 0
L 0.8408897 2.1916378 0.8458897 2.1916378 3 P 0
L 0.8408897 2.2336378 0.8458897 2.2336378 3 P 0
L 0.8431732 1.2272126 0.8431732 1.2772126 1 P 0
L 0.8431732 1.2272126 0.9231732 1.2272126 1 P 0
L 0.8431732 1.2772126 0.9231732 1.2772126 1 P 0
L 0.8458897 2.1786378 0.8458897 2.2466378 1 P 0
L 0.8458897 2.1786378 0.9678897 2.1786378 1 P 0
L 0.8458897 2.2466378 0.9678897 2.2466378 1 P 0
L 0.846 0.865 0.846 0.915 0 P 0
L 0.8518897 2.6226378 0.8518897 2.6646378 3 P 0
L 0.8518897 2.6226378 0.8568897 2.6226378 3 P 0
L 0.8518897 2.6646378 0.8568897 2.6646378 3 P 0
L 0.8568897 2.6096378 0.8568897 2.6776378 1 P 0
L 0.8568897 2.6096378 0.9788897 2.6096378 1 P 0
L 0.8568897 2.6776378 0.9788897 2.6776378 1 P 0
L 0.8591732 1.2272126 0.8591732 1.2772126 0 P 0
L 0.8708897 2.1786378 0.8708897 2.2466378 3 P 0
L 0.8818897 2.6096378 0.8818897 2.6776378 3 P 0
L 0.894 0.865 0.894 0.915 0 P 0
L 0.9071732 1.2272126 0.9071732 1.2772126 0 P 0
L 0.91 0.865 0.91 0.915 1 P 0
L 0.917 1.435 0.917 1.495 1 P 0
L 0.917 1.435 1.037 1.435 1 P 0
L 0.917 1.495 1.037 1.495 1 P 0
L 0.9231732 1.2272126 0.9231732 1.2772126 1 P 0
L 0.9281732 1.3222126 0.9281732 1.4022126 1 P 0
L 0.9281732 1.3222126 0.9781732 1.3222126 1 P 0
L 0.9281732 1.3382126 0.9781732 1.3382126 0 P 0
L 0.9281732 1.3862126 0.9781732 1.3862126 0 P 0
L 0.9281732 1.4022126 0.9781732 1.4022126 1 P 0
L 0.937 1.435 0.937 1.495 0 P 0
L 0.94 0.7 0.94 0.78 1 P 0
L 0.94 0.7 0.99 0.7 1 P 0
L 0.94 0.716 0.99 0.716 0 P 0
L 0.94 0.764 0.99 0.764 0 P 0
L 0.94 0.78 0.99 0.78 1 P 0
L 0.9678897 2.1786378 0.9678897 2.2466378 1 P 0
L 0.9678897 2.1916378 0.9728897 2.1916378 3 P 0
L 0.9678897 2.2336378 0.9728897 2.2336378 3 P 0
L 0.9728897 2.1916378 0.9728897 2.2336378 3 P 0
L 0.9781732 1.2322126 0.9781732 1.2822126 1 P 0
L 0.9781732 1.2322126 1.0581732 1.2322126 1 P 0
L 0.9781732 1.2822126 1.0581732 1.2822126 1 P 0
L 0.9781732 1.2972126 0.9781732 1.3472126 1 P 0
L 0.9781732 1.2972126 1.0581732 1.2972126 1 P 0
L 0.9781732 1.3222126 0.9781732 1.4022126 1 P 0
L 0.9781732 1.3472126 1.0581732 1.3472126 1 P 0
L 0.9781732 1.3622126 0.9781732 1.4122126 1 P 0
L 0.9781732 1.3622126 1.0581732 1.3622126 1 P 0
L 0.9781732 1.4122126 1.0581732 1.4122126 1 P 0
L 0.9788897 2.6096378 0.9788897 2.6776378 1 P 0
L 0.9788897 2.6226378 0.9838897 2.6226378 3 P 0
L 0.9788897 2.6646378 0.9838897 2.6646378 3 P 0
L 0.9838897 2.6226378 0.9838897 2.6646378 3 P 0
L 0.99 0.7 0.99 0.78 1 P 0
L 0.9941732 1.2322126 0.9941732 1.2822126 0 P 0
L 0.9941732 1.2972126 0.9941732 1.3472126 0 P 0
L 0.9941732 1.3622126 0.9941732 1.4122126 0 P 0
L 1.017 1.435 1.017 1.495 0 P 0
L 1.0231732 1.5222126 1.0231732 1.5722126 1 P 0
L 1.0231732 1.5222126 1.1031732 1.5222126 1 P 0
L 1.0231732 1.5722126 1.1031732 1.5722126 1 P 0
L 1.03 0.78 1.03 0.83 1 P 0
L 1.03 0.78 1.11 0.78 1 P 0
L 1.03 0.83 1.11 0.83 1 P 0
L 1.03 0.86 1.03 0.91 1 P 0
L 1.03 0.86 1.11 0.86 1 P 0
L 1.03 0.91 1.11 0.91 1 P 0
L 1.037 1.435 1.037 1.495 1 P 0
L 1.0391732 1.5222126 1.0391732 1.5722126 0 P 0
L 1.0421732 1.2322126 1.0421732 1.2822126 0 P 0
L 1.0421732 1.2972126 1.0421732 1.3472126 0 P 0
L 1.0421732 1.3622126 1.0421732 1.4122126 0 P 0
L 1.045 0.26 1.045 0.34 1 P 0
L 1.045 0.26 1.095 0.26 1 P 0
L 1.045 0.276 1.095 0.276 0 P 0
L 1.045 0.324 1.095 0.324 0 P 0
L 1.045 0.34 1.095 0.34 1 P 0
L 1.046 0.78 1.046 0.83 0 P 0
L 1.046 0.86 1.046 0.91 0 P 0
L 1.0581732 1.2322126 1.0581732 1.2822126 1 P 0
L 1.0581732 1.2972126 1.0581732 1.3472126 1 P 0
L 1.0581732 1.3622126 1.0581732 1.4122126 1 P 0
L 1.0871732 1.5222126 1.0871732 1.5722126 0 P 0
L 1.094 0.78 1.094 0.83 0 P 0
L 1.094 0.86 1.094 0.91 0 P 0
L 1.095 0.26 1.095 0.34 1 P 0
L 1.1031732 1.5222126 1.1031732 1.5722126 1 P 0
L 1.11 0.78 1.11 0.83 1 P 0
L 1.11 0.86 1.11 0.91 1 P 0
L 2.4078897 2.3786378 2.4078897 2.4286378 1 P 0
L 2.4078897 2.3786378 2.4878897 2.3786378 1 P 0
L 2.4078897 2.4286378 2.4878897 2.4286378 1 P 0
L 2.4238897 2.3786378 2.4238897 2.4286378 0 P 0
L 2.4718897 2.3786378 2.4718897 2.4286378 0 P 0
L 2.4878897 2.3786378 2.4878897 2.4286378 1 P 0
L 2.4998897 2.0246378 2.4998897 2.0666378 3 P 0
L 2.4998897 2.0246378 2.5048897 2.0246378 3 P 0
L 2.4998897 2.0666378 2.5048897 2.0666378 3 P 0
L 2.5048897 2.0116378 2.5048897 2.0796378 1 P 0
L 2.5048897 2.0116378 2.6268897 2.0116378 1 P 0
L 2.5048897 2.0796378 2.6268897 2.0796378 1 P 0
L 2.5288897 2.1156378 2.5288897 2.1656378 1 P 0
L 2.5288897 2.1156378 2.6088897 2.1156378 1 P 0
L 2.5288897 2.1656378 2.6088897 2.1656378 1 P 0
L 2.5308897 1.9136378 2.5308897 1.9636378 1 P 0
L 2.5308897 1.9136378 2.6108897 1.9136378 1 P 0
L 2.5308897 1.9636378 2.6108897 1.9636378 1 P 0
L 2.5448897 2.1156378 2.5448897 2.1656378 0 P 0
L 2.5468897 1.9136378 2.5468897 1.9636378 0 P 0
L 2.5928897 2.1156378 2.5928897 2.1656378 0 P 0
L 2.5948897 1.9136378 2.5948897 1.9636378 0 P 0
L 2.6018897 2.0116378 2.6018897 2.0796378 3 P 0
L 2.6088897 2.1156378 2.6088897 2.1656378 1 P 0
L 2.6108897 1.9136378 2.6108897 1.9636378 1 P 0
L 2.6228897 2.4666378 2.6228897 2.5166378 1 P 0
L 2.6228897 2.4666378 2.7028897 2.4666378 1 P 0
L 2.6228897 2.5166378 2.7028897 2.5166378 1 P 0
L 2.6268897 2.0116378 2.6268897 2.0796378 1 P 0
L 2.6268897 2.0246378 2.6318897 2.0246378 3 P 0
L 2.6268897 2.0666378 2.6318897 2.0666378 3 P 0
L 2.6318897 2.0246378 2.6318897 2.0666378 3 P 0
L 2.6388897 2.4666378 2.6388897 2.5166378 0 P 0
L 2.6698897 1.9956378 2.6998897 1.9956378 2 P 0
L 2.6848897 1.9806378 2.6848897 2.0106378 2 P 0
L 2.6868897 2.4666378 2.6868897 2.5166378 0 P 0
L 2.7028897 2.4666378 2.7028897 2.5166378 1 P 0
L 3.3068897 0.6926378 3.3068897 0.7426378 1 P 0
L 3.3068897 0.6926378 3.4208897 0.6926378 1 P 0
L 3.3068897 0.7426378 3.4208897 0.7426378 1 P 0
L 3.3178897 0.6706378 3.3178897 0.6926378 0 P 0
L 3.3178897 0.6706378 3.3358897 0.6706378 0 P 0
L 3.3178897 0.6776378 3.3358897 0.6776378 0 P 0
L 3.3228897 0.6836378 3.3308897 0.6836378 0 P 0
L 3.3358897 0.6706378 3.3358897 0.6926378 0 P 0
L 3.3548897 0.7426378 3.3548897 0.7646378 0 P 0
L 3.3548897 0.7576378 3.3728897 0.7576378 0 P 0
L 3.3548897 0.7646378 3.3728897 0.7646378 0 P 0
L 3.3598897 0.7516378 3.3678897 0.7516378 0 P 0
L 3.3728897 0.7426378 3.3728897 0.7646378 0 P 0
L 3.3918897 0.6706378 3.3918897 0.6926378 0 P 0
L 3.3918897 0.6706378 3.4098897 0.6706378 0 P 0
L 3.3918897 0.6776378 3.4098897 0.6776378 0 P 0
L 3.3968897 0.6836378 3.4048897 0.6836378 0 P 0
L 3.4098897 0.6706378 3.4098897 0.6926378 0 P 0
L 3.4208897 0.6926378 3.4208897 0.7426378 1 P 0
L 3.5908897 0.8226378 3.5908897 0.9026378 1 P 0
L 3.5908897 0.8226378 3.6408897 0.8226378 1 P 0
L 3.5908897 0.8386378 3.6408897 0.8386378 0 P 0
L 3.5908897 0.8866378 3.6408897 0.8866378 0 P 0
L 3.5908897 0.9026378 3.6408897 0.9026378 1 P 0
L 3.6408897 0.8226378 3.6408897 0.9026378 1 P 0
L 3.9598897 2.8986378 3.9598897 2.9786378 1 P 0
L 3.9598897 2.8986378 4.0098897 2.8986378 1 P 0
L 3.9598897 2.9146378 4.0098897 2.9146378 0 P 0
L 3.9598897 2.9626378 4.0098897 2.9626378 0 P 0
L 3.9598897 2.9786378 4.0098897 2.9786378 1 P 0
L 3.9678897 3.6586378 3.9678897 3.7386378 1 P 0
L 3.9678897 3.6586378 4.0178897 3.6586378 1 P 0
L 3.9678897 3.6746378 4.0178897 3.6746378 0 P 0
L 3.9678897 3.7226378 4.0178897 3.7226378 0 P 0
L 3.9678897 3.7386378 4.0178897 3.7386378 1 P 0
L 4.0098897 2.8986378 4.0098897 2.9786378 1 P 0
L 4.0178897 3.6586378 4.0178897 3.7386378 1 P 0
L 4.6758897 1.0376378 4.6758897 1.0876378 1 P 0
L 4.6758897 1.0376378 4.7558897 1.0376378 1 P 0
L 4.6758897 1.0876378 4.7558897 1.0876378 1 P 0
L 4.6918897 1.0376378 4.6918897 1.0876378 0 P 0
L 4.7178897 0.1816378 4.7178897 0.2316378 1 P 0
L 4.7178897 0.1816378 4.7978897 0.1816378 1 P 0
L 4.7178897 0.2316378 4.7978897 0.2316378 1 P 0
L 4.7338897 0.1816378 4.7338897 0.2316378 0 P 0
L 4.7398897 1.0376378 4.7398897 1.0876378 0 P 0
L 4.7558897 1.0376378 4.7558897 1.0876378 1 P 0
L 4.7818897 0.1816378 4.7818897 0.2316378 0 P 0
L 4.7978897 0.1816378 4.7978897 0.2316378 1 P 0
P 0.858388 2.212637 4 P 0 0
P 0.8693796 2.643637 4 P 0 0
P 2.6144684 2.0456348 4 P 0 0
