#Layer_Color=16711935
#
#Feature symbol names
#
$0 r3.937
$1 r10

#
#Feature attribute names
#

#
#Layer features
#
A 0.5629921 3.507874 0.5629921 3.507874 0.5433071 3.507874 0 P 0 N
A 1.0088583 1.8498031 1.0088583 1.8498031 0.9891733 1.8498031 0 P 0 N
A 1.3503779 2.3859921 1.3503779 2.3859921 1.3306929 2.3859921 0 P 0 N
A 1.8732071 0.492126 1.8141509 0.492126 1.843679 0.492126 1 P 0 N
A 1.9867716 2.2426299 1.9867716 2.2426299 1.9670866 2.2426299 0 P 0 N
A 2.2394173 3.2239606 2.2394173 3.2239606 2.2197323 3.2239606 0 P 0 N
A 2.4727716 2.6516299 2.4727716 2.6516299 2.4530866 2.6516299 0 P 0 N
A 2.5147716 1.2576299 2.5147716 1.2576299 2.4950866 1.2576299 0 P 0 N
A 2.5317716 1.8556299 2.5317716 1.8556299 2.5120866 1.8556299 0 P 0 N
A 3.0340157 2.2426299 3.0340157 2.2426299 3.0143307 2.2426299 0 P 0 N
A 3.2866614 3.2239606 3.2866614 3.2239606 3.2669764 3.2239606 0 P 0 N
A 3.5200157 2.6516299 3.5200157 2.6516299 3.5003307 2.6516299 0 P 0 N
A 3.5620157 1.2576299 3.5620157 1.2576299 3.5423307 1.2576299 0 P 0 N
A 3.5790157 1.8556299 3.5790157 1.8556299 3.5593307 1.8556299 0 P 0 N
A 4.0851968 2.2426299 4.0851968 2.2426299 4.0655118 2.2426299 0 P 0 N
A 4.3378425 3.2239606 4.3378425 3.2239606 4.3181575 3.2239606 0 P 0 N
A 4.5711968 2.6516299 4.5711968 2.6516299 4.5515118 2.6516299 0 P 0 N
A 4.6131968 1.2576299 4.6131968 1.2576299 4.5935118 1.2576299 0 P 0 N
A 4.6301968 1.8556299 4.6301968 1.8556299 4.6105118 1.8556299 0 P 0 N
A 5.1166929 2.2426299 5.1166929 2.2426299 5.0970079 2.2426299 0 P 0 N
A 5.3693386 3.2239606 5.3693386 3.2239606 5.3496536 3.2239606 0 P 0 N
A 5.6026929 2.6516299 5.6026929 2.6516299 5.5830079 2.6516299 0 P 0 N
A 5.6446929 1.2576299 5.6446929 1.2576299 5.6250079 1.2576299 0 P 0 N
A 5.6616929 1.8556299 5.6616929 1.8556299 5.6420079 1.8556299 0 P 0 N
L 0.5078735 2.7559057 0.5078735 3.5433077 0 P 0
L 0.5078735 2.7559057 1.2952755 2.7559057 0 P 0
L 0.5078735 3.5433077 1.2952755 3.5433077 0 P 0
L 0.9537402 1.6037401 0.9537402 1.8852362 0 P 0
L 0.9537402 1.6037401 1.2352363 1.6037401 0 P 0
L 0.9537402 1.8852362 1.2352363 1.8852362 0 P 0
L 1.2352363 1.6037401 1.2352363 1.8852362 0 P 0
L 1.2952598 2.2245748 1.2952598 2.4214252 0 P 0
L 1.2952598 2.2245748 1.4527402 2.2245748 0 P 0
L 1.2952598 2.4214252 1.4527402 2.4214252 0 P 0
L 1.2952755 2.7559057 1.2952755 3.5433077 0 P 0
L 1.4527402 2.2245748 1.4527402 2.4214252 0 P 0
L 1.5984251 0.3937008 1.8141509 0.3937008 1 P 0
L 1.8056703 2.1205828 1.8056703 2.2780628 0 P 0
L 1.8056703 2.1205828 2.0025203 2.1205828 0 P 0
L 1.8056703 2.2780628 2.0025203 2.2780628 0 P 0
L 1.8141509 0.3937008 1.8141509 0.492126 1 P 0
L 1.8732071 0.3945094 1.8732071 0.492126 1 P 0
L 1.8732071 0.3945094 1.8740157 0.3937008 1 P 0
L 1.8740157 0.3937008 4.5109734 0.3937008 1 P 0
L 2.0025203 2.1205828 2.0025203 2.2780628 0 P 0
L 2.1842983 3.1885268 2.1842983 3.4641188 0 P 0
L 2.1842983 3.1885268 2.4598903 3.1885268 0 P 0
L 2.1842983 3.4641188 2.4598903 3.4641188 0 P 0
L 2.2916703 2.5295828 2.2916703 2.6870628 0 P 0
L 2.2916703 2.5295828 2.4885203 2.5295828 0 P 0
L 2.2916703 2.6870628 2.4885203 2.6870628 0 P 0
L 2.3336703 1.1355828 2.3336703 1.2930628 0 P 0
L 2.3336703 1.1355828 2.5305203 1.1355828 0 P 0
L 2.3336703 1.2930628 2.5305203 1.2930628 0 P 0
L 2.3506703 1.7335828 2.3506703 1.8910628 0 P 0
L 2.3506703 1.7335828 2.5475203 1.7335828 0 P 0
L 2.3506703 1.8910628 2.5475203 1.8910628 0 P 0
L 2.4598903 3.1885268 2.4598903 3.4641188 0 P 0
L 2.4885203 2.5295828 2.4885203 2.6870628 0 P 0
L 2.5305203 1.1355828 2.5305203 1.2930628 0 P 0
L 2.5475203 1.7335828 2.5475203 1.8910628 0 P 0
L 2.8529143 2.1205828 2.8529143 2.2780628 0 P 0
L 2.8529143 2.1205828 3.0497643 2.1205828 0 P 0
L 2.8529143 2.2780628 3.0497643 2.2780628 0 P 0
L 3.0497643 2.1205828 3.0497643 2.2780628 0 P 0
L 3.2315443 3.1885268 3.2315443 3.4641188 0 P 0
L 3.2315443 3.1885268 3.5071343 3.1885268 0 P 0
L 3.2315443 3.4641188 3.5071343 3.4641188 0 P 0
L 3.3389143 2.5295828 3.3389143 2.6870628 0 P 0
L 3.3389143 2.5295828 3.5357643 2.5295828 0 P 0
L 3.3389143 2.6870628 3.5357643 2.6870628 0 P 0
L 3.3809143 1.1355828 3.3809143 1.2930628 0 P 0
L 3.3809143 1.1355828 3.5777643 1.1355828 0 P 0
L 3.3809143 1.2930628 3.5777643 1.2930628 0 P 0
L 3.3979143 1.7335828 3.3979143 1.8910628 0 P 0
L 3.3979143 1.7335828 3.5947643 1.7335828 0 P 0
L 3.3979143 1.8910628 3.5947643 1.8910628 0 P 0
L 3.5071343 3.1885268 3.5071343 3.4641188 0 P 0
L 3.5357643 2.5295828 3.5357643 2.6870628 0 P 0
L 3.5777643 1.1355828 3.5777643 1.2930628 0 P 0
L 3.5947643 1.7335828 3.5947643 1.8910628 0 P 0
L 3.9040943 2.1205828 3.9040943 2.2780628 0 P 0
L 3.9040943 2.1205828 4.1009443 2.1205828 0 P 0
L 3.9040943 2.2780628 4.1009443 2.2780628 0 P 0
L 4.1009443 2.1205828 4.1009443 2.2780628 0 P 0
L 4.2827243 3.1885268 4.2827243 3.4641188 0 P 0
L 4.2827243 3.1885268 4.5583143 3.1885268 0 P 0
L 4.2827243 3.4641188 4.5583143 3.4641188 0 P 0
L 4.3900943 2.5295828 4.3900943 2.6870628 0 P 0
L 4.3900943 2.5295828 4.5869443 2.5295828 0 P 0
L 4.3900943 2.6870628 4.5869443 2.6870628 0 P 0
L 4.4320943 1.1355828 4.4320943 1.2930628 0 P 0
L 4.4320943 1.1355828 4.6289443 1.1355828 0 P 0
L 4.4320943 1.2930628 4.6289443 1.2930628 0 P 0
L 4.4490943 1.7335828 4.4490943 1.8910628 0 P 0
L 4.4490943 1.7335828 4.6459443 1.7335828 0 P 0
L 4.4490943 1.8910628 4.6459443 1.8910628 0 P 0
L 4.5109734 0.3937008 5.0846456 0.3937008 1 P 0
L 4.5583143 3.1885268 4.5583143 3.4641188 0 P 0
L 4.5869443 2.5295828 4.5869443 2.6870628 0 P 0
L 4.6289443 1.1355828 4.6289443 1.2930628 0 P 0
L 4.6459443 1.7335828 4.6459443 1.8910628 0 P 0
L 4.9355903 2.1205828 4.9355903 2.2780628 0 P 0
L 4.9355903 2.1205828 5.1324403 2.1205828 0 P 0
L 4.9355903 2.2780628 5.1324403 2.2780628 0 P 0
L 5.1324403 2.1205828 5.1324403 2.2780628 0 P 0
L 5.3142203 3.1885268 5.3142203 3.4641188 0 P 0
L 5.3142203 3.1885268 5.5898103 3.1885268 0 P 0
L 5.3142203 3.4641188 5.5898103 3.4641188 0 P 0
L 5.4215903 2.5295828 5.4215903 2.6870628 0 P 0
L 5.4215903 2.5295828 5.6184403 2.5295828 0 P 0
L 5.4215903 2.6870628 5.6184403 2.6870628 0 P 0
L 5.4635903 1.1355828 5.4635903 1.2930628 0 P 0
L 5.4635903 1.1355828 5.6604403 1.1355828 0 P 0
L 5.4635903 1.2930628 5.6604403 1.2930628 0 P 0
L 5.4805903 1.7335828 5.4805903 1.8910628 0 P 0
L 5.4805903 1.7335828 5.6774403 1.7335828 0 P 0
L 5.4805903 1.8910628 5.6774403 1.8910628 0 P 0
L 5.5898103 3.1885268 5.5898103 3.4641188 0 P 0
L 5.6184403 2.5295828 5.6184403 2.6870628 0 P 0
L 5.6604403 1.1355828 5.6604403 1.2930628 0 P 0
L 5.6774403 1.7335828 5.6774403 1.8910628 0 P 0
