#Layer_Color=32896
#
#Feature symbol names
#
$0 r5

#
#Feature attribute names
#

#
#Layer features
#
A 26.3932727 16.6142314 27.4168953 16.6142314 26.905084 16.1240776 0 P 0 N
A 26.4945598 16.116706 26.4945598 16.116706 26.4827488 16.116706 0 P 0 N
A 26.5129524 16.2475757 26.5129524 16.2475757 26.5011414 16.2475757 0 P 0 N
A 26.5175085 15.9865578 26.5175085 15.9865578 26.5056975 15.9865578 0 P 0 N
A 26.5708857 16.3663567 26.5708857 16.3663567 26.5590747 16.3663567 0 P 0 N
A 26.5795519 15.8698711 26.5795519 15.8698711 26.5677409 15.8698711 0 P 0 N
A 26.6353019 16.1259682 26.6353019 16.1259682 26.6234909 16.1259682 0 P 0 N
A 26.6626889 16.4614217 26.6626889 16.4614217 26.6508779 16.4614217 0 P 0 N
A 26.6666783 15.9948885 26.6666783 15.9948885 26.6548673 15.9948885 0 P 0 N
A 26.6684353 16.2566148 26.6684353 16.2566148 26.6566243 16.2566148 0 P 0 N
A 26.6746169 15.7780679 26.6746169 15.7780679 26.6628059 15.7780679 0 P 0 N
A 26.7553765 15.8934045 26.7553765 15.8934045 26.7435655 15.8934045 0 P 0 N
A 26.7584879 16.3568989 26.7584879 16.3568989 26.7466769 16.3568989 0 P 0 N
A 26.7763691 16.115307 26.7763691 16.115307 26.7645581 16.115307 0 P 0 N
A 26.7793757 16.5234651 26.7793757 16.5234651 26.7675647 16.5234651 0 P 0 N
A 26.7933979 15.7201345 26.7933979 15.7201345 26.7815869 15.7201345 0 P 0 N
A 26.8224215 16.2284775 26.8224215 16.2284775 26.8106105 16.2284775 0 P 0 N
A 26.8361361 16.0087412 26.8361361 16.0087412 26.8243251 16.0087412 0 P 0 N
A 26.8810768 15.8447651 26.8810768 15.8447651 26.8692658 15.8447651 0 P 0 N
A 26.8848299 16.4038464 26.8848299 16.4038464 26.8730189 16.4038464 0 P 0 N
A 26.9095238 16.5464138 26.9095238 16.5464138 26.8977128 16.5464138 0 P 0 N
A 26.9168957 16.1240779 26.9168957 16.1240779 26.9050847 16.1240779 0 P 0 N
A 26.9242676 15.701742 26.9242676 15.701742 26.9124566 15.701742 0 P 0 N
A 26.9396149 16.2630329 26.9396149 16.2630329 26.9278039 16.2630329 0 P 0 N
A 26.9567168 15.9890262 26.9567168 15.9890262 26.9449058 15.9890262 0 P 0 N
A 27.0149828 15.8601128 27.0149828 15.8601128 27.0031718 15.8601128 0 P 0 N
A 27.0185177 16.3867023 27.0185177 16.3867023 27.0067067 16.3867023 0 P 0 N
A 27.0397003 16.1929523 27.0397003 16.1929523 27.0278893 16.1929523 0 P 0 N
A 27.0403936 16.5280212 27.0403936 16.5280212 27.0285826 16.5280212 0 P 0 N
A 27.0473114 16.0710079 27.0473114 16.0710079 27.0355004 16.0710079 0 P 0 N
A 27.0544158 15.7246906 27.0544158 15.7246906 27.0426048 15.7246906 0 P 0 N
A 27.1264182 15.9359317 27.1264182 15.9359317 27.1146072 15.9359317 0 P 0 N
A 27.1289252 16.3093942 27.1289252 16.3093942 27.1171142 16.3093942 0 P 0 N
A 27.1591745 16.4700879 27.1591745 16.4700879 27.1473635 16.4700879 0 P 0 N
A 27.1711025 15.786734 27.1711025 15.786734 27.1592915 15.786734 0 P 0 N
A 27.1898545 16.0548527 27.1898545 16.0548527 27.1780435 16.0548527 0 P 0 N
A 27.1907593 16.1896323 27.1907593 16.1896323 27.1789483 16.1896323 0 P 0 N
A 27.2542395 16.3782847 27.2542395 16.3782847 27.2424285 16.3782847 0 P 0 N
A 27.2629057 15.8817991 27.2629057 15.8817991 27.2510947 15.8817991 0 P 0 N
A 27.316283 16.2615979 27.316283 16.2615979 27.304472 16.2615979 0 P 0 N
A 27.3208391 16.00058 27.3208391 16.00058 27.3090281 16.00058 0 P 0 N
A 27.3392316 16.1314498 27.3392316 16.1314498 27.3274206 16.1314498 0 P 0 N
A 30.3025058 20.2642965 30.3025058 20.2642965 30.2857735 20.2642965 0 P 0 N
A 30.3025058 20.5871313 30.3025058 20.5871313 30.2857735 20.5871313 0 P 0 N
A 30.4432539 20.4257139 30.4432539 20.4257139 30.4038838 20.4257139 0 P 0 N
A 30.802506 20.2642965 30.802506 20.2642965 30.7857737 20.2642965 0 P 0 N
A 30.802506 20.5871313 30.802506 20.5871313 30.7857737 20.5871313 0 P 0 N
L 26.393272 16.614232 26.393272 22.534122 0 P 0
L 26.393272 22.534122 27.416896 22.534122 0 P 0
L 27.416896 16.614232 27.416896 20.287918 0 P 0
L 27.416896 20.287918 30.063332 20.287918 0 P 0
L 27.416896 20.56351 27.416896 22.534122 0 P 0
L 27.416896 20.56351 30.063332 20.56351 0 P 0
L 30.063332 20.150124 30.063332 20.287918 0 P 0
L 30.063332 20.150124 31.008214 20.150124 0 P 0
L 30.063332 20.56351 30.063332 20.701304 0 P 0
L 30.063332 20.701304 31.008214 20.701304 0 P 0
L 31.008214 20.150124 31.008214 20.701304 0 P 0
