#Layer_Color=32768
#
#Feature symbol names
#
$0 r3.937
$1 r1.9685

#
#Feature attribute names
#

#
#Layer features
#
L 1.2056457 1.5358898 1.2056457 1.7721102 0 P 0
L 1.2056457 1.5358898 1.5363543 1.5358898 0 P 0
L 1.2056457 1.7721102 1.5363543 1.7721102 0 P 0
L 1.351315 1.654 1.390685 1.654 0 P 0
L 1.371 1.634315 1.371 1.673685 0 P 0
L 1.4277559 0.2047243 1.4277559 0.5846456 1 P 0
L 1.4277559 0.2047243 4.4627559 0.2047243 1 P 0
L 1.4277559 0.5846456 4.4627559 0.5846456 1 P 0
L 1.5363543 1.5358898 1.5363543 1.7721102 0 P 0
L 2.9330708 0.3937007 2.9724408 0.3937007 1 P 0
L 2.9527558 0.3740157 2.9527558 0.4133857 1 P 0
L 3.1836457 3.0998898 3.1836457 3.3361102 0 P 0
L 3.1836457 3.0998898 3.5143543 3.0998898 0 P 0
L 3.1836457 3.3361102 3.5143543 3.3361102 0 P 0
L 3.329315 3.218 3.368685 3.218 0 P 0
L 3.349 3.198315 3.349 3.237685 0 P 0
L 3.5143543 3.0998898 3.5143543 3.3361102 0 P 0
L 3.7196457 1.5358898 3.7196457 1.7721102 0 P 0
L 3.7196457 1.5358898 4.0503543 1.5358898 0 P 0
L 3.7196457 1.7721102 4.0503543 1.7721102 0 P 0
L 3.865315 1.654 3.904685 1.654 0 P 0
L 3.885 1.634315 3.885 1.673685 0 P 0
L 4.0483149 3.022 4.087685 3.022 0 P 0
L 4.0503543 1.5358898 4.0503543 1.7721102 0 P 0
L 4.068 3.002315 4.068 3.0416851 0 P 0
L 4.4627559 0.2047243 4.4627559 0.5846456 1 P 0
L 5.2258111 0.436874 5.2258111 0.7242756 0 P 0
L 5.2258111 0.436874 5.662819 0.436874 0 P 0
L 5.2258111 0.7242756 5.662819 0.7242756 0 P 0
L 5.3858662 1.6706693 5.3858662 1.9580709 0 P 0
L 5.3858662 1.6706693 5.8228741 1.6706693 0 P 0
L 5.3858662 1.9580709 5.8228741 1.9580709 0 P 0
L 5.42463 0.5805748 5.4640001 0.5805748 0 P 0
L 5.444315 0.5608897 5.444315 0.6002598 0 P 0
L 5.5846851 1.8143701 5.6240552 1.8143701 0 P 0
L 5.6043701 1.794685 5.6043701 1.8340551 0 P 0
L 5.662819 0.436874 5.662819 0.7242756 0 P 0
L 5.787315 1.1861367 5.8266851 1.1861367 0 P 0
L 5.787315 3.02 5.8266851 3.02 0 P 0
L 5.807 1.1664516 5.807 1.2058217 0 P 0
L 5.807 3.0003149 5.807 3.039685 0 P 0
L 5.8228741 1.6706693 5.8228741 1.9580709 0 P 0
