#Layer_Color=32768
#
#Feature symbol names
#
$0 r6
$1 r2
$2 r7
$3 r4
$4 rect68x25
$5 rect25x68
$6 rect35x118
$7 rect118x35

#
#Feature attribute names
#

#
#Layer features
#
L 0.3290945 3.4011811 0.3290945 3.4511811 0 P 0
L 0.3290945 3.4011811 0.4090945 3.4011811 0 P 0
L 0.3290945 3.4511811 0.4090945 3.4511811 0 P 0
L 0.335 3.52 0.335 3.57 0 P 0
L 0.335 3.52 0.415 3.52 0 P 0
L 0.335 3.57 0.415 3.57 0 P 0
L 0.3450945 3.4011811 0.3450945 3.4511811 1 P 0
L 0.351 3.52 0.351 3.57 1 P 0
L 0.3930945 3.4011811 0.3930945 3.4511811 1 P 0
L 0.399 3.52 0.399 3.57 1 P 0
L 0.4090945 3.4011811 0.4090945 3.4511811 0 P 0
L 0.415 3.52 0.415 3.57 0 P 0
L 0.741 1.2046562 0.741 1.2546562 0 P 0
L 0.741 1.2046562 0.821 1.2046562 0 P 0
L 0.741 1.2546562 0.821 1.2546562 0 P 0
L 0.741 1.2688786 0.741 1.3188786 0 P 0
L 0.741 1.2688786 0.821 1.2688786 0 P 0
L 0.741 1.3188786 0.821 1.3188786 0 P 0
L 0.741 1.3340606 0.741 1.3840606 0 P 0
L 0.741 1.3340606 0.821 1.3340606 0 P 0
L 0.741 1.3840606 0.821 1.3840606 0 P 0
L 0.741 1.3973334 0.741 1.4473334 0 P 0
L 0.741 1.3973334 0.821 1.3973334 0 P 0
L 0.741 1.4473334 0.821 1.4473334 0 P 0
L 0.757 1.2046562 0.757 1.2546562 1 P 0
L 0.757 1.2688786 0.757 1.3188786 1 P 0
L 0.757 1.3340606 0.757 1.3840606 1 P 0
L 0.757 1.3973334 0.757 1.4473334 1 P 0
L 0.805 1.2046562 0.805 1.2546562 1 P 0
L 0.805 1.2688786 0.805 1.3188786 1 P 0
L 0.805 1.3340606 0.805 1.3840606 1 P 0
L 0.805 1.3973334 0.805 1.4473334 1 P 0
L 0.821 1.2046562 0.821 1.2546562 0 P 0
L 0.821 1.2688786 0.821 1.3188786 0 P 0
L 0.821 1.3340606 0.821 1.3840606 0 P 0
L 0.821 1.3973334 0.821 1.4473334 0 P 0
L 0.871 1.2821367 0.871 1.3621367 0 P 0
L 0.871 1.2821367 0.921 1.2821367 0 P 0
L 0.871 1.2981367 0.921 1.2981367 1 P 0
L 0.871 1.3461367 0.921 1.3461367 1 P 0
L 0.871 1.3621367 0.921 1.3621367 0 P 0
L 0.921 1.2821367 0.921 1.3621367 0 P 0
L 1.07 1.055 1.07 1.135 0 P 0
L 1.07 1.055 1.12 1.055 0 P 0
L 1.07 1.071 1.12 1.071 1 P 0
L 1.07 1.119 1.12 1.119 1 P 0
L 1.07 1.135 1.12 1.135 0 P 0
L 1.086 1.556 1.086 1.606 0 P 0
L 1.086 1.556 1.166 1.556 0 P 0
L 1.086 1.606 1.166 1.606 0 P 0
L 1.087 1.622 1.087 1.672 0 P 0
L 1.087 1.622 1.167 1.622 0 P 0
L 1.087 1.672 1.167 1.672 0 P 0
L 1.0884142 1.688 1.0884142 1.738 0 P 0
L 1.0884142 1.688 1.1684142 1.688 0 P 0
L 1.0884142 1.738 1.1684142 1.738 0 P 0
L 1.089 1.752 1.089 1.802 0 P 0
L 1.089 1.752 1.169 1.752 0 P 0
L 1.089 1.802 1.169 1.802 0 P 0
L 1.102 1.556 1.102 1.606 1 P 0
L 1.103 1.622 1.103 1.672 1 P 0
L 1.104 1.215 1.104 1.295 0 P 0
L 1.104 1.215 1.154 1.215 0 P 0
L 1.104 1.231 1.154 1.231 1 P 0
L 1.104 1.279 1.154 1.279 1 P 0
L 1.104 1.295 1.154 1.295 0 P 0
L 1.1044142 1.688 1.1044142 1.738 1 P 0
L 1.105 1.752 1.105 1.802 1 P 0
L 1.12 1.055 1.12 1.135 0 P 0
L 1.15 1.556 1.15 1.606 1 P 0
L 1.151 1.622 1.151 1.672 1 P 0
L 1.1524142 1.688 1.1524142 1.738 1 P 0
L 1.153 1.752 1.153 1.802 1 P 0
L 1.154 1.215 1.154 1.295 0 P 0
L 1.166 1.556 1.166 1.606 0 P 0
L 1.167 1.622 1.167 1.672 0 P 0
L 1.1684142 1.688 1.1684142 1.738 0 P 0
L 1.169 1.752 1.169 1.802 0 P 0
L 1.327 1.1651967 1.327 1.2151967 0 P 0
L 1.327 1.1651967 1.407 1.1651967 0 P 0
L 1.327 1.2151967 1.407 1.2151967 0 P 0
L 1.327 1.23 1.327 1.28 0 P 0
L 1.327 1.23 1.407 1.23 0 P 0
L 1.327 1.28 1.407 1.28 0 P 0
L 1.327 1.2951181 1.327 1.3451181 0 P 0
L 1.327 1.2951181 1.407 1.2951181 0 P 0
L 1.327 1.3451181 1.407 1.3451181 0 P 0
L 1.343 1.1651967 1.343 1.2151967 1 P 0
L 1.343 1.23 1.343 1.28 1 P 0
L 1.343 1.2951181 1.343 1.3451181 1 P 0
L 1.352 1.687 1.352 1.767 0 P 0
L 1.352 1.687 1.402 1.687 0 P 0
L 1.352 1.703 1.402 1.703 1 P 0
L 1.352 1.751 1.402 1.751 1 P 0
L 1.352 1.767 1.402 1.767 0 P 0
L 1.381 0.536 1.381 0.624 3 P 0
L 1.381 0.536 1.385 0.536 3 P 0
L 1.381 0.624 1.385 0.624 3 P 0
L 1.385 0.517 1.385 0.643 3 P 0
L 1.385 0.517 1.39 0.521 1 P 0
L 1.385 0.517 1.605 0.517 3 P 0
L 1.385 0.643 1.39 0.639 1 P 0
L 1.385 0.643 1.605 0.643 3 P 0
L 1.39 0.521 1.39 0.639 1 P 0
L 1.39 0.521 1.6 0.521 1 P 0
L 1.39 0.639 1.6 0.639 1 P 0
L 1.391 1.1651967 1.391 1.2151967 1 P 0
L 1.391 1.23 1.391 1.28 1 P 0
L 1.391 1.2951181 1.391 1.3451181 1 P 0
L 1.402 1.687 1.402 1.767 0 P 0
L 1.407 1.1651967 1.407 1.2151967 0 P 0
L 1.407 1.23 1.407 1.28 0 P 0
L 1.407 1.2951181 1.407 1.3451181 0 P 0
L 1.474 0.719 1.474 0.761 3 P 0
L 1.474 0.719 1.479 0.719 3 P 0
L 1.474 0.761 1.479 0.761 3 P 0
L 1.479 0.706 1.479 0.774 0 P 0
L 1.479 0.706 1.601 0.706 0 P 0
L 1.479 0.774 1.601 0.774 0 P 0
L 1.565 0.521 1.565 0.639 1 P 0
L 1.576 0.706 1.576 0.774 3 P 0
L 1.579 1.406 1.579 1.486 0 P 0
L 1.579 1.406 1.629 1.406 0 P 0
L 1.579 1.422 1.629 1.422 1 P 0
L 1.579 1.47 1.629 1.47 1 P 0
L 1.579 1.486 1.629 1.486 0 P 0
L 1.6 0.521 1.6 0.639 1 P 0
L 1.6 0.521 1.605 0.517 1 P 0
L 1.6 0.639 1.605 0.643 1 P 0
L 1.601 0.706 1.601 0.774 0 P 0
L 1.601 0.719 1.606 0.719 3 P 0
L 1.601 0.761 1.606 0.761 3 P 0
L 1.605 0.517 1.605 0.643 3 P 0
L 1.605 0.536 1.609 0.536 3 P 0
L 1.605 0.564 1.609 0.564 3 P 0
L 1.605 0.596 1.609 0.596 3 P 0
L 1.605 0.624 1.609 0.624 3 P 0
L 1.606 0.719 1.606 0.761 3 P 0
L 1.609 0.536 1.609 0.564 3 P 0
L 1.609 0.596 1.609 0.624 3 P 0
L 1.629 1.406 1.629 1.486 0 P 0
L 1.644 0.69 1.674 0.69 2 P 0
L 1.659 0.675 1.659 0.705 2 P 0
L 1.66 0.485 1.69 0.485 2 P 0
L 1.675 0.47 1.675 0.5 2 P 0
L 1.879 2.575 1.879 2.655 0 P 0
L 1.879 2.575 1.929 2.575 0 P 0
L 1.879 2.591 1.929 2.591 1 P 0
L 1.879 2.639 1.929 2.639 1 P 0
L 1.879 2.655 1.929 2.655 0 P 0
L 1.929 2.575 1.929 2.655 0 P 0
L 1.998 2.577 1.998 2.657 0 P 0
L 1.998 2.577 2.048 2.577 0 P 0
L 1.998 2.593 2.048 2.593 1 P 0
L 1.998 2.641 2.048 2.641 1 P 0
L 1.998 2.657 2.048 2.657 0 P 0
L 2.048 2.577 2.048 2.657 0 P 0
L 2.1079448 3.501 2.1079448 3.581 0 P 0
L 2.1079448 3.501 2.1579448 3.501 0 P 0
L 2.1079448 3.517 2.1579448 3.517 1 P 0
L 2.1079448 3.565 2.1579448 3.565 1 P 0
L 2.1079448 3.581 2.1579448 3.581 0 P 0
L 2.1579448 3.501 2.1579448 3.581 0 P 0
L 2.1729448 3.5 2.1729448 3.58 0 P 0
L 2.1729448 3.5 2.2229448 3.5 0 P 0
L 2.1729448 3.516 2.2229448 3.516 1 P 0
L 2.1729448 3.564 2.2229448 3.564 1 P 0
L 2.1729448 3.58 2.2229448 3.58 0 P 0
L 2.2229448 3.5 2.2229448 3.58 0 P 0
L 2.2359448 3.499 2.2359448 3.579 0 P 0
L 2.2359448 3.499 2.2859448 3.499 0 P 0
L 2.2359448 3.515 2.2859448 3.515 1 P 0
L 2.2359448 3.563 2.2859448 3.563 1 P 0
L 2.2359448 3.579 2.2859448 3.579 0 P 0
L 2.2859448 3.499 2.2859448 3.579 0 P 0
L 2.305 3.501 2.305 3.581 0 P 0
L 2.305 3.501 2.355 3.501 0 P 0
L 2.305 3.517 2.355 3.517 1 P 0
L 2.305 3.565 2.355 3.565 1 P 0
L 2.305 3.581 2.355 3.581 0 P 0
L 2.355 3.501 2.355 3.581 0 P 0
L 2.3709448 3.502 2.3709448 3.582 0 P 0
L 2.3709448 3.502 2.4209448 3.502 0 P 0
L 2.3709448 3.518 2.4209448 3.518 1 P 0
L 2.3709448 3.566 2.4209448 3.566 1 P 0
L 2.3709448 3.582 2.4209448 3.582 0 P 0
L 2.4209448 3.502 2.4209448 3.582 0 P 0
L 2.4349448 3.502 2.4349448 3.582 0 P 0
L 2.4349448 3.502 2.4849448 3.502 0 P 0
L 2.4349448 3.518 2.4849448 3.518 1 P 0
L 2.4349448 3.566 2.4849448 3.566 1 P 0
L 2.4349448 3.582 2.4849448 3.582 0 P 0
L 2.4849448 3.502 2.4849448 3.582 0 P 0
L 2.814 3.584 2.814 3.664 0 P 0
L 2.814 3.584 2.864 3.584 0 P 0
L 2.814 3.6 2.864 3.6 1 P 0
L 2.814 3.648 2.864 3.648 1 P 0
L 2.814 3.664 2.864 3.664 0 P 0
L 2.864 3.584 2.864 3.664 0 P 0
L 2.901 3.584 2.901 3.664 0 P 0
L 2.901 3.584 2.951 3.584 0 P 0
L 2.901 3.6 2.951 3.6 1 P 0
L 2.901 3.648 2.951 3.648 1 P 0
L 2.901 3.664 2.951 3.664 0 P 0
L 2.951 3.584 2.951 3.664 0 P 0
L 3.025 3.586 3.025 3.666 0 P 0
L 3.025 3.586 3.075 3.586 0 P 0
L 3.025 3.602 3.075 3.602 1 P 0
L 3.025 3.65 3.075 3.65 1 P 0
L 3.025 3.666 3.075 3.666 0 P 0
L 3.0629284 3.217 3.0629284 3.267 0 P 0
L 3.0629284 3.217 3.1429284 3.217 0 P 0
L 3.0629284 3.267 3.1429284 3.267 0 P 0
L 3.064 3.283 3.064 3.333 0 P 0
L 3.064 3.283 3.144 3.283 0 P 0
L 3.064 3.333 3.144 3.333 0 P 0
L 3.075 3.586 3.075 3.666 0 P 0
L 3.0789284 3.217 3.0789284 3.267 1 P 0
L 3.08 3.283 3.08 3.333 1 P 0
L 3.122 3.58 3.122 3.66 0 P 0
L 3.122 3.58 3.172 3.58 0 P 0
L 3.122 3.596 3.172 3.596 1 P 0
L 3.122 3.644 3.172 3.644 1 P 0
L 3.122 3.66 3.172 3.66 0 P 0
L 3.1269284 3.217 3.1269284 3.267 1 P 0
L 3.128 3.283 3.128 3.333 1 P 0
L 3.1429284 3.217 3.1429284 3.267 0 P 0
L 3.144 3.283 3.144 3.333 0 P 0
L 3.172 3.58 3.172 3.66 0 P 0
L 3.255 1.2046562 3.255 1.2546562 0 P 0
L 3.255 1.2046562 3.335 1.2046562 0 P 0
L 3.255 1.2546562 3.335 1.2546562 0 P 0
L 3.255 1.2688786 3.255 1.3188786 0 P 0
L 3.255 1.2688786 3.335 1.2688786 0 P 0
L 3.255 1.3188786 3.335 1.3188786 0 P 0
L 3.255 1.3340606 3.255 1.3840606 0 P 0
L 3.255 1.3340606 3.335 1.3340606 0 P 0
L 3.255 1.3840606 3.335 1.3840606 0 P 0
L 3.255 1.3973334 3.255 1.4473334 0 P 0
L 3.255 1.3973334 3.335 1.3973334 0 P 0
L 3.255 1.4473334 3.335 1.4473334 0 P 0
L 3.258 3.059 3.258 3.109 0 P 0
L 3.258 3.059 3.338 3.059 0 P 0
L 3.258 3.109 3.338 3.109 0 P 0
L 3.271 1.2046562 3.271 1.2546562 1 P 0
L 3.271 1.2688786 3.271 1.3188786 1 P 0
L 3.271 1.3340606 3.271 1.3840606 1 P 0
L 3.271 1.3973334 3.271 1.4473334 1 P 0
L 3.274 3.059 3.274 3.109 1 P 0
L 3.319 1.2046562 3.319 1.2546562 1 P 0
L 3.319 1.2688786 3.319 1.3188786 1 P 0
L 3.319 1.3340606 3.319 1.3840606 1 P 0
L 3.319 1.3973334 3.319 1.4473334 1 P 0
L 3.322 3.059 3.322 3.109 1 P 0
L 3.335 1.2046562 3.335 1.2546562 0 P 0
L 3.335 1.2688786 3.335 1.3188786 0 P 0
L 3.335 1.3340606 3.335 1.3840606 0 P 0
L 3.335 1.3973334 3.335 1.4473334 0 P 0
L 3.338 3.059 3.338 3.109 0 P 0
L 3.385 1.2821367 3.385 1.3621367 0 P 0
L 3.385 1.2821367 3.435 1.2821367 0 P 0
L 3.385 1.2981367 3.435 1.2981367 1 P 0
L 3.385 1.3461367 3.435 1.3461367 1 P 0
L 3.385 1.3621367 3.435 1.3621367 0 P 0
L 3.39 0.729 3.39 0.747 1 P 0
L 3.39 0.729 3.412 0.729 1 P 0
L 3.39 0.747 3.412 0.747 1 P 0
L 3.397 0.729 3.397 0.747 1 P 0
L 3.403 0.734 3.403 0.742 1 P 0
L 3.412 0.681 3.412 0.795 0 P 0
L 3.412 0.681 3.462 0.681 0 P 0
L 3.412 0.795 3.462 0.795 0 P 0
L 3.435 1.2821367 3.435 1.3621367 0 P 0
L 3.462 0.681 3.462 0.795 0 P 0
L 3.462 0.692 3.484 0.692 1 P 0
L 3.462 0.71 3.484 0.71 1 P 0
L 3.462 0.766 3.484 0.766 1 P 0
L 3.462 0.784 3.484 0.784 1 P 0
L 3.471 0.697 3.471 0.705 1 P 0
L 3.471 0.771 3.471 0.779 1 P 0
L 3.477 0.692 3.477 0.71 1 P 0
L 3.477 0.766 3.477 0.784 1 P 0
L 3.484 0.692 3.484 0.71 1 P 0
L 3.484 0.766 3.484 0.784 1 P 0
L 3.559 3.237 3.559 3.287 0 P 0
L 3.559 3.237 3.639 3.237 0 P 0
L 3.559 3.287 3.639 3.287 0 P 0
L 3.5604142 3.161 3.5604142 3.211 0 P 0
L 3.5604142 3.161 3.6404142 3.161 0 P 0
L 3.5604142 3.211 3.6404142 3.211 0 P 0
L 3.561 0.73 3.561 0.748 1 P 0
L 3.561 0.73 3.583 0.73 1 P 0
L 3.561 0.748 3.583 0.748 1 P 0
L 3.568 0.73 3.568 0.748 1 P 0
L 3.574 0.735 3.574 0.743 1 P 0
L 3.575 3.237 3.575 3.287 1 P 0
L 3.5764142 3.161 3.5764142 3.211 1 P 0
L 3.583 0.682 3.583 0.796 0 P 0
L 3.583 0.682 3.633 0.682 0 P 0
L 3.583 0.796 3.633 0.796 0 P 0
L 3.584 1.055 3.584 1.135 0 P 0
L 3.584 1.055 3.634 1.055 0 P 0
L 3.584 1.071 3.634 1.071 1 P 0
L 3.584 1.119 3.634 1.119 1 P 0
L 3.584 1.135 3.634 1.135 0 P 0
L 3.601 1.554 3.601 1.604 0 P 0
L 3.601 1.554 3.681 1.554 0 P 0
L 3.601 1.604 3.681 1.604 0 P 0
L 3.601 1.619 3.601 1.669 0 P 0
L 3.601 1.619 3.681 1.619 0 P 0
L 3.601 1.669 3.681 1.669 0 P 0
L 3.6024142 1.685 3.6024142 1.735 0 P 0
L 3.6024142 1.685 3.6824142 1.685 0 P 0
L 3.6024142 1.735 3.6824142 1.735 0 P 0
L 3.603 1.748 3.603 1.798 0 P 0
L 3.603 1.748 3.683 1.748 0 P 0
L 3.603 1.798 3.683 1.798 0 P 0
L 3.617 1.554 3.617 1.604 1 P 0
L 3.617 1.619 3.617 1.669 1 P 0
L 3.618 1.215 3.618 1.295 0 P 0
L 3.618 1.215 3.668 1.215 0 P 0
L 3.618 1.231 3.668 1.231 1 P 0
L 3.618 1.279 3.668 1.279 1 P 0
L 3.618 1.295 3.668 1.295 0 P 0
L 3.6184142 1.685 3.6184142 1.735 1 P 0
L 3.619 1.748 3.619 1.798 1 P 0
L 3.623 3.237 3.623 3.287 1 P 0
L 3.6244142 3.161 3.6244142 3.211 1 P 0
L 3.633 0.682 3.633 0.796 0 P 0
L 3.633 0.693 3.655 0.693 1 P 0
L 3.633 0.711 3.655 0.711 1 P 0
L 3.633 0.767 3.655 0.767 1 P 0
L 3.633 0.785 3.655 0.785 1 P 0
L 3.634 1.055 3.634 1.135 0 P 0
L 3.639 3.237 3.639 3.287 0 P 0
L 3.6404142 3.161 3.6404142 3.211 0 P 0
L 3.642 0.698 3.642 0.706 1 P 0
L 3.642 0.772 3.642 0.78 1 P 0
L 3.648 0.693 3.648 0.711 1 P 0
L 3.648 0.767 3.648 0.785 1 P 0
L 3.655 0.693 3.655 0.711 1 P 0
L 3.655 0.767 3.655 0.785 1 P 0
L 3.665 1.554 3.665 1.604 1 P 0
L 3.665 1.619 3.665 1.669 1 P 0
L 3.6664142 1.685 3.6664142 1.735 1 P 0
L 3.667 1.748 3.667 1.798 1 P 0
L 3.668 1.215 3.668 1.295 0 P 0
L 3.681 1.554 3.681 1.604 0 P 0
L 3.681 1.619 3.681 1.669 0 P 0
L 3.6824142 1.685 3.6824142 1.735 0 P 0
L 3.683 1.748 3.683 1.798 0 P 0
L 3.841 1.1651967 3.841 1.2151967 0 P 0
L 3.841 1.1651967 3.921 1.1651967 0 P 0
L 3.841 1.2151967 3.921 1.2151967 0 P 0
L 3.841 1.23 3.841 1.28 0 P 0
L 3.841 1.23 3.921 1.23 0 P 0
L 3.841 1.28 3.921 1.28 0 P 0
L 3.841 1.2951181 3.841 1.3451181 0 P 0
L 3.841 1.2951181 3.921 1.2951181 0 P 0
L 3.841 1.3451181 3.921 1.3451181 0 P 0
L 3.857 1.1651967 3.857 1.2151967 1 P 0
L 3.857 1.23 3.857 1.28 1 P 0
L 3.857 1.2951181 3.857 1.3451181 1 P 0
L 3.866 1.687 3.866 1.767 0 P 0
L 3.866 1.687 3.916 1.687 0 P 0
L 3.866 1.703 3.916 1.703 1 P 0
L 3.866 1.751 3.916 1.751 1 P 0
L 3.866 1.767 3.916 1.767 0 P 0
L 3.905 1.1651967 3.905 1.2151967 1 P 0
L 3.905 1.23 3.905 1.28 1 P 0
L 3.905 1.2951181 3.905 1.3451181 1 P 0
L 3.916 1.687 3.916 1.767 0 P 0
L 3.921 1.1651967 3.921 1.2151967 0 P 0
L 3.921 1.23 3.921 1.28 0 P 0
L 3.921 1.2951181 3.921 1.3451181 0 P 0
L 4.093 1.406 4.093 1.486 0 P 0
L 4.093 1.406 4.143 1.406 0 P 0
L 4.093 1.422 4.143 1.422 1 P 0
L 4.093 1.47 4.143 1.47 1 P 0
L 4.093 1.486 4.143 1.486 0 P 0
L 4.143 1.406 4.143 1.486 0 P 0
L 4.175 0.501 4.205 0.501 2 P 0
L 4.19 0.486 4.19 0.516 2 P 0
L 4.206 0.559 4.206 0.681 0 P 0
L 4.206 0.559 4.274 0.559 0 P 0
L 4.206 0.584 4.274 0.584 3 P 0
L 4.206 0.681 4.274 0.681 0 P 0
L 4.219 0.554 4.219 0.559 3 P 0
L 4.219 0.554 4.261 0.554 3 P 0
L 4.219 0.681 4.219 0.686 3 P 0
L 4.219 0.686 4.261 0.686 3 P 0
L 4.261 0.554 4.261 0.559 3 P 0
L 4.261 0.681 4.261 0.686 3 P 0
L 4.274 0.559 4.274 0.681 0 P 0
L 4.366 0.554 4.366 0.676 0 P 0
L 4.366 0.554 4.434 0.554 0 P 0
L 4.366 0.651 4.434 0.651 3 P 0
L 4.366 0.676 4.434 0.676 0 P 0
L 4.379 0.549 4.379 0.554 3 P 0
L 4.379 0.549 4.421 0.549 3 P 0
L 4.379 0.676 4.379 0.681 3 P 0
L 4.379 0.681 4.421 0.681 3 P 0
L 4.421 0.549 4.421 0.554 3 P 0
L 4.421 0.676 4.421 0.681 3 P 0
L 4.434 0.554 4.434 0.676 0 P 0
L 4.435 0.734 4.465 0.734 2 P 0
L 4.45 0.719 4.45 0.749 2 P 0
L 4.48 0.4963936 4.51 0.4963936 2 P 0
L 4.495 0.4813936 4.495 0.5113936 2 P 0
L 4.511 0.5543936 4.511 0.6763936 0 P 0
L 4.511 0.5543936 4.579 0.5543936 0 P 0
L 4.511 0.5793936 4.579 0.5793936 3 P 0
L 4.511 0.6763936 4.579 0.6763936 0 P 0
L 4.524 0.5493936 4.524 0.5543936 3 P 0
L 4.524 0.5493936 4.566 0.5493936 3 P 0
L 4.524 0.6763936 4.524 0.6813936 3 P 0
L 4.524 0.6813936 4.566 0.6813936 3 P 0
L 4.566 0.5493936 4.566 0.5543936 3 P 0
L 4.566 0.6763936 4.566 0.6813936 3 P 0
L 4.579 0.5543936 4.579 0.6763936 0 P 0
L 5.123 2.013 5.153 2.013 2 P 0
L 5.138 1.998 5.138 2.028 2 P 0
L 5.17 2.083 5.17 2.303 3 P 0
L 5.17 2.083 5.174 2.088 1 P 0
L 5.17 2.083 5.296 2.083 3 P 0
L 5.17 2.303 5.174 2.298 1 P 0
L 5.17 2.303 5.296 2.303 3 P 0
L 5.174 2.088 5.174 2.298 1 P 0
L 5.174 2.088 5.292 2.088 1 P 0
L 5.174 2.123 5.292 2.123 1 P 0
L 5.174 2.298 5.292 2.298 1 P 0
L 5.189 2.079 5.189 2.083 3 P 0
L 5.189 2.079 5.217 2.079 3 P 0
L 5.189 2.303 5.189 2.307 3 P 0
L 5.189 2.307 5.277 2.307 3 P 0
L 5.217 2.079 5.217 2.083 3 P 0
L 5.24 1.566 5.24 1.616 0 P 0
L 5.24 1.566 5.32 1.566 0 P 0
L 5.24 1.616 5.32 1.616 0 P 0
L 5.2414142 1.478 5.2414142 1.528 0 P 0
L 5.2414142 1.478 5.3214142 1.478 0 P 0
L 5.2414142 1.528 5.3214142 1.528 0 P 0
L 5.249 2.079 5.249 2.083 3 P 0
L 5.249 2.079 5.277 2.079 3 P 0
L 5.256 1.566 5.256 1.616 1 P 0
L 5.2574142 1.478 5.2574142 1.528 1 P 0
L 5.277 2.079 5.277 2.083 3 P 0
L 5.277 2.303 5.277 2.307 3 P 0
L 5.292 2.088 5.292 2.298 1 P 0
L 5.292 2.088 5.296 2.083 1 P 0
L 5.292 2.298 5.296 2.303 1 P 0
L 5.296 2.083 5.296 2.303 3 P 0
L 5.304 1.566 5.304 1.616 1 P 0
L 5.3054142 1.478 5.3054142 1.528 1 P 0
L 5.32 1.566 5.32 1.616 0 P 0
L 5.3214142 1.478 5.3214142 1.528 0 P 0
L 5.322 2.015 5.352 2.015 2 P 0
L 5.337 2 5.337 2.03 2 P 0
L 5.369 2.085 5.369 2.305 3 P 0
L 5.369 2.085 5.373 2.09 1 P 0
L 5.369 2.085 5.495 2.085 3 P 0
L 5.369 2.305 5.373 2.3 1 P 0
L 5.369 2.305 5.495 2.305 3 P 0
L 5.373 2.09 5.373 2.3 1 P 0
L 5.373 2.09 5.491 2.09 1 P 0
L 5.373 2.125 5.491 2.125 1 P 0
L 5.373 2.3 5.491 2.3 1 P 0
L 5.388 2.081 5.388 2.085 3 P 0
L 5.388 2.081 5.416 2.081 3 P 0
L 5.388 2.305 5.388 2.309 3 P 0
L 5.388 2.309 5.476 2.309 3 P 0
L 5.416 2.081 5.416 2.085 3 P 0
L 5.448 2.081 5.448 2.085 3 P 0
L 5.448 2.081 5.476 2.081 3 P 0
L 5.476 2.081 5.476 2.085 3 P 0
L 5.476 2.305 5.476 2.309 3 P 0
L 5.491 2.09 5.491 2.3 1 P 0
L 5.491 2.09 5.495 2.085 1 P 0
L 5.491 2.3 5.495 2.305 1 P 0
L 5.495 2.085 5.495 2.305 3 P 0
P 1.5825586 0.5800002 6 P 0 0
P 1.5885 0.74 5 P 0 0
P 4.24 0.571503 4 P 0 0
P 4.4 0.6634988 4 P 0 0
P 4.5450024 0.5668936 4 P 0 0
P 5.233 2.1054714 7 P 0 0
P 5.4319988 2.107472 7 P 0 0
