#Layer_Color=32768
#
#Feature symbol names
#
$0 r3.937
$1 r1.9685

#
#Feature attribute names
#

#
#Layer features
#
L 1.2056457 1.5358898 1.2056457 1.7721102 0 P 0
L 1.2056457 1.5358898 1.5363543 1.5358898 0 P 0
L 1.2056457 1.7721102 1.5363543 1.7721102 0 P 0
L 1.351315 1.654 1.390685 1.654 0 P 0
L 1.371 1.634315 1.371 1.673685 0 P 0
L 1.4277559 0.2047243 1.4277559 0.5846456 1 P 0
L 1.4277559 0.2047243 4.4627559 0.2047243 1 P 0
L 1.4277559 0.5846456 4.4627559 0.5846456 1 P 0
L 1.5363543 1.5358898 1.5363543 1.7721102 0 P 0
L 1.5568111 1.5041693 1.5568111 1.7915709 0 P 0
L 1.5568111 1.5041693 1.993819 1.5041693 0 P 0
L 1.5568111 1.7915709 1.993819 1.7915709 0 P 0
L 1.75563 1.6478701 1.7950001 1.6478701 0 P 0
L 1.775315 1.6281851 1.775315 1.6675552 0 P 0
L 1.993819 1.5041693 1.993819 1.7915709 0 P 0
L 2.9330708 0.3937007 2.9724408 0.3937007 1 P 0
L 2.9527558 0.3740157 2.9527558 0.4133857 1 P 0
L 3.1836457 3.0998898 3.1836457 3.3361102 0 P 0
L 3.1836457 3.0998898 3.5143543 3.0998898 0 P 0
L 3.1836457 3.3361102 3.5143543 3.3361102 0 P 0
L 3.329315 3.218 3.368685 3.218 0 P 0
L 3.349 3.198315 3.349 3.237685 0 P 0
L 3.5143543 3.0998898 3.5143543 3.3361102 0 P 0
L 3.7196457 1.5358898 3.7196457 1.7721102 0 P 0
L 3.7196457 1.5358898 4.0503543 1.5358898 0 P 0
L 3.7196457 1.7721102 4.0503543 1.7721102 0 P 0
L 3.865315 1.654 3.904685 1.654 0 P 0
L 3.885 1.634315 3.885 1.673685 0 P 0
L 4.0503543 1.5358898 4.0503543 1.7721102 0 P 0
L 4.0708111 1.5041693 4.0708111 1.7915709 0 P 0
L 4.0708111 1.5041693 4.507819 1.5041693 0 P 0
L 4.0708111 1.7915709 4.507819 1.7915709 0 P 0
L 4.26963 1.6478701 4.3090001 1.6478701 0 P 0
L 4.289315 1.6281851 4.289315 1.6675552 0 P 0
L 4.4627559 0.2047243 4.4627559 0.5846456 1 P 0
L 4.507819 1.5041693 4.507819 1.7915709 0 P 0
