#Layer_Color=16711935
#
#Feature symbol names
#
$0 r3.937

#
#Feature attribute names
#

#
#Layer features
#
A 14.1007293 10.3131088 14.1007293 10.3131088 14.0810443 10.3131088 0 P 0 N
A 14.1007793 10.9038938 14.1007793 10.9038938 14.0810943 10.9038938 0 P 0 N
A 14.1077293 11.490604 14.1077293 11.490604 14.0880443 11.490604 0 P 0 N
A 14.3767293 10.3144938 14.3767293 10.3144938 14.3570443 10.3144938 0 P 0 N
A 14.3787293 11.493674 14.3787293 11.493674 14.3590443 11.493674 0 P 0 N
A 14.3787793 10.9048938 14.3787793 10.9048938 14.3590943 10.9048938 0 P 0 N
A 14.6487293 10.3145638 14.6487293 10.3145638 14.6290443 10.3145638 0 P 0 N
A 14.6537793 11.494894 14.6537793 11.494894 14.6340943 11.494894 0 P 0 N
A 14.6547793 10.9058938 14.6547793 10.9058938 14.6350943 10.9058938 0 P 0 N
A 14.9257793 10.3138938 14.9257793 10.3138938 14.9060943 10.3138938 0 P 0 N
A 14.9297793 11.4948938 14.9297793 11.4948938 14.9100943 11.4948938 0 P 0 N
A 14.9317793 10.9028938 14.9317793 10.9028938 14.9120943 10.9028938 0 P 0 N
L 14.0456112 10.1910615 14.0456112 10.3485419 0 P 0
L 14.0456112 10.1910615 14.2424616 10.1910615 0 P 0
L 14.0456112 10.3485419 14.2424616 10.3485419 0 P 0
L 14.0456612 10.7818465 14.0456612 10.9393269 0 P 0
L 14.0456612 10.7818465 14.2425116 10.7818465 0 P 0
L 14.0456612 10.9393269 14.2425116 10.9393269 0 P 0
L 14.0526112 11.3685567 14.0526112 11.5260371 0 P 0
L 14.0526112 11.3685567 14.2494616 11.3685567 0 P 0
L 14.0526112 11.5260371 14.2494616 11.5260371 0 P 0
L 14.2424616 10.1910615 14.2424616 10.3485419 0 P 0
L 14.2425116 10.7818465 14.2425116 10.9393269 0 P 0
L 14.2494616 11.3685567 14.2494616 11.5260371 0 P 0
L 14.3216112 10.1924465 14.3216112 10.3499269 0 P 0
L 14.3216112 10.1924465 14.5184616 10.1924465 0 P 0
L 14.3216112 10.3499269 14.5184616 10.3499269 0 P 0
L 14.3236112 11.3716267 14.3236112 11.5291071 0 P 0
L 14.3236112 11.3716267 14.5204616 11.3716267 0 P 0
L 14.3236112 11.5291071 14.5204616 11.5291071 0 P 0
L 14.3236612 10.7828465 14.3236612 10.9403269 0 P 0
L 14.3236612 10.7828465 14.5205116 10.7828465 0 P 0
L 14.3236612 10.9403269 14.5205116 10.9403269 0 P 0
L 14.5184616 10.1924465 14.5184616 10.3499269 0 P 0
L 14.5204616 11.3716267 14.5204616 11.5291071 0 P 0
L 14.5205116 10.7828465 14.5205116 10.9403269 0 P 0
L 14.5936112 10.1925165 14.5936112 10.3499969 0 P 0
L 14.5936112 10.1925165 14.7904616 10.1925165 0 P 0
L 14.5936112 10.3499969 14.7904616 10.3499969 0 P 0
L 14.5986612 11.3728467 14.5986612 11.5303271 0 P 0
L 14.5986612 11.3728467 14.7955116 11.3728467 0 P 0
L 14.5986612 11.5303271 14.7955116 11.5303271 0 P 0
L 14.5996612 10.7838465 14.5996612 10.9413269 0 P 0
L 14.5996612 10.7838465 14.7965116 10.7838465 0 P 0
L 14.5996612 10.9413269 14.7965116 10.9413269 0 P 0
L 14.7904616 10.1925165 14.7904616 10.3499969 0 P 0
L 14.7955116 11.3728467 14.7955116 11.5303271 0 P 0
L 14.7965116 10.7838465 14.7965116 10.9413269 0 P 0
L 14.8706612 10.1918465 14.8706612 10.3493269 0 P 0
L 14.8706612 10.1918465 15.0675116 10.1918465 0 P 0
L 14.8706612 10.3493269 15.0675116 10.3493269 0 P 0
L 14.8746612 11.3728465 14.8746612 11.5303269 0 P 0
L 14.8746612 11.3728465 15.0715116 11.3728465 0 P 0
L 14.8746612 11.5303269 15.0715116 11.5303269 0 P 0
L 14.8766612 10.7808465 14.8766612 10.9383269 0 P 0
L 14.8766612 10.7808465 15.0735116 10.7808465 0 P 0
L 14.8766612 10.9383269 15.0735116 10.9383269 0 P 0
L 15.0675116 10.1918465 15.0675116 10.3493269 0 P 0
L 15.0715116 11.3728465 15.0715116 11.5303269 0 P 0
L 15.0735116 10.7808465 15.0735116 10.9383269 0 P 0
