#Layer_Color=32768
#
#Feature symbol names
#
$0 r6
$1 r2
$2 r4
$3 r7
$4 rect25x68
$5 rect35x118

#
#Feature attribute names
#

#
#Layer features
#
L 29.1254004 23.012888 29.1254004 23.062888 0 P 0
L 29.1254004 23.012888 29.2054004 23.012888 0 P 0
L 29.1254004 23.062888 29.2054004 23.062888 0 P 0
L 29.1414004 23.012888 29.1414004 23.062888 1 P 0
L 29.1894004 23.012888 29.1894004 23.062888 1 P 0
L 29.2054004 23.012888 29.2054004 23.062888 0 P 0
L 29.2604004 23.207888 29.2604004 23.287888 0 P 0
L 29.2604004 23.207888 29.3104004 23.207888 0 P 0
L 29.2604004 23.223888 29.3104004 23.223888 1 P 0
L 29.2604004 23.271888 29.3104004 23.271888 1 P 0
L 29.2604004 23.287888 29.3104004 23.287888 0 P 0
L 29.3104004 23.207888 29.3104004 23.287888 0 P 0
L 29.3934004 24.753888 29.3934004 24.803888 0 P 0
L 29.3934004 24.753888 29.4734004 24.753888 0 P 0
L 29.3934004 24.803888 29.4734004 24.803888 0 P 0
L 29.4054004 23.342888 29.4054004 23.392888 0 P 0
L 29.4054004 23.342888 29.4854004 23.342888 0 P 0
L 29.4054004 23.392888 29.4854004 23.392888 0 P 0
L 29.4094004 24.753888 29.4094004 24.803888 1 P 0
L 29.4154004 23.172888 29.4154004 23.222888 0 P 0
L 29.4154004 23.172888 29.4954004 23.172888 0 P 0
L 29.4154004 23.222888 29.4954004 23.222888 0 P 0
L 29.4214004 23.342888 29.4214004 23.392888 1 P 0
L 29.4314004 23.172888 29.4314004 23.222888 1 P 0
L 29.4574004 24.753888 29.4574004 24.803888 1 P 0
L 29.4584004 24.858888 29.4584004 24.938888 0 P 0
L 29.4584004 24.858888 29.5084004 24.858888 0 P 0
L 29.4584004 24.874888 29.5084004 24.874888 1 P 0
L 29.4584004 24.922888 29.5084004 24.922888 1 P 0
L 29.4584004 24.938888 29.5084004 24.938888 0 P 0
L 29.4694004 23.342888 29.4694004 23.392888 1 P 0
L 29.4734004 24.753888 29.4734004 24.803888 0 P 0
L 29.4794004 23.172888 29.4794004 23.222888 1 P 0
L 29.4854004 23.342888 29.4854004 23.392888 0 P 0
L 29.4954004 23.172888 29.4954004 23.222888 0 P 0
L 29.5084004 24.858888 29.5084004 24.938888 0 P 0
L 29.5334004 26.991888 29.5334004 27.071888 0 P 0
L 29.5334004 26.991888 29.5834004 26.991888 0 P 0
L 29.5334004 27.007888 29.5834004 27.007888 1 P 0
L 29.5334004 27.055888 29.5834004 27.055888 1 P 0
L 29.5334004 27.071888 29.5834004 27.071888 0 P 0
L 29.5834004 24.923888 29.5834004 24.973888 0 P 0
L 29.5834004 24.923888 29.6634004 24.923888 0 P 0
L 29.5834004 24.973888 29.6634004 24.973888 0 P 0
L 29.5834004 26.991888 29.5834004 27.071888 0 P 0
L 29.5984004 27.076888 29.6284004 27.076888 0 P 0
L 29.5994004 24.923888 29.5994004 24.973888 1 P 0
L 29.6134004 26.971888 29.6134004 27.001888 0 P 0
L 29.6134004 27.061888 29.6134004 27.091888 0 P 0
L 29.6474004 24.923888 29.6474004 24.973888 1 P 0
L 29.6534004 26.991888 29.6534004 27.071888 0 P 0
L 29.6534004 26.991888 29.7034004 26.991888 0 P 0
L 29.6534004 27.007888 29.7034004 27.007888 1 P 0
L 29.6534004 27.055888 29.7034004 27.055888 1 P 0
L 29.6534004 27.071888 29.7034004 27.071888 0 P 0
L 29.6634004 24.923888 29.6634004 24.973888 0 P 0
L 29.7034004 26.991888 29.7034004 27.071888 0 P 0
L 29.7184004 27.076888 29.7484004 27.076888 0 P 0
L 29.7334004 26.971888 29.7334004 27.001888 0 P 0
L 29.7334004 27.061888 29.7334004 27.091888 0 P 0
L 29.7434004 24.923888 29.7434004 24.973888 0 P 0
L 29.7434004 24.923888 29.8234004 24.923888 0 P 0
L 29.7434004 24.973888 29.8234004 24.973888 0 P 0
L 29.7594004 24.923888 29.7594004 24.973888 1 P 0
L 29.7734004 26.991888 29.7734004 27.071888 0 P 0
L 29.7734004 26.991888 29.8234004 26.991888 0 P 0
L 29.7734004 27.007888 29.8234004 27.007888 1 P 0
L 29.7734004 27.055888 29.8234004 27.055888 1 P 0
L 29.7734004 27.071888 29.8234004 27.071888 0 P 0
L 29.8074004 24.923888 29.8074004 24.973888 1 P 0
L 29.8234004 24.923888 29.8234004 24.973888 0 P 0
L 29.8234004 26.991888 29.8234004 27.071888 0 P 0
L 29.8384004 27.076888 29.8684004 27.076888 0 P 0
L 29.8534004 26.971888 29.8534004 27.001888 0 P 0
L 29.8534004 27.061888 29.8534004 27.091888 0 P 0
L 29.8934004 26.991888 29.8934004 27.071888 0 P 0
L 29.8934004 26.991888 29.9434004 26.991888 0 P 0
L 29.8934004 27.007888 29.9434004 27.007888 1 P 0
L 29.8934004 27.055888 29.9434004 27.055888 1 P 0
L 29.8934004 27.071888 29.9434004 27.071888 0 P 0
L 29.9434004 26.991888 29.9434004 27.071888 0 P 0
L 29.9584004 27.076888 29.9884004 27.076888 0 P 0
L 29.9734004 26.971888 29.9734004 27.001888 0 P 0
L 29.9734004 27.061888 29.9734004 27.091888 0 P 0
L 30.0134004 26.991888 30.0134004 27.071888 0 P 0
L 30.0134004 26.991888 30.0634004 26.991888 0 P 0
L 30.0134004 27.007888 30.0634004 27.007888 1 P 0
L 30.0134004 27.055888 30.0634004 27.055888 1 P 0
L 30.0134004 27.071888 30.0634004 27.071888 0 P 0
L 30.0634004 26.991888 30.0634004 27.071888 0 P 0
L 30.0784004 27.076888 30.1084004 27.076888 0 P 0
L 30.0934004 26.971888 30.0934004 27.001888 0 P 0
L 30.0934004 27.061888 30.0934004 27.091888 0 P 0
L 30.1334004 26.991888 30.1334004 27.071888 0 P 0
L 30.1334004 26.991888 30.1834004 26.991888 0 P 0
L 30.1334004 27.007888 30.1834004 27.007888 1 P 0
L 30.1334004 27.055888 30.1834004 27.055888 1 P 0
L 30.1334004 27.071888 30.1834004 27.071888 0 P 0
L 30.1834004 26.991888 30.1834004 27.071888 0 P 0
L 30.1984004 27.076888 30.2284004 27.076888 0 P 0
L 30.2134004 26.971888 30.2134004 27.001888 0 P 0
L 30.2134004 27.061888 30.2134004 27.091888 0 P 0
L 34.5139043 24.152888 34.5139043 24.232888 0 P 0
L 34.5139043 24.152888 34.5639043 24.152888 0 P 0
L 34.5139043 24.168888 34.5639043 24.168888 1 P 0
L 34.5139043 24.216888 34.5639043 24.216888 1 P 0
L 34.5139043 24.232888 34.5639043 24.232888 0 P 0
L 34.5639043 24.152888 34.5639043 24.232888 0 P 0
L 35.2504004 26.112888 35.2804004 26.112888 3 P 0
L 35.2604004 26.312888 35.2904004 26.312888 3 P 0
L 35.2654004 26.097888 35.2654004 26.127888 3 P 0
L 35.2754004 26.297888 35.2754004 26.327888 3 P 0
L 35.2889043 24.517888 35.2889043 24.567888 0 P 0
L 35.2889043 24.517888 35.3689043 24.517888 0 P 0
L 35.2889043 24.567888 35.3689043 24.567888 0 P 0
L 35.2959043 23.579888 35.2959043 23.629888 0 P 0
L 35.2959043 23.579888 35.3759043 23.579888 0 P 0
L 35.2959043 23.629888 35.3759043 23.629888 0 P 0
L 35.2989043 24.847888 35.2989043 24.897888 0 P 0
L 35.2989043 24.847888 35.3789043 24.847888 0 P 0
L 35.2989043 24.897888 35.3789043 24.897888 0 P 0
L 35.3049043 24.517888 35.3049043 24.567888 1 P 0
L 35.3089043 23.897888 35.3089043 23.947888 0 P 0
L 35.3089043 23.897888 35.3889043 23.897888 0 P 0
L 35.3089043 23.947888 35.3889043 23.947888 0 P 0
L 35.3119043 23.579888 35.3119043 23.629888 1 P 0
L 35.3149043 24.847888 35.3149043 24.897888 1 P 0
L 35.3249043 23.897888 35.3249043 23.947888 1 P 0
L 35.3314004 25.973888 35.3314004 26.001888 2 P 0
L 35.3314004 25.973888 35.3354004 25.973888 2 P 0
L 35.3314004 26.001888 35.3354004 26.001888 2 P 0
L 35.3314004 26.033888 35.3314004 26.061888 2 P 0
L 35.3314004 26.033888 35.3354004 26.033888 2 P 0
L 35.3314004 26.061888 35.3354004 26.061888 2 P 0
L 35.3354004 25.954888 35.3354004 26.080888 2 P 0
L 35.3354004 25.954888 35.3404004 25.958888 1 P 0
L 35.3354004 25.954888 35.5554004 25.954888 2 P 0
L 35.3354004 26.080888 35.3404004 26.076888 1 P 0
L 35.3354004 26.080888 35.5554004 26.080888 2 P 0
L 35.3404004 25.958888 35.3404004 26.076888 1 P 0
L 35.3404004 25.958888 35.5504004 25.958888 1 P 0
L 35.3404004 26.076888 35.5504004 26.076888 1 P 0
L 35.3414004 26.173888 35.3414004 26.201888 2 P 0
L 35.3414004 26.173888 35.3454004 26.173888 2 P 0
L 35.3414004 26.201888 35.3454004 26.201888 2 P 0
L 35.3414004 26.233888 35.3414004 26.261888 2 P 0
L 35.3414004 26.233888 35.3454004 26.233888 2 P 0
L 35.3414004 26.261888 35.3454004 26.261888 2 P 0
L 35.3454004 26.154888 35.3454004 26.280888 2 P 0
L 35.3454004 26.154888 35.3504004 26.158888 1 P 0
L 35.3454004 26.154888 35.5654004 26.154888 2 P 0
L 35.3454004 26.280888 35.3504004 26.276888 1 P 0
L 35.3454004 26.280888 35.5654004 26.280888 2 P 0
L 35.3504004 26.158888 35.3504004 26.276888 1 P 0
L 35.3504004 26.158888 35.5604004 26.158888 1 P 0
L 35.3504004 26.276888 35.5604004 26.276888 1 P 0
L 35.3529043 24.517888 35.3529043 24.567888 1 P 0
L 35.3599043 23.579888 35.3599043 23.629888 1 P 0
L 35.3614004 25.397888 35.3914004 25.397888 3 P 0
L 35.3614004 25.527888 35.3914004 25.527888 3 P 0
L 35.3614004 25.657888 35.3914004 25.657888 3 P 0
L 35.3614004 25.787888 35.3914004 25.787888 3 P 0
L 35.3614004 25.917888 35.3914004 25.917888 3 P 0
L 35.3629043 24.847888 35.3629043 24.897888 1 P 0
L 35.3689043 24.517888 35.3689043 24.567888 0 P 0
L 35.3729043 23.897888 35.3729043 23.947888 1 P 0
L 35.3754004 25.958888 35.3754004 26.076888 1 P 0
L 35.3759043 23.579888 35.3759043 23.629888 0 P 0
L 35.3764004 25.382888 35.3764004 25.412888 3 P 0
L 35.3764004 25.512888 35.3764004 25.542888 3 P 0
L 35.3764004 25.642888 35.3764004 25.672888 3 P 0
L 35.3764004 25.772888 35.3764004 25.802888 3 P 0
L 35.3764004 25.902888 35.3764004 25.932888 3 P 0
L 35.3789043 24.847888 35.3789043 24.897888 0 P 0
L 35.3854004 26.158888 35.3854004 26.276888 1 P 0
L 35.3889043 23.897888 35.3889043 23.947888 0 P 0
L 35.4294004 25.326888 35.4294004 25.368888 2 P 0
L 35.4294004 25.326888 35.4344004 25.326888 2 P 0
L 35.4294004 25.368888 35.4344004 25.368888 2 P 0
L 35.4294004 25.456888 35.4294004 25.498888 2 P 0
L 35.4294004 25.456888 35.4344004 25.456888 2 P 0
L 35.4294004 25.498888 35.4344004 25.498888 2 P 0
L 35.4294004 25.586888 35.4294004 25.628888 2 P 0
L 35.4294004 25.586888 35.4344004 25.586888 2 P 0
L 35.4294004 25.628888 35.4344004 25.628888 2 P 0
L 35.4294004 25.716888 35.4294004 25.758888 2 P 0
L 35.4294004 25.716888 35.4344004 25.716888 2 P 0
L 35.4294004 25.758888 35.4344004 25.758888 2 P 0
L 35.4294004 25.846888 35.4294004 25.888888 2 P 0
L 35.4294004 25.846888 35.4344004 25.846888 2 P 0
L 35.4294004 25.888888 35.4344004 25.888888 2 P 0
L 35.4344004 25.313888 35.4344004 25.381888 0 P 0
L 35.4344004 25.313888 35.5564004 25.313888 0 P 0
L 35.4344004 25.381888 35.5564004 25.381888 0 P 0
L 35.4344004 25.443888 35.4344004 25.511888 0 P 0
L 35.4344004 25.443888 35.5564004 25.443888 0 P 0
L 35.4344004 25.511888 35.5564004 25.511888 0 P 0
L 35.4344004 25.573888 35.4344004 25.641888 0 P 0
L 35.4344004 25.573888 35.5564004 25.573888 0 P 0
L 35.4344004 25.641888 35.5564004 25.641888 0 P 0
L 35.4344004 25.703888 35.4344004 25.771888 0 P 0
L 35.4344004 25.703888 35.5564004 25.703888 0 P 0
L 35.4344004 25.771888 35.5564004 25.771888 0 P 0
L 35.4344004 25.833888 35.4344004 25.901888 0 P 0
L 35.4344004 25.833888 35.5564004 25.833888 0 P 0
L 35.4344004 25.901888 35.5564004 25.901888 0 P 0
L 35.4594004 25.313888 35.4594004 25.381888 2 P 0
L 35.4594004 25.443888 35.4594004 25.511888 2 P 0
L 35.4594004 25.573888 35.4594004 25.641888 2 P 0
L 35.4594004 25.703888 35.4594004 25.771888 2 P 0
L 35.4594004 25.833888 35.4594004 25.901888 2 P 0
L 35.5504004 25.958888 35.5504004 26.076888 1 P 0
L 35.5504004 25.958888 35.5554004 25.954888 1 P 0
L 35.5504004 26.076888 35.5554004 26.080888 1 P 0
L 35.5554004 25.954888 35.5554004 26.080888 2 P 0
L 35.5554004 25.973888 35.5594004 25.973888 2 P 0
L 35.5554004 26.061888 35.5594004 26.061888 2 P 0
L 35.5564004 25.313888 35.5564004 25.381888 0 P 0
L 35.5564004 25.326888 35.5614004 25.326888 2 P 0
L 35.5564004 25.368888 35.5614004 25.368888 2 P 0
L 35.5564004 25.443888 35.5564004 25.511888 0 P 0
L 35.5564004 25.456888 35.5614004 25.456888 2 P 0
L 35.5564004 25.498888 35.5614004 25.498888 2 P 0
L 35.5564004 25.573888 35.5564004 25.641888 0 P 0
L 35.5564004 25.586888 35.5614004 25.586888 2 P 0
L 35.5564004 25.628888 35.5614004 25.628888 2 P 0
L 35.5564004 25.703888 35.5564004 25.771888 0 P 0
L 35.5564004 25.716888 35.5614004 25.716888 2 P 0
L 35.5564004 25.758888 35.5614004 25.758888 2 P 0
L 35.5564004 25.833888 35.5564004 25.901888 0 P 0
L 35.5564004 25.846888 35.5614004 25.846888 2 P 0
L 35.5564004 25.888888 35.5614004 25.888888 2 P 0
L 35.5594004 25.973888 35.5594004 26.061888 2 P 0
L 35.5604004 26.158888 35.5604004 26.276888 1 P 0
L 35.5604004 26.158888 35.5654004 26.154888 1 P 0
L 35.5604004 26.276888 35.5654004 26.280888 1 P 0
L 35.5614004 25.326888 35.5614004 25.368888 2 P 0
L 35.5614004 25.456888 35.5614004 25.498888 2 P 0
L 35.5614004 25.586888 35.5614004 25.628888 2 P 0
L 35.5614004 25.716888 35.5614004 25.758888 2 P 0
L 35.5614004 25.846888 35.5614004 25.888888 2 P 0
L 35.5654004 26.154888 35.5654004 26.280888 2 P 0
L 35.5654004 26.173888 35.5694004 26.173888 2 P 0
L 35.5654004 26.261888 35.5694004 26.261888 2 P 0
L 35.5694004 26.173888 35.5694004 26.261888 2 P 0
L 35.8239043 23.832888 35.8239043 23.912888 0 P 0
L 35.8239043 23.832888 35.8739043 23.832888 0 P 0
L 35.8239043 23.848888 35.8739043 23.848888 1 P 0
L 35.8239043 23.896888 35.8739043 23.896888 1 P 0
L 35.8239043 23.912888 35.8739043 23.912888 0 P 0
L 35.8239043 24.782888 35.8239043 24.862888 0 P 0
L 35.8239043 24.782888 35.8739043 24.782888 0 P 0
L 35.8239043 24.798888 35.8739043 24.798888 1 P 0
L 35.8239043 24.846888 35.8739043 24.846888 1 P 0
L 35.8239043 24.862888 35.8739043 24.862888 0 P 0
L 35.8739043 23.832888 35.8739043 23.912888 0 P 0
L 35.8739043 24.782888 35.8739043 24.862888 0 P 0
L 36.0089043 23.537888 36.0089043 23.587888 0 P 0
L 36.0089043 23.537888 36.0889043 23.537888 0 P 0
L 36.0089043 23.587888 36.0889043 23.587888 0 P 0
L 36.0089043 24.487888 36.0089043 24.537888 0 P 0
L 36.0089043 24.487888 36.0889043 24.487888 0 P 0
L 36.0089043 24.537888 36.0889043 24.537888 0 P 0
L 36.0249043 23.537888 36.0249043 23.587888 1 P 0
L 36.0249043 24.487888 36.0249043 24.537888 1 P 0
L 36.0289043 23.907888 36.0289043 23.957888 0 P 0
L 36.0289043 23.907888 36.1089043 23.907888 0 P 0
L 36.0289043 23.957888 36.1089043 23.957888 0 P 0
L 36.0289043 24.847888 36.0289043 24.897888 0 P 0
L 36.0289043 24.847888 36.1089043 24.847888 0 P 0
L 36.0289043 24.897888 36.1089043 24.897888 0 P 0
L 36.0449043 23.907888 36.0449043 23.957888 1 P 0
L 36.0449043 24.847888 36.0449043 24.897888 1 P 0
L 36.0729043 23.537888 36.0729043 23.587888 1 P 0
L 36.0729043 24.487888 36.0729043 24.537888 1 P 0
L 36.0889043 23.537888 36.0889043 23.587888 0 P 0
L 36.0889043 24.487888 36.0889043 24.537888 0 P 0
L 36.0929043 23.907888 36.0929043 23.957888 1 P 0
L 36.0929043 24.847888 36.0929043 24.897888 1 P 0
L 36.1089043 23.907888 36.1089043 23.957888 0 P 0
L 36.1089043 24.847888 36.1089043 24.897888 0 P 0
L 36.5094004 24.667888 36.5094004 24.717888 0 P 0
L 36.5094004 24.667888 36.5894004 24.667888 0 P 0
L 36.5094004 24.717888 36.5894004 24.717888 0 P 0
L 36.5094004 24.747888 36.5094004 24.797888 0 P 0
L 36.5094004 24.747888 36.5894004 24.747888 0 P 0
L 36.5094004 24.797888 36.5894004 24.797888 0 P 0
L 36.5094004 24.827888 36.5094004 24.877888 0 P 0
L 36.5094004 24.827888 36.5894004 24.827888 0 P 0
L 36.5094004 24.877888 36.5894004 24.877888 0 P 0
L 36.5254004 24.667888 36.5254004 24.717888 1 P 0
L 36.5254004 24.747888 36.5254004 24.797888 1 P 0
L 36.5254004 24.827888 36.5254004 24.877888 1 P 0
L 36.5374004 23.779888 36.5374004 23.829888 0 P 0
L 36.5374004 23.779888 36.6174004 23.779888 0 P 0
L 36.5374004 23.829888 36.6174004 23.829888 0 P 0
L 36.5374004 23.849888 36.5374004 23.899888 0 P 0
L 36.5374004 23.849888 36.6174004 23.849888 0 P 0
L 36.5374004 23.899888 36.6174004 23.899888 0 P 0
L 36.5374004 23.919888 36.5374004 23.969888 0 P 0
L 36.5374004 23.919888 36.6174004 23.919888 0 P 0
L 36.5374004 23.969888 36.6174004 23.969888 0 P 0
L 36.5534004 23.779888 36.5534004 23.829888 1 P 0
L 36.5534004 23.849888 36.5534004 23.899888 1 P 0
L 36.5534004 23.919888 36.5534004 23.969888 1 P 0
L 36.5734004 24.667888 36.5734004 24.717888 1 P 0
L 36.5734004 24.747888 36.5734004 24.797888 1 P 0
L 36.5734004 24.827888 36.5734004 24.877888 1 P 0
L 36.5894004 24.667888 36.5894004 24.717888 0 P 0
L 36.5894004 24.747888 36.5894004 24.797888 0 P 0
L 36.5894004 24.827888 36.5894004 24.877888 0 P 0
L 36.6014004 23.779888 36.6014004 23.829888 1 P 0
L 36.6014004 23.849888 36.6014004 23.899888 1 P 0
L 36.6014004 23.919888 36.6014004 23.969888 1 P 0
L 36.6174004 23.779888 36.6174004 23.829888 0 P 0
L 36.6174004 23.849888 36.6174004 23.899888 0 P 0
L 36.6174004 23.919888 36.6174004 23.969888 0 P 0
L 36.7594004 24.494888 36.7594004 24.544888 0 P 0
L 36.7594004 24.494888 36.8394004 24.494888 0 P 0
L 36.7594004 24.544888 36.8394004 24.544888 0 P 0
L 36.7694004 24.814888 36.7694004 24.864888 0 P 0
L 36.7694004 24.814888 36.8494004 24.814888 0 P 0
L 36.7694004 24.864888 36.8494004 24.864888 0 P 0
L 36.7694004 24.897888 36.7694004 24.947888 0 P 0
L 36.7694004 24.897888 36.8494004 24.897888 0 P 0
L 36.7694004 24.947888 36.8494004 24.947888 0 P 0
L 36.7694004 24.977888 36.7694004 25.027888 0 P 0
L 36.7694004 24.977888 36.8494004 24.977888 0 P 0
L 36.7694004 25.027888 36.8494004 25.027888 0 P 0
L 36.7694004 25.057888 36.7694004 25.107888 0 P 0
L 36.7694004 25.057888 36.8494004 25.057888 0 P 0
L 36.7694004 25.107888 36.8494004 25.107888 0 P 0
L 36.7754004 24.002888 36.7754004 24.052888 0 P 0
L 36.7754004 24.002888 36.8554004 24.002888 0 P 0
L 36.7754004 24.052888 36.8554004 24.052888 0 P 0
L 36.7754004 24.072888 36.7754004 24.122888 0 P 0
L 36.7754004 24.072888 36.8554004 24.072888 0 P 0
L 36.7754004 24.122888 36.8554004 24.122888 0 P 0
L 36.7754004 24.142888 36.7754004 24.192888 0 P 0
L 36.7754004 24.142888 36.8554004 24.142888 0 P 0
L 36.7754004 24.192888 36.8554004 24.192888 0 P 0
L 36.7754004 24.494888 36.7754004 24.544888 1 P 0
L 36.7788965 23.589888 36.7788965 23.639888 0 P 0
L 36.7788965 23.589888 36.8588965 23.589888 0 P 0
L 36.7788965 23.639888 36.8588965 23.639888 0 P 0
L 36.7788965 23.929888 36.7788965 23.979888 0 P 0
L 36.7788965 23.929888 36.8588965 23.929888 0 P 0
L 36.7788965 23.979888 36.8588965 23.979888 0 P 0
L 36.7854004 24.814888 36.7854004 24.864888 1 P 0
L 36.7854004 24.897888 36.7854004 24.947888 1 P 0
L 36.7854004 24.977888 36.7854004 25.027888 1 P 0
L 36.7854004 25.057888 36.7854004 25.107888 1 P 0
L 36.7914004 24.002888 36.7914004 24.052888 1 P 0
L 36.7914004 24.072888 36.7914004 24.122888 1 P 0
L 36.7914004 24.142888 36.7914004 24.192888 1 P 0
L 36.7948965 23.589888 36.7948965 23.639888 1 P 0
L 36.7948965 23.929888 36.7948965 23.979888 1 P 0
L 36.8234004 24.494888 36.8234004 24.544888 1 P 0
L 36.8334004 24.814888 36.8334004 24.864888 1 P 0
L 36.8334004 24.897888 36.8334004 24.947888 1 P 0
L 36.8334004 24.977888 36.8334004 25.027888 1 P 0
L 36.8334004 25.057888 36.8334004 25.107888 1 P 0
L 36.8394004 24.002888 36.8394004 24.052888 1 P 0
L 36.8394004 24.072888 36.8394004 24.122888 1 P 0
L 36.8394004 24.142888 36.8394004 24.192888 1 P 0
L 36.8394004 24.494888 36.8394004 24.544888 0 P 0
L 36.8428965 23.589888 36.8428965 23.639888 1 P 0
L 36.8428965 23.929888 36.8428965 23.979888 1 P 0
L 36.8494004 24.814888 36.8494004 24.864888 0 P 0
L 36.8494004 24.897888 36.8494004 24.947888 0 P 0
L 36.8494004 24.977888 36.8494004 25.027888 0 P 0
L 36.8494004 25.057888 36.8494004 25.107888 0 P 0
L 36.8554004 24.002888 36.8554004 24.052888 0 P 0
L 36.8554004 24.072888 36.8554004 24.122888 0 P 0
L 36.8554004 24.142888 36.8554004 24.192888 0 P 0
L 36.8588965 23.589888 36.8588965 23.639888 0 P 0
L 36.8588965 23.929888 36.8588965 23.979888 0 P 0
P 35.3579004 26.017888 5 P 0 0
P 35.3679004 26.217888 5 P 0 0
P 35.4468932 25.347888 4 P 0 0
P 35.4469004 25.477888 4 P 0 0
P 35.4469004 25.607888 4 P 0 0
P 35.4469004 25.737888 4 P 0 0
P 35.4469004 25.867888 4 P 0 0
