#Layer_Color=32768
#
#Feature symbol names
#
$0 r6
$1 r2
$2 r4
$3 r7
$4 rect35x118
$5 rect25x68

#
#Feature attribute names
#

#
#Layer features
#
L 0.44 0.995 0.44 1.045 0 P 0
L 0.44 0.995 0.52 0.995 0 P 0
L 0.44 1.045 0.52 1.045 0 P 0
L 0.456 0.995 0.456 1.045 1 P 0
L 0.504 0.995 0.504 1.045 1 P 0
L 0.52 0.995 0.52 1.045 0 P 0
L 0.5248488 5.7211634 0.5248488 5.8011634 0 P 0
L 0.5248488 5.7211634 0.5748488 5.7211634 0 P 0
L 0.5248488 5.7371634 0.5748488 5.7371634 1 P 0
L 0.5248488 5.7851634 0.5748488 5.7851634 1 P 0
L 0.5248488 5.8011634 0.5748488 5.8011634 0 P 0
L 0.5748488 5.7211634 0.5748488 5.8011634 0 P 0
L 0.5898488 5.8061634 0.6198488 5.8061634 0 P 0
L 0.6048488 5.7011634 0.6048488 5.7311634 0 P 0
L 0.6048488 5.7911634 0.6048488 5.8211634 0 P 0
L 0.64 5.115 0.64 5.165 0 P 0
L 0.64 5.115 0.72 5.115 0 P 0
L 0.64 5.165 0.72 5.165 0 P 0
L 0.6448488 5.7211634 0.6448488 5.8011634 0 P 0
L 0.6448488 5.7211634 0.6948488 5.7211634 0 P 0
L 0.6448488 5.7371634 0.6948488 5.7371634 1 P 0
L 0.6448488 5.7851634 0.6948488 5.7851634 1 P 0
L 0.6448488 5.8011634 0.6948488 5.8011634 0 P 0
L 0.656 5.115 0.656 5.165 1 P 0
L 0.66 4.235 0.66 4.285 0 P 0
L 0.66 4.235 0.74 4.235 0 P 0
L 0.66 4.285 0.74 4.285 0 P 0
L 0.66 4.475 0.66 4.525 0 P 0
L 0.66 4.475 0.74 4.475 0 P 0
L 0.66 4.525 0.74 4.525 0 P 0
L 0.66 4.695 0.66 4.745 0 P 0
L 0.66 4.695 0.74 4.695 0 P 0
L 0.66 4.745 0.74 4.745 0 P 0
L 0.66 4.935 0.66 4.985 0 P 0
L 0.66 4.935 0.74 4.935 0 P 0
L 0.66 4.985 0.74 4.985 0 P 0
L 0.66 5.315 0.66 5.365 0 P 0
L 0.66 5.315 0.74 5.315 0 P 0
L 0.66 5.365 0.74 5.365 0 P 0
L 0.676 4.235 0.676 4.285 1 P 0
L 0.676 4.475 0.676 4.525 1 P 0
L 0.676 4.695 0.676 4.745 1 P 0
L 0.676 4.935 0.676 4.985 1 P 0
L 0.676 5.315 0.676 5.365 1 P 0
L 0.6948488 5.7211634 0.6948488 5.8011634 0 P 0
L 0.704 5.115 0.704 5.165 1 P 0
L 0.7098488 5.8061634 0.7398488 5.8061634 0 P 0
L 0.72 5.115 0.72 5.165 0 P 0
L 0.724 4.235 0.724 4.285 1 P 0
L 0.724 4.475 0.724 4.525 1 P 0
L 0.724 4.695 0.724 4.745 1 P 0
L 0.724 4.935 0.724 4.985 1 P 0
L 0.724 5.315 0.724 5.365 1 P 0
L 0.7248488 5.7011634 0.7248488 5.7311634 0 P 0
L 0.7248488 5.7911634 0.7248488 5.8211634 0 P 0
L 0.74 4.235 0.74 4.285 0 P 0
L 0.74 4.475 0.74 4.525 0 P 0
L 0.74 4.695 0.74 4.745 0 P 0
L 0.74 4.935 0.74 4.985 0 P 0
L 0.74 5.315 0.74 5.365 0 P 0
L 0.7648488 5.7211634 0.7648488 5.8011634 0 P 0
L 0.7648488 5.7211634 0.8148488 5.7211634 0 P 0
L 0.7648488 5.7371634 0.8148488 5.7371634 1 P 0
L 0.7648488 5.7851634 0.8148488 5.7851634 1 P 0
L 0.7648488 5.8011634 0.8148488 5.8011634 0 P 0
L 0.8148488 5.7211634 0.8148488 5.8011634 0 P 0
L 0.8298488 5.8061634 0.8598488 5.8061634 0 P 0
L 0.8448488 5.7011634 0.8448488 5.7311634 0 P 0
L 0.8448488 5.7911634 0.8448488 5.8211634 0 P 0
L 0.8848488 5.7211634 0.8848488 5.8011634 0 P 0
L 0.8848488 5.7211634 0.9348488 5.7211634 0 P 0
L 0.8848488 5.7371634 0.9348488 5.7371634 1 P 0
L 0.8848488 5.7851634 0.9348488 5.7851634 1 P 0
L 0.8848488 5.8011634 0.9348488 5.8011634 0 P 0
L 0.9348488 5.7211634 0.9348488 5.8011634 0 P 0
L 0.9498488 5.8061634 0.9798488 5.8061634 0 P 0
L 0.9648488 5.7011634 0.9648488 5.7311634 0 P 0
L 0.9648488 5.7911634 0.9648488 5.8211634 0 P 0
L 1.0048488 5.7211634 1.0048488 5.8011634 0 P 0
L 1.0048488 5.7211634 1.0548488 5.7211634 0 P 0
L 1.0048488 5.7371634 1.0548488 5.7371634 1 P 0
L 1.0048488 5.7851634 1.0548488 5.7851634 1 P 0
L 1.0048488 5.8011634 1.0548488 5.8011634 0 P 0
L 1.0548488 5.7211634 1.0548488 5.8011634 0 P 0
L 1.0698488 5.8061634 1.0998488 5.8061634 0 P 0
L 1.0848488 5.7011634 1.0848488 5.7311634 0 P 0
L 1.0848488 5.7911634 1.0848488 5.8211634 0 P 0
L 1.1248488 5.7211634 1.1248488 5.8011634 0 P 0
L 1.1248488 5.7211634 1.1748488 5.7211634 0 P 0
L 1.1248488 5.7371634 1.1748488 5.7371634 1 P 0
L 1.1248488 5.7851634 1.1748488 5.7851634 1 P 0
L 1.1248488 5.8011634 1.1748488 5.8011634 0 P 0
L 1.1748488 5.7211634 1.1748488 5.8011634 0 P 0
L 1.1898488 5.8061634 1.2198488 5.8061634 0 P 0
L 1.2048488 5.7011634 1.2048488 5.7311634 0 P 0
L 1.2048488 5.7911634 1.2048488 5.8211634 0 P 0
L 6.2418488 4.8421634 6.2718488 4.8421634 3 P 0
L 6.2518488 5.0421634 6.2818488 5.0421634 3 P 0
L 6.2568488 4.8271634 6.2568488 4.8571634 3 P 0
L 6.2668488 5.0271634 6.2668488 5.0571634 3 P 0
L 6.3228488 4.7031634 6.3228488 4.7311634 2 P 0
L 6.3228488 4.7031634 6.3268488 4.7031634 2 P 0
L 6.3228488 4.7311634 6.3268488 4.7311634 2 P 0
L 6.3228488 4.7631634 6.3228488 4.7911634 2 P 0
L 6.3228488 4.7631634 6.3268488 4.7631634 2 P 0
L 6.3228488 4.7911634 6.3268488 4.7911634 2 P 0
L 6.3268488 4.6841634 6.3268488 4.8101634 2 P 0
L 6.3268488 4.6841634 6.3318488 4.6881634 1 P 0
L 6.3268488 4.6841634 6.5468488 4.6841634 2 P 0
L 6.3268488 4.8101634 6.3318488 4.8061634 1 P 0
L 6.3268488 4.8101634 6.5468488 4.8101634 2 P 0
L 6.3318488 4.6881634 6.3318488 4.8061634 1 P 0
L 6.3318488 4.6881634 6.5418488 4.6881634 1 P 0
L 6.3318488 4.8061634 6.5418488 4.8061634 1 P 0
L 6.3328488 4.9031634 6.3328488 4.9311634 2 P 0
L 6.3328488 4.9031634 6.3368488 4.9031634 2 P 0
L 6.3328488 4.9311634 6.3368488 4.9311634 2 P 0
L 6.3328488 4.9631634 6.3328488 4.9911634 2 P 0
L 6.3328488 4.9631634 6.3368488 4.9631634 2 P 0
L 6.3328488 4.9911634 6.3368488 4.9911634 2 P 0
L 6.3368488 4.8841634 6.3368488 5.0101634 2 P 0
L 6.3368488 4.8841634 6.3418488 4.8881634 1 P 0
L 6.3368488 4.8841634 6.5568488 4.8841634 2 P 0
L 6.3368488 5.0101634 6.3418488 5.0061634 1 P 0
L 6.3368488 5.0101634 6.5568488 5.0101634 2 P 0
L 6.3418488 4.8881634 6.3418488 5.0061634 1 P 0
L 6.3418488 4.8881634 6.5518488 4.8881634 1 P 0
L 6.3418488 5.0061634 6.5518488 5.0061634 1 P 0
L 6.3528488 4.1271634 6.3828488 4.1271634 3 P 0
L 6.3528488 4.2571634 6.3828488 4.2571634 3 P 0
L 6.3528488 4.3871634 6.3828488 4.3871634 3 P 0
L 6.3528488 4.5171634 6.3828488 4.5171634 3 P 0
L 6.3528488 4.6471634 6.3828488 4.6471634 3 P 0
L 6.3668488 4.6881634 6.3668488 4.8061634 1 P 0
L 6.3678488 4.1121634 6.3678488 4.1421634 3 P 0
L 6.3678488 4.2421634 6.3678488 4.2721634 3 P 0
L 6.3678488 4.3721634 6.3678488 4.4021634 3 P 0
L 6.3678488 4.5021634 6.3678488 4.5321634 3 P 0
L 6.3678488 4.6321634 6.3678488 4.6621634 3 P 0
L 6.3768488 4.8881634 6.3768488 5.0061634 1 P 0
L 6.4208488 4.0561634 6.4208488 4.0981634 2 P 0
L 6.4208488 4.0561634 6.4258488 4.0561634 2 P 0
L 6.4208488 4.0981634 6.4258488 4.0981634 2 P 0
L 6.4208488 4.1861634 6.4208488 4.2281634 2 P 0
L 6.4208488 4.1861634 6.4258488 4.1861634 2 P 0
L 6.4208488 4.2281634 6.4258488 4.2281634 2 P 0
L 6.4208488 4.3161634 6.4208488 4.3581634 2 P 0
L 6.4208488 4.3161634 6.4258488 4.3161634 2 P 0
L 6.4208488 4.3581634 6.4258488 4.3581634 2 P 0
L 6.4208488 4.4461634 6.4208488 4.4881634 2 P 0
L 6.4208488 4.4461634 6.4258488 4.4461634 2 P 0
L 6.4208488 4.4881634 6.4258488 4.4881634 2 P 0
L 6.4208488 4.5761634 6.4208488 4.6181634 2 P 0
L 6.4208488 4.5761634 6.4258488 4.5761634 2 P 0
L 6.4208488 4.6181634 6.4258488 4.6181634 2 P 0
L 6.4258488 4.0431634 6.4258488 4.1111634 0 P 0
L 6.4258488 4.0431634 6.5478488 4.0431634 0 P 0
L 6.4258488 4.1111634 6.5478488 4.1111634 0 P 0
L 6.4258488 4.1731634 6.4258488 4.2411634 0 P 0
L 6.4258488 4.1731634 6.5478488 4.1731634 0 P 0
L 6.4258488 4.2411634 6.5478488 4.2411634 0 P 0
L 6.4258488 4.3031634 6.4258488 4.3711634 0 P 0
L 6.4258488 4.3031634 6.5478488 4.3031634 0 P 0
L 6.4258488 4.3711634 6.5478488 4.3711634 0 P 0
L 6.4258488 4.4331634 6.4258488 4.5011634 0 P 0
L 6.4258488 4.4331634 6.5478488 4.4331634 0 P 0
L 6.4258488 4.5011634 6.5478488 4.5011634 0 P 0
L 6.4258488 4.5631634 6.4258488 4.6311634 0 P 0
L 6.4258488 4.5631634 6.5478488 4.5631634 0 P 0
L 6.4258488 4.6311634 6.5478488 4.6311634 0 P 0
L 6.4508488 4.0431634 6.4508488 4.1111634 2 P 0
L 6.4508488 4.1731634 6.4508488 4.2411634 2 P 0
L 6.4508488 4.3031634 6.4508488 4.3711634 2 P 0
L 6.4508488 4.4331634 6.4508488 4.5011634 2 P 0
L 6.4508488 4.5631634 6.4508488 4.6311634 2 P 0
L 6.5418488 4.6881634 6.5418488 4.8061634 1 P 0
L 6.5418488 4.6881634 6.5468488 4.6841634 1 P 0
L 6.5418488 4.8061634 6.5468488 4.8101634 1 P 0
L 6.5468488 4.6841634 6.5468488 4.8101634 2 P 0
L 6.5468488 4.7031634 6.5508488 4.7031634 2 P 0
L 6.5468488 4.7911634 6.5508488 4.7911634 2 P 0
L 6.5478488 4.0431634 6.5478488 4.1111634 0 P 0
L 6.5478488 4.0561634 6.5528488 4.0561634 2 P 0
L 6.5478488 4.0981634 6.5528488 4.0981634 2 P 0
L 6.5478488 4.1731634 6.5478488 4.2411634 0 P 0
L 6.5478488 4.1861634 6.5528488 4.1861634 2 P 0
L 6.5478488 4.2281634 6.5528488 4.2281634 2 P 0
L 6.5478488 4.3031634 6.5478488 4.3711634 0 P 0
L 6.5478488 4.3161634 6.5528488 4.3161634 2 P 0
L 6.5478488 4.3581634 6.5528488 4.3581634 2 P 0
L 6.5478488 4.4331634 6.5478488 4.5011634 0 P 0
L 6.5478488 4.4461634 6.5528488 4.4461634 2 P 0
L 6.5478488 4.4881634 6.5528488 4.4881634 2 P 0
L 6.5478488 4.5631634 6.5478488 4.6311634 0 P 0
L 6.5478488 4.5761634 6.5528488 4.5761634 2 P 0
L 6.5478488 4.6181634 6.5528488 4.6181634 2 P 0
L 6.5508488 4.7031634 6.5508488 4.7911634 2 P 0
L 6.5518488 4.8881634 6.5518488 5.0061634 1 P 0
L 6.5518488 4.8881634 6.5568488 4.8841634 1 P 0
L 6.5518488 5.0061634 6.5568488 5.0101634 1 P 0
L 6.5528488 4.0561634 6.5528488 4.0981634 2 P 0
L 6.5528488 4.1861634 6.5528488 4.2281634 2 P 0
L 6.5528488 4.3161634 6.5528488 4.3581634 2 P 0
L 6.5528488 4.4461634 6.5528488 4.4881634 2 P 0
L 6.5528488 4.5761634 6.5528488 4.6181634 2 P 0
L 6.5568488 4.8841634 6.5568488 5.0101634 2 P 0
L 6.5568488 4.9031634 6.5608488 4.9031634 2 P 0
L 6.5568488 4.9911634 6.5608488 4.9911634 2 P 0
L 6.5608488 4.9031634 6.5608488 4.9911634 2 P 0
P 6.3493488 4.7471634 4 P 0 0
P 6.3593488 4.9471634 4 P 0 0
P 6.4383416 4.0771634 5 P 0 0
P 6.4383488 4.2071634 5 P 0 0
P 6.4383488 4.3371634 5 P 0 0
P 6.4383488 4.4671634 5 P 0 0
P 6.4383488 4.5971634 5 P 0 0
