#Layer_Color=16711935
#
#Feature symbol names
#
$0 r59.0551

#
#Feature attribute names
#

#
#Layer features
#
A 34.9854127 30.2694472 34.9852779 30.1559019 35.0832689 30.2125583 0 P 0 N
A 36.2864555 27.9023227 36.3844192 27.8457189 36.388402 27.9656863 0 P 0 N
A 37.6657956 34.7988179 37.567949 34.742123 37.6654068 34.6867075 0 P 0 N
A 40.1992308 20.8017707 40.3124196 20.6885315 40.3124068 20.8017075 0 P 0 N
A 40.2747946 21.7981469 40.1992308 21.6917773 40.3118798 21.6917773 0 P 0 N
A 40.3660223 34.7423997 40.2679095 34.7988176 40.2682164 34.6858314 0 P 0 N
A 40.8974868 22.0250065 40.9864355 22.1532504 40.8490142 22.1535955 0 P 0 N
A 40.9866325 27.7087075 40.8498219 27.8459326 40.8494068 27.7087075 0 P 0 N
A 41.9866324 22.5340547 42.1234434 22.3979315 42.1234068 22.5347075 0 P 0 N
A 42.0062912 28.523698 41.9866908 28.4489778 42.1236715 28.4529763 0 P 0 N
A 42.9486516 30.1559635 42.9487861 30.26923 42.8510357 30.2127127 0 P 0 N
A 43.212026 20.6885819 43.3255302 20.8017681 43.2114068 20.8027075 0 P 0 N
A 43.3252153 22.2837075 43.2120284 22.3965154 43.2124068 22.2837075 0 P 0 N
L 34.9852423 30.1559626 36.2845453 27.9055048 0 P 0
L 34.9852427 30.2691537 37.5677708 34.7422243 0 P 0
L 34.9953927 30.2867625 35.1932989 30.6295176 0 P 0
L 36.1197878 28.1908731 36.286394 27.9023027 0 P 0
L 36.1294716 30.2244371 36.907002 28.8640371 0 P 0
L 36.1294716 30.2244371 38.188378 33.7804883 0 P 0
L 36.3844188 27.8455827 36.7620788 27.8455827 0 P 0
L 36.7620788 27.8455827 40.8498212 27.8457075 0 P 0
L 36.907002 28.8640371 41.0268932 28.8640371 0 P 0
L 37.2262313 34.1506605 37.5565112 34.7223735 0 P 0
L 37.6657956 34.7988179 40.2679095 34.7988176 0 P 0
L 38.188378 33.7804883 39.7455156 33.7804883 0 P 0
L 39.7455156 33.7804883 41.8033844 30.2363155 0 P 0
L 40.1992308 20.8017763 40.1992308 21.6917773 0 P 0
L 40.2747946 21.7981469 40.8974868 22.0250065 0 P 0
L 40.3124196 20.6885819 43.212026 20.6885819 0 P 0
L 40.3660657 34.7423247 42.9486516 30.2691523 0 P 0
L 40.9866324 22.1532499 40.9866324 27.7088963 0 P 0
L 41.0268932 28.8640371 41.8033844 30.2363155 0 P 0
L 41.9866324 22.5340547 41.9866324 28.4529763 0 P 0
L 42.0049922 28.5214958 42.9486516 30.1559635 0 P 0
L 42.1234436 22.3972435 43.212026 22.3972435 0 P 0
L 43.3252153 22.2837075 43.3255302 20.8017681 0 P 0
