#Layer_Color=32768
#
#Feature symbol names
#
$0 r6
$1 r2

#
#Feature attribute names
#

#
#Layer features
#
L 3.3030472 0.996811 3.3030472 1.076811 0 P 0
L 3.3030472 0.996811 3.3530472 0.996811 0 P 0
L 3.3030472 1.012811 3.3530472 1.012811 1 P 0
L 3.3030472 1.060811 3.3530472 1.060811 1 P 0
L 3.3030472 1.076811 3.3530472 1.076811 0 P 0
L 3.3530472 0.996811 3.3530472 1.076811 0 P 0
L 3.4030472 0.996811 3.4030472 1.076811 0 P 0
L 3.4030472 0.996811 3.4530472 0.996811 0 P 0
L 3.4030472 1.012811 3.4530472 1.012811 1 P 0
L 3.4030472 1.060811 3.4530472 1.060811 1 P 0
L 3.4030472 1.076811 3.4530472 1.076811 0 P 0
L 3.4530472 0.996811 3.4530472 1.076811 0 P 0
L 3.5030472 0.996811 3.5030472 1.076811 0 P 0
L 3.5030472 0.996811 3.5530472 0.996811 0 P 0
L 3.5030472 1.012811 3.5530472 1.012811 1 P 0
L 3.5030472 1.060811 3.5530472 1.060811 1 P 0
L 3.5030472 1.076811 3.5530472 1.076811 0 P 0
L 3.5530472 0.996811 3.5530472 1.076811 0 P 0
L 3.6030472 0.996811 3.6030472 1.076811 0 P 0
L 3.6030472 0.996811 3.6530472 0.996811 0 P 0
L 3.6030472 1.012811 3.6530472 1.012811 1 P 0
L 3.6030472 1.060811 3.6530472 1.060811 1 P 0
L 3.6030472 1.076811 3.6530472 1.076811 0 P 0
L 3.6530472 0.996811 3.6530472 1.076811 0 P 0
L 3.7030472 0.996811 3.7030472 1.076811 0 P 0
L 3.7030472 0.996811 3.7530472 0.996811 0 P 0
L 3.7030472 1.012811 3.7530472 1.012811 1 P 0
L 3.7030472 1.060811 3.7530472 1.060811 1 P 0
L 3.7030472 1.076811 3.7530472 1.076811 0 P 0
L 3.7530472 0.996811 3.7530472 1.076811 0 P 0
L 3.8030472 0.996811 3.8030472 1.076811 0 P 0
L 3.8030472 0.996811 3.8530472 0.996811 0 P 0
L 3.8030472 1.012811 3.8530472 1.012811 1 P 0
L 3.8030472 1.060811 3.8530472 1.060811 1 P 0
L 3.8030472 1.076811 3.8530472 1.076811 0 P 0
L 3.8530472 0.996811 3.8530472 1.076811 0 P 0
L 3.9030472 0.996811 3.9030472 1.076811 0 P 0
L 3.9030472 0.996811 3.9530472 0.996811 0 P 0
L 3.9030472 1.012811 3.9530472 1.012811 1 P 0
L 3.9030472 1.060811 3.9530472 1.060811 1 P 0
L 3.9030472 1.076811 3.9530472 1.076811 0 P 0
L 3.9530472 0.996811 3.9530472 1.076811 0 P 0
L 4.0030472 0.996811 4.0030472 1.076811 0 P 0
L 4.0030472 0.996811 4.0530472 0.996811 0 P 0
L 4.0030472 1.012811 4.0530472 1.012811 1 P 0
L 4.0030472 1.060811 4.0530472 1.060811 1 P 0
L 4.0030472 1.076811 4.0530472 1.076811 0 P 0
L 4.0530472 0.996811 4.0530472 1.076811 0 P 0
L 4.1030472 0.996811 4.1030472 1.076811 0 P 0
L 4.1030472 0.996811 4.1530472 0.996811 0 P 0
L 4.1030472 1.012811 4.1530472 1.012811 1 P 0
L 4.1030472 1.060811 4.1530472 1.060811 1 P 0
L 4.1030472 1.076811 4.1530472 1.076811 0 P 0
L 4.1530472 0.996811 4.1530472 1.076811 0 P 0
L 4.2030472 0.996811 4.2030472 1.076811 0 P 0
L 4.2030472 0.996811 4.2530472 0.996811 0 P 0
L 4.2030472 1.012811 4.2530472 1.012811 1 P 0
L 4.2030472 1.060811 4.2530472 1.060811 1 P 0
L 4.2030472 1.076811 4.2530472 1.076811 0 P 0
L 4.2530472 0.996811 4.2530472 1.076811 0 P 0
L 4.3030472 0.996811 4.3030472 1.076811 0 P 0
L 4.3030472 0.996811 4.3530472 0.996811 0 P 0
L 4.3030472 1.012811 4.3530472 1.012811 1 P 0
L 4.3030472 1.060811 4.3530472 1.060811 1 P 0
L 4.3030472 1.076811 4.3530472 1.076811 0 P 0
L 4.3530472 0.996811 4.3530472 1.076811 0 P 0
L 4.4030472 0.996811 4.4030472 1.076811 0 P 0
L 4.4030472 0.996811 4.4530472 0.996811 0 P 0
L 4.4030472 1.012811 4.4530472 1.012811 1 P 0
L 4.4030472 1.060811 4.4530472 1.060811 1 P 0
L 4.4030472 1.076811 4.4530472 1.076811 0 P 0
L 4.4530472 0.996811 4.4530472 1.076811 0 P 0
L 4.5030472 0.996811 4.5030472 1.076811 0 P 0
L 4.5030472 0.996811 4.5530472 0.996811 0 P 0
L 4.5030472 1.012811 4.5530472 1.012811 1 P 0
L 4.5030472 1.060811 4.5530472 1.060811 1 P 0
L 4.5030472 1.076811 4.5530472 1.076811 0 P 0
L 4.5530472 0.996811 4.5530472 1.076811 0 P 0
L 4.6030472 0.996811 4.6030472 1.076811 0 P 0
L 4.6030472 0.996811 4.6530472 0.996811 0 P 0
L 4.6030472 1.012811 4.6530472 1.012811 1 P 0
L 4.6030472 1.060811 4.6530472 1.060811 1 P 0
L 4.6030472 1.076811 4.6530472 1.076811 0 P 0
L 4.6530472 0.996811 4.6530472 1.076811 0 P 0
L 4.7030472 0.996811 4.7030472 1.076811 0 P 0
L 4.7030472 0.996811 4.7530472 0.996811 0 P 0
L 4.7030472 1.012811 4.7530472 1.012811 1 P 0
L 4.7030472 1.060811 4.7530472 1.060811 1 P 0
L 4.7030472 1.076811 4.7530472 1.076811 0 P 0
L 4.7530472 0.996811 4.7530472 1.076811 0 P 0
L 4.8030472 1.001811 4.8030472 1.081811 0 P 0
L 4.8030472 1.001811 4.8530472 1.001811 0 P 0
L 4.8030472 1.017811 4.8530472 1.017811 1 P 0
L 4.8030472 1.065811 4.8530472 1.065811 1 P 0
L 4.8030472 1.081811 4.8530472 1.081811 0 P 0
L 4.8530472 1.001811 4.8530472 1.081811 0 P 0
L 5.1830472 2.290811 5.1830472 2.370811 0 P 0
L 5.1830472 2.290811 5.2330472 2.290811 0 P 0
L 5.1830472 2.306811 5.2330472 2.306811 1 P 0
L 5.1830472 2.354811 5.2330472 2.354811 1 P 0
L 5.1830472 2.370811 5.2330472 2.370811 0 P 0
L 5.1830472 2.490811 5.1830472 2.570811 0 P 0
L 5.1830472 2.490811 5.2330472 2.490811 0 P 0
L 5.1830472 2.506811 5.2330472 2.506811 1 P 0
L 5.1830472 2.554811 5.2330472 2.554811 1 P 0
L 5.1830472 2.570811 5.2330472 2.570811 0 P 0
L 5.1830472 2.690811 5.1830472 2.770811 0 P 0
L 5.1830472 2.690811 5.2330472 2.690811 0 P 0
L 5.1830472 2.706811 5.2330472 2.706811 1 P 0
L 5.1830472 2.754811 5.2330472 2.754811 1 P 0
L 5.1830472 2.770811 5.2330472 2.770811 0 P 0
L 5.1830472 2.890811 5.1830472 2.970811 0 P 0
L 5.1830472 2.890811 5.2330472 2.890811 0 P 0
L 5.1830472 2.906811 5.2330472 2.906811 1 P 0
L 5.1830472 2.954811 5.2330472 2.954811 1 P 0
L 5.1830472 2.970811 5.2330472 2.970811 0 P 0
L 5.1830472 3.090811 5.1830472 3.170811 0 P 0
L 5.1830472 3.090811 5.2330472 3.090811 0 P 0
L 5.1830472 3.106811 5.2330472 3.106811 1 P 0
L 5.1830472 3.154811 5.2330472 3.154811 1 P 0
L 5.1830472 3.170811 5.2330472 3.170811 0 P 0
L 5.1830472 3.290811 5.1830472 3.370811 0 P 0
L 5.1830472 3.290811 5.2330472 3.290811 0 P 0
L 5.1830472 3.306811 5.2330472 3.306811 1 P 0
L 5.1830472 3.354811 5.2330472 3.354811 1 P 0
L 5.1830472 3.370811 5.2330472 3.370811 0 P 0
L 5.1830472 3.490811 5.1830472 3.570811 0 P 0
L 5.1830472 3.490811 5.2330472 3.490811 0 P 0
L 5.1830472 3.506811 5.2330472 3.506811 1 P 0
L 5.1830472 3.554811 5.2330472 3.554811 1 P 0
L 5.1830472 3.570811 5.2330472 3.570811 0 P 0
L 5.1830472 3.690811 5.1830472 3.770811 0 P 0
L 5.1830472 3.690811 5.2330472 3.690811 0 P 0
L 5.1830472 3.706811 5.2330472 3.706811 1 P 0
L 5.1830472 3.754811 5.2330472 3.754811 1 P 0
L 5.1830472 3.770811 5.2330472 3.770811 0 P 0
L 5.1830472 3.890811 5.1830472 3.970811 0 P 0
L 5.1830472 3.890811 5.2330472 3.890811 0 P 0
L 5.1830472 3.906811 5.2330472 3.906811 1 P 0
L 5.1830472 3.954811 5.2330472 3.954811 1 P 0
L 5.1830472 3.970811 5.2330472 3.970811 0 P 0
L 5.1830472 4.090811 5.1830472 4.170811 0 P 0
L 5.1830472 4.090811 5.2330472 4.090811 0 P 0
L 5.1830472 4.106811 5.2330472 4.106811 1 P 0
L 5.1830472 4.154811 5.2330472 4.154811 1 P 0
L 5.1830472 4.170811 5.2330472 4.170811 0 P 0
L 5.1830472 4.290811 5.1830472 4.370811 0 P 0
L 5.1830472 4.290811 5.2330472 4.290811 0 P 0
L 5.1830472 4.306811 5.2330472 4.306811 1 P 0
L 5.1830472 4.354811 5.2330472 4.354811 1 P 0
L 5.1830472 4.370811 5.2330472 4.370811 0 P 0
L 5.2330472 2.290811 5.2330472 2.370811 0 P 0
L 5.2330472 2.490811 5.2330472 2.570811 0 P 0
L 5.2330472 2.690811 5.2330472 2.770811 0 P 0
L 5.2330472 2.890811 5.2330472 2.970811 0 P 0
L 5.2330472 3.090811 5.2330472 3.170811 0 P 0
L 5.2330472 3.290811 5.2330472 3.370811 0 P 0
L 5.2330472 3.490811 5.2330472 3.570811 0 P 0
L 5.2330472 3.690811 5.2330472 3.770811 0 P 0
L 5.2330472 3.890811 5.2330472 3.970811 0 P 0
L 5.2330472 4.090811 5.2330472 4.170811 0 P 0
L 5.2330472 4.290811 5.2330472 4.370811 0 P 0
L 5.2380472 1.486811 5.2380472 1.536811 0 P 0
L 5.2380472 1.486811 5.3180472 1.486811 0 P 0
L 5.2380472 1.536811 5.3180472 1.536811 0 P 0
L 5.2540472 1.486811 5.2540472 1.536811 1 P 0
L 5.3020472 1.486811 5.3020472 1.536811 1 P 0
L 5.3180472 1.486811 5.3180472 1.536811 0 P 0
