#Layer_Color=16711935
#
#Feature symbol names
#
$0 r3.937
$1 r39.3701

#
#Feature attribute names
#

#
#Layer features
#
A 0.4566929 2.9366929 0.4566929 2.9366929 0.4370079 2.9366929 0 P 0 N
A 0.5866929 4.2566929 0.5866929 4.2566929 0.5670079 4.2566929 0 P 0 N
A 5.7767306 3.0551555 5.7767306 3.0551555 5.7570456 3.0551555 0 P 0 N
A 6.2967306 3.4951555 6.2967306 3.4951555 6.2770456 3.4951555 0 P 0 N
A 6.3037306 2.5571555 6.3037306 2.5571555 6.2840456 2.5571555 0 P 0 N
A 7.0237306 2.5471555 7.0237306 2.5471555 7.0040456 2.5471555 0 P 0 N
A 7.0267306 3.4951555 7.0267306 3.4951555 7.0070456 3.4951555 0 P 0 N
A 7.7672267 3.4621555 7.7672267 3.4621555 7.7475417 3.4621555 0 P 0 N
A 7.7867228 2.5671555 7.7867228 2.5671555 7.7670378 2.5671555 0 P 0 N
L 0 0 0 5.9055118 1 P 0
L 0 0 8.8582677 0 1 P 0
L 0 5.9055118 8.8582677 5.9055118 1 P 0
L 0.4015748 2.9012598 0.4015748 3.0587402 0 P 0
L 0.4015748 2.9012598 0.5984252 2.9012598 0 P 0
L 0.4015748 3.0587402 0.5984252 3.0587402 0 P 0
L 0.5315748 4.2212598 0.5315748 4.3787402 0 P 0
L 0.5315748 4.2212598 0.7284252 4.2212598 0 P 0
L 0.5315748 4.3787402 0.7284252 4.3787402 0 P 0
L 0.5984252 2.9012598 0.5984252 3.0587402 0 P 0
L 0.7284252 4.2212598 0.7284252 4.3787402 0 P 0
L 5.7216125 2.8937382 5.7216125 3.0905886 0 P 0
L 5.7216125 2.8937382 5.8790929 2.8937382 0 P 0
L 5.7216125 3.0905886 5.8790929 3.0905886 0 P 0
L 5.8790929 2.8937382 5.8790929 3.0905886 0 P 0
L 6.2416125 3.3337382 6.2416125 3.5305886 0 P 0
L 6.2416125 3.3337382 6.3990929 3.3337382 0 P 0
L 6.2416125 3.5305886 6.3990929 3.5305886 0 P 0
L 6.2486125 2.3957382 6.2486125 2.5925886 0 P 0
L 6.2486125 2.3957382 6.4060929 2.3957382 0 P 0
L 6.2486125 2.5925886 6.4060929 2.5925886 0 P 0
L 6.3990929 3.3337382 6.3990929 3.5305886 0 P 0
L 6.4060929 2.3957382 6.4060929 2.5925886 0 P 0
L 6.9686125 2.3857382 6.9686125 2.5825886 0 P 0
L 6.9686125 2.3857382 7.1260929 2.3857382 0 P 0
L 6.9686125 2.5825886 7.1260929 2.5825886 0 P 0
L 6.9716125 3.3337382 6.9716125 3.5305886 0 P 0
L 6.9716125 3.3337382 7.1290929 3.3337382 0 P 0
L 6.9716125 3.5305886 7.1290929 3.5305886 0 P 0
L 7.1260929 2.3857382 7.1260929 2.5825886 0 P 0
L 7.1290929 3.3337382 7.1290929 3.5305886 0 P 0
L 7.7121086 3.3007382 7.7121086 3.4975886 0 P 0
L 7.7121086 3.3007382 7.869589 3.3007382 0 P 0
L 7.7121086 3.4975886 7.869589 3.4975886 0 P 0
L 7.7316047 2.4057382 7.7316047 2.6025886 0 P 0
L 7.7316047 2.4057382 7.8890851 2.4057382 0 P 0
L 7.7316047 2.6025886 7.8890851 2.6025886 0 P 0
L 7.869589 3.3007382 7.869589 3.4975886 0 P 0
L 7.8890851 2.4057382 7.8890851 2.6025886 0 P 0
L 8.8582672 0 8.8582677 5.9055118 1 P 0
