#Layer_Color=32768
#
#Feature symbol names
#
$0 r3.937

#
#Feature attribute names
#

#
#Layer features
#
L 0.2151971 0.0728704 0.2151971 0.3681464 0 P 0
L 0.2151971 0.0728704 0.4317331 0.0728704 0 P 0
L 0.2151971 0.3681464 0.4317331 0.3681464 0 P 0
L 0.3037791 0.2205084 0.3431491 0.2205084 0 P 0
L 0.3234651 0.2008224 0.3234651 0.2401944 0 P 0
L 0.3288185 3.3267714 0.3288185 3.5433074 0 P 0
L 0.3288185 3.3267714 0.6240945 3.3267714 0 P 0
L 0.3288185 3.5433074 0.6240945 3.5433074 0 P 0
L 0.3900779 0.6971264 0.3900779 0.9333464 0 P 0
L 0.3900779 0.6971264 0.7207859 0.6971264 0 P 0
L 0.3900779 0.8250784 0.3900779 1.0612984 0 P 0
L 0.3900779 0.8250784 0.7207859 0.8250784 0 P 0
L 0.3900779 0.9333464 0.7207859 0.9333464 0 P 0
L 0.3900779 1.0612984 0.7207859 1.0612984 0 P 0
L 0.3900779 1.2679926 0.3900779 1.5042126 0 P 0
L 0.3900779 1.2679926 0.7207879 1.2679926 0 P 0
L 0.3900779 1.3959446 0.3900779 1.6321666 0 P 0
L 0.3900779 1.3959446 0.7207879 1.3959446 0 P 0
L 0.3900779 1.5042126 0.7207879 1.5042126 0 P 0
L 0.3900779 1.6321666 0.7207879 1.6321666 0 P 0
L 0.3900779 1.8585437 0.3900779 2.0947637 0 P 0
L 0.3900779 1.8585437 0.7207859 1.8585437 0 P 0
L 0.3900779 1.9864957 0.3900779 2.2227157 0 P 0
L 0.3900779 1.9864957 0.7207859 1.9864957 0 P 0
L 0.3900779 2.0947637 0.7207859 2.0947637 0 P 0
L 0.3900779 2.2227157 0.7207859 2.2227157 0 P 0
L 0.4317331 0.0728704 0.4317331 0.3681464 0 P 0
L 0.4567705 3.4350394 0.4961425 3.4350394 0 P 0
L 0.459292 2.5079531 0.459292 2.8386611 0 P 0
L 0.459292 2.5079531 0.695512 2.5079531 0 P 0
L 0.459292 2.8386611 0.695512 2.8386611 0 P 0
L 0.4764565 3.4153554 0.4764565 3.4547254 0 P 0
L 0.5357459 0.8152364 0.5751159 0.8152364 0 P 0
L 0.5357459 0.9431884 0.5751159 0.9431884 0 P 0
L 0.5357459 2.1046057 0.5751159 2.1046057 0 P 0
L 0.5357479 1.3861026 0.5751179 1.3861026 0 P 0
L 0.5357479 1.5140546 0.5751179 1.5140546 0 P 0
L 0.5357479 1.9766537 0.5751179 1.9766537 0 P 0
L 0.5554319 0.7955504 0.5554319 0.8349204 0 P 0
L 0.5554319 0.9235044 0.5554319 0.9628744 0 P 0
L 0.5554319 1.3664186 0.5554319 1.4057886 0 P 0
L 0.5554319 1.4943706 0.5554319 1.5337406 0 P 0
L 0.5554319 1.9569697 0.5554319 1.9963397 0 P 0
L 0.5554319 2.0849217 0.5554319 2.1242917 0 P 0
L 0.557716 2.6733071 0.597086 2.6733071 0 P 0
L 0.577402 2.6536211 0.577402 2.6929911 0 P 0
L 0.5851966 0.06787 0.5851966 0.3631456 0 P 0
L 0.5851966 0.06787 0.801732 0.06787 0 P 0
L 0.5851966 0.3631456 0.801732 0.3631456 0 P 0
L 0.6240945 3.3267714 0.6240945 3.5433074 0 P 0
L 0.6737793 0.2155078 0.7131493 0.2155078 0 P 0
L 0.6934643 0.1958227 0.6934643 0.2351928 0 P 0
L 0.695512 2.5079531 0.695512 2.8386611 0 P 0
L 0.7207859 0.6971264 0.7207859 0.9333464 0 P 0
L 0.7207859 0.8250784 0.7207859 1.0612984 0 P 0
L 0.7207859 1.8585437 0.7207859 2.0947637 0 P 0
L 0.7207859 1.9864957 0.7207859 2.2227157 0 P 0
L 0.7207879 1.2679926 0.7207879 1.5042126 0 P 0
L 0.7207879 1.3959446 0.7207879 1.6321666 0 P 0
L 0.7620476 2.4351971 0.7620476 2.6714171 0 P 0
L 0.7620476 2.4351971 1.0927556 2.4351971 0 P 0
L 0.7620476 2.6714171 1.0927556 2.6714171 0 P 0
L 0.801732 0.06787 0.801732 0.3631456 0 P 0
L 0.9077176 2.5533071 0.9470876 2.5533071 0 P 0
L 0.9274016 2.5336231 0.9274016 2.5729931 0 P 0
L 0.949292 2.5079531 0.949292 2.8386611 0 P 0
L 0.949292 2.5079531 1.185512 2.5079531 0 P 0
L 0.949292 2.8386611 1.185512 2.8386611 0 P 0
L 1.047716 2.6733071 1.087086 2.6733071 0 P 0
L 1.067402 2.6536211 1.067402 2.6929911 0 P 0
L 1.0927556 2.4351971 1.0927556 2.6714171 0 P 0
L 1.1162201 3.3267714 1.1162201 3.5433074 0 P 0
L 1.1162201 3.3267714 1.4114961 3.3267714 0 P 0
L 1.1162201 3.5433074 1.4114961 3.5433074 0 P 0
L 1.185512 2.5079531 1.185512 2.8386611 0 P 0
L 1.2441721 3.4350394 1.2835441 3.4350394 0 P 0
L 1.2638581 3.4153554 1.2638581 3.4547254 0 P 0
L 1.2759047 0.6971264 1.2759047 0.9333464 0 P 0
L 1.2759047 0.6971264 1.6066147 0.6971264 0 P 0
L 1.2759047 0.8250784 1.2759047 1.0612984 0 P 0
L 1.2759047 0.8250784 1.6066147 0.8250784 0 P 0
L 1.2759047 0.9333464 1.6066147 0.9333464 0 P 0
L 1.2759047 1.0612984 1.6066147 1.0612984 0 P 0
L 1.2759047 1.2679926 1.2759047 1.5042126 0 P 0
L 1.2759047 1.2679926 1.6066147 1.2679926 0 P 0
L 1.2759047 1.3959446 1.2759047 1.6321666 0 P 0
L 1.2759047 1.3959446 1.6066147 1.3959446 0 P 0
L 1.2759047 1.5042126 1.6066147 1.5042126 0 P 0
L 1.2759047 1.6321666 1.6066147 1.6321666 0 P 0
L 1.2759047 1.8585437 1.2759047 2.0947657 0 P 0
L 1.2759047 1.8585437 1.6066127 1.8585437 0 P 0
L 1.2759047 1.9864957 1.2759047 2.2227157 0 P 0
L 1.2759047 1.9864957 1.6066127 1.9864957 0 P 0
L 1.2759047 2.0947657 1.6066127 2.0947657 0 P 0
L 1.2759047 2.2227157 1.6066127 2.2227157 0 P 0
L 1.4114961 3.3267714 1.4114961 3.5433074 0 P 0
L 1.4215747 0.8152364 1.4609447 0.8152364 0 P 0
L 1.4215747 0.9431884 1.4609447 0.9431884 0 P 0
L 1.4215747 1.3861026 1.4609447 1.3861026 0 P 0
L 1.4215747 1.5140546 1.4609447 1.5140546 0 P 0
L 1.4215747 1.9766557 1.4609447 1.9766557 0 P 0
L 1.4215747 2.1046057 1.4609447 2.1046057 0 P 0
L 1.4412587 1.3664186 1.4412587 1.4057886 0 P 0
L 1.4412587 1.4943706 1.4412587 1.5337406 0 P 0
L 1.4412587 1.9569697 1.4412587 1.9963397 0 P 0
L 1.4412587 2.0849197 1.4412587 2.1242897 0 P 0
L 1.4412607 0.7955504 1.4412607 0.8349204 0 P 0
L 1.4412607 0.9235044 1.4412607 0.9628744 0 P 0
L 1.5321261 2.5079531 1.5321261 2.8386611 0 P 0
L 1.5321261 2.5079531 1.7683461 2.5079531 0 P 0
L 1.5321261 2.8386611 1.7683461 2.8386611 0 P 0
L 1.6066127 1.8585437 1.6066127 2.0947657 0 P 0
L 1.6066127 1.9864957 1.6066127 2.2227157 0 P 0
L 1.6066147 0.6971264 1.6066147 0.9333464 0 P 0
L 1.6066147 0.8250784 1.6066147 1.0612984 0 P 0
L 1.6066147 1.2679926 1.6066147 1.5042126 0 P 0
L 1.6066147 1.3959446 1.6066147 1.6321666 0 P 0
L 1.6305501 2.6733071 1.6699201 2.6733071 0 P 0
L 1.6502361 2.6536211 1.6502361 2.6929911 0 P 0
L 1.7683461 2.5079531 1.7683461 2.8386611 0 P 0
L 1.8348822 2.4351971 1.8348822 2.6714171 0 P 0
L 1.8348822 2.4351971 2.1655902 2.4351971 0 P 0
L 1.8348822 2.6714171 2.1655902 2.6714171 0 P 0
L 1.9036217 3.3267714 1.9036217 3.5433074 0 P 0
L 1.9036217 3.3267714 2.1988977 3.3267714 0 P 0
L 1.9036217 3.5433074 2.1988977 3.5433074 0 P 0
L 1.9805522 2.5533071 2.0199222 2.5533071 0 P 0
L 2.0002362 2.5336231 2.0002362 2.5729931 0 P 0
L 2.0221261 2.5079531 2.0221261 2.8386611 0 P 0
L 2.0221261 2.5079531 2.2583461 2.5079531 0 P 0
L 2.0221261 2.8386611 2.2583461 2.8386611 0 P 0
L 2.0315737 3.4350394 2.0709457 3.4350394 0 P 0
L 2.0512597 3.4153554 2.0512597 3.4547254 0 P 0
L 2.1205501 2.6733071 2.1599201 2.6733071 0 P 0
L 2.1402361 2.6536211 2.1402361 2.6929911 0 P 0
L 2.1617314 1.8585437 2.1617314 2.0947637 0 P 0
L 2.1617314 1.8585437 2.4924394 1.8585437 0 P 0
L 2.1617314 1.9864957 2.1617314 2.2227157 0 P 0
L 2.1617314 1.9864957 2.4924394 1.9864957 0 P 0
L 2.1617314 2.0947637 2.4924394 2.0947637 0 P 0
L 2.1617314 2.2227157 2.4924394 2.2227157 0 P 0
L 2.1617315 0.6971264 2.1617315 0.9333464 0 P 0
L 2.1617315 0.6971264 2.4924415 0.6971264 0 P 0
L 2.1617315 0.8250784 2.1617315 1.0612984 0 P 0
L 2.1617315 0.8250784 2.4924415 0.8250784 0 P 0
L 2.1617315 0.9333464 2.4924415 0.9333464 0 P 0
L 2.1617315 1.0612984 2.4924415 1.0612984 0 P 0
L 2.1617315 1.2679925 2.1617315 1.5042125 0 P 0
L 2.1617315 1.2679925 2.4924415 1.2679925 0 P 0
L 2.1617315 1.3959445 2.1617315 1.6321665 0 P 0
L 2.1617315 1.3959445 2.4924415 1.3959445 0 P 0
L 2.1617315 1.5042125 2.4924415 1.5042125 0 P 0
L 2.1617315 1.6321665 2.4924415 1.6321665 0 P 0
L 2.1655902 2.4351971 2.1655902 2.6714171 0 P 0
L 2.1988977 3.3267714 2.1988977 3.5433074 0 P 0
L 2.2583461 2.5079531 2.2583461 2.8386611 0 P 0
L 2.3073994 2.1046057 2.3467694 2.1046057 0 P 0
L 2.3074014 1.9766537 2.3467714 1.9766537 0 P 0
L 2.3074015 0.8152364 2.3467715 0.8152364 0 P 0
L 2.3074015 0.9431884 2.3467715 0.9431884 0 P 0
L 2.3074015 1.3861025 2.3467715 1.3861025 0 P 0
L 2.3074015 1.5140545 2.3467715 1.5140545 0 P 0
L 2.3270854 1.9569697 2.3270854 1.9963397 0 P 0
L 2.3270854 2.0849217 2.3270854 2.1242917 0 P 0
L 2.3270855 1.3664185 2.3270855 1.4057885 0 P 0
L 2.3270855 1.4943705 2.3270855 1.5337405 0 P 0
L 2.3270875 0.7955504 2.3270875 0.8349204 0 P 0
L 2.3270875 0.9235044 2.3270875 0.9628744 0 P 0
L 2.4924394 1.8585437 2.4924394 2.0947637 0 P 0
L 2.4924394 1.9864957 2.4924394 2.2227157 0 P 0
L 2.4924415 0.6971264 2.4924415 0.9333464 0 P 0
L 2.4924415 0.8250784 2.4924415 1.0612984 0 P 0
L 2.4924415 1.2679925 2.4924415 1.5042125 0 P 0
L 2.4924415 1.3959445 2.4924415 1.6321665 0 P 0
L 2.6049612 2.5079531 2.6049612 2.8386611 0 P 0
L 2.6049612 2.5079531 2.8411812 2.5079531 0 P 0
L 2.6049612 2.8386611 2.8411812 2.8386611 0 P 0
L 2.6910233 3.3267714 2.6910233 3.5433074 0 P 0
L 2.6910233 3.3267714 2.9862993 3.3267714 0 P 0
L 2.6910233 3.5433074 2.9862993 3.5433074 0 P 0
L 2.7033852 2.6733071 2.7427552 2.6733071 0 P 0
L 2.7230712 2.6536211 2.7230712 2.6929911 0 P 0
L 2.8189753 3.4350394 2.8583473 3.4350394 0 P 0
L 2.8386613 3.4153554 2.8386613 3.4547254 0 P 0
L 2.8411812 2.5079531 2.8411812 2.8386611 0 P 0
L 2.9077169 2.4351971 2.9077169 2.6714171 0 P 0
L 2.9077169 2.4351971 3.2384249 2.4351971 0 P 0
L 2.9077169 2.6714171 3.2384249 2.6714171 0 P 0
L 2.9862993 3.3267714 2.9862993 3.5433074 0 P 0
L 3.0475582 0.6971264 3.0475582 0.9333464 0 P 0
L 3.0475582 0.6971264 3.3782682 0.6971264 0 P 0
L 3.0475582 0.8250784 3.0475582 1.0612984 0 P 0
L 3.0475582 0.8250784 3.3782682 0.8250784 0 P 0
L 3.0475582 0.9333464 3.3782682 0.9333464 0 P 0
L 3.0475582 1.0612984 3.3782682 1.0612984 0 P 0
L 3.0475582 1.2679926 3.0475582 1.5042126 0 P 0
L 3.0475582 1.2679926 3.3782662 1.2679926 0 P 0
L 3.0475582 1.3959446 3.0475582 1.6321666 0 P 0
L 3.0475582 1.3959446 3.3782662 1.3959446 0 P 0
L 3.0475582 1.5042126 3.3782662 1.5042126 0 P 0
L 3.0475582 1.6321666 3.3782662 1.6321666 0 P 0
L 3.0475582 1.8585437 3.0475582 2.0947637 0 P 0
L 3.0475582 1.8585437 3.3782662 1.8585437 0 P 0
L 3.0475582 1.9864957 3.0475582 2.2227157 0 P 0
L 3.0475582 1.9864957 3.3782662 1.9864957 0 P 0
L 3.0475582 2.0947637 3.3782662 2.0947637 0 P 0
L 3.0475582 2.2227157 3.3782662 2.2227157 0 P 0
L 3.0533869 2.5533071 3.0927569 2.5533071 0 P 0
L 3.0730709 2.5336231 3.0730709 2.5729931 0 P 0
L 3.0949612 2.5079531 3.0949612 2.8386611 0 P 0
L 3.0949612 2.5079531 3.3311812 2.5079531 0 P 0
L 3.0949612 2.8386611 3.3311812 2.8386611 0 P 0
L 3.1932262 2.1046057 3.2325962 2.1046057 0 P 0
L 3.1932282 0.8152364 3.2325982 0.8152364 0 P 0
L 3.1932282 0.9431884 3.2325982 0.9431884 0 P 0
L 3.1932282 1.3861026 3.2325982 1.3861026 0 P 0
L 3.1932282 1.5140546 3.2325982 1.5140546 0 P 0
L 3.1932282 1.9766537 3.2325982 1.9766537 0 P 0
L 3.1933852 2.6733071 3.2327552 2.6733071 0 P 0
L 3.2129122 1.3664186 3.2129122 1.4057886 0 P 0
L 3.2129122 1.4943706 3.2129122 1.5337406 0 P 0
L 3.2129122 1.9569697 3.2129122 1.9963397 0 P 0
L 3.2129122 2.0849217 3.2129122 2.1242917 0 P 0
L 3.2129142 0.7955504 3.2129142 0.8349204 0 P 0
L 3.2129142 0.9235044 3.2129142 0.9628744 0 P 0
L 3.2130712 2.6536211 3.2130712 2.6929911 0 P 0
L 3.2384249 2.4351971 3.2384249 2.6714171 0 P 0
L 3.3311812 2.5079531 3.3311812 2.8386611 0 P 0
L 3.3782662 1.2679926 3.3782662 1.5042126 0 P 0
L 3.3782662 1.3959446 3.3782662 1.6321666 0 P 0
L 3.3782662 1.8585437 3.3782662 2.0947637 0 P 0
L 3.3782662 1.9864957 3.3782662 2.2227157 0 P 0
L 3.3782682 0.6971264 3.3782682 0.9333464 0 P 0
L 3.3782682 0.8250784 3.3782682 1.0612984 0 P 0
L 3.4784248 3.3267714 3.4784248 3.5433074 0 P 0
L 3.4784248 3.3267714 3.7737008 3.3267714 0 P 0
L 3.4784248 3.5433074 3.7737008 3.5433074 0 P 0
L 3.6063768 3.4350394 3.6457488 3.4350394 0 P 0
L 3.6260628 3.4153554 3.6260628 3.4547254 0 P 0
L 3.6777957 2.5079531 3.6777957 2.8386611 0 P 0
L 3.6777957 2.5079531 3.9140157 2.5079531 0 P 0
L 3.6777957 2.8386611 3.9140157 2.8386611 0 P 0
L 3.7737008 3.3267714 3.7737008 3.5433074 0 P 0
L 3.7762197 2.6733071 3.8155897 2.6733071 0 P 0
L 3.7959057 2.6536211 3.7959057 2.6929911 0 P 0
L 3.9140157 2.5079531 3.9140157 2.8386611 0 P 0
L 3.933385 0.6971264 3.933385 0.9333464 0 P 0
L 3.933385 0.6971264 4.264095 0.6971264 0 P 0
L 3.933385 0.8250784 3.933385 1.0612984 0 P 0
L 3.933385 0.8250784 4.264095 0.8250784 0 P 0
L 3.933385 0.9333464 4.264095 0.9333464 0 P 0
L 3.933385 1.0612984 4.264095 1.0612984 0 P 0
L 3.933385 1.2679926 3.933385 1.5042126 0 P 0
L 3.933385 1.2679926 4.264093 1.2679926 0 P 0
L 3.933385 1.3959446 3.933385 1.6321666 0 P 0
L 3.933385 1.3959446 4.264093 1.3959446 0 P 0
L 3.933385 1.5042126 4.264093 1.5042126 0 P 0
L 3.933385 1.6321666 4.264093 1.6321666 0 P 0
L 3.933385 1.8585437 3.933385 2.0947657 0 P 0
L 3.933385 1.8585437 4.264093 1.8585437 0 P 0
L 3.933385 1.9864957 3.933385 2.2227157 0 P 0
L 3.933385 1.9864957 4.264093 1.9864957 0 P 0
L 3.933385 2.0947657 4.264093 2.0947657 0 P 0
L 3.933385 2.2227157 4.264093 2.2227157 0 P 0
L 3.9805515 2.4351971 3.9805515 2.6714171 0 P 0
L 3.9805515 2.4351971 4.3112595 2.4351971 0 P 0
L 3.9805515 2.6714171 4.3112595 2.6714171 0 P 0
L 4.079055 0.8152364 4.118425 0.8152364 0 P 0
L 4.079055 0.9431884 4.118425 0.9431884 0 P 0
L 4.079055 1.3861026 4.118425 1.3861026 0 P 0
L 4.079055 1.5140546 4.118425 1.5140546 0 P 0
L 4.079055 1.9766557 4.118425 1.9766557 0 P 0
L 4.079055 2.1046057 4.118425 2.1046057 0 P 0
L 4.098739 1.3664186 4.098739 1.4057886 0 P 0
L 4.098739 1.4943706 4.098739 1.5337406 0 P 0
L 4.098739 1.9569697 4.098739 1.9963397 0 P 0
L 4.098739 2.0849197 4.098739 2.1242897 0 P 0
L 4.098741 0.7955504 4.098741 0.8349204 0 P 0
L 4.098741 0.9235044 4.098741 0.9628744 0 P 0
L 4.1262215 2.5533071 4.1655915 2.5533071 0 P 0
L 4.1459055 2.5336231 4.1459055 2.5729931 0 P 0
L 4.1677957 2.5079531 4.1677957 2.8386611 0 P 0
L 4.1677957 2.5079531 4.4040157 2.5079531 0 P 0
L 4.1677957 2.8386611 4.4040157 2.8386611 0 P 0
L 4.264093 1.2679926 4.264093 1.5042126 0 P 0
L 4.264093 1.3959446 4.264093 1.6321666 0 P 0
L 4.264093 1.8585437 4.264093 2.0947657 0 P 0
L 4.264093 1.9864957 4.264093 2.2227157 0 P 0
L 4.264095 0.6971264 4.264095 0.9333464 0 P 0
L 4.264095 0.8250784 4.264095 1.0612984 0 P 0
L 4.2658264 3.3267714 4.2658264 3.5433074 0 P 0
L 4.2658264 3.3267714 4.5611004 3.3267714 0 P 0
L 4.2658264 3.5433074 4.5611004 3.5433074 0 P 0
L 4.2662197 2.6733071 4.3055897 2.6733071 0 P 0
L 4.2859057 2.6536211 4.2859057 2.6929911 0 P 0
L 4.3112595 2.4351971 4.3112595 2.6714171 0 P 0
L 4.3937784 3.4350394 4.4331484 3.4350394 0 P 0
L 4.4040157 2.5079531 4.4040157 2.8386611 0 P 0
L 4.4134644 3.4153534 4.4134644 3.4547234 0 P 0
L 4.5611004 3.3267714 4.5611004 3.5433074 0 P 0
L 4.7236997 1.7099212 4.7236997 2.3713392 0 P 0
L 4.7236997 1.7099212 5.3851177 1.7099212 0 P 0
L 4.7236997 2.3713392 5.3851177 2.3713392 0 P 0
L 5.0347237 2.0406312 5.0740937 2.0406312 0 P 0
L 5.0443222 2.719584 5.0443222 3.073914 0 P 0
L 5.0443222 2.719584 5.3986542 2.719584 0 P 0
L 5.0443222 3.073914 5.3986542 3.073914 0 P 0
L 5.0533227 3.3963232 5.0533227 3.7506532 0 P 0
L 5.0533227 3.3963232 5.4076527 3.3963232 0 P 0
L 5.0533227 3.7506532 5.4076527 3.7506532 0 P 0
L 5.0544097 2.0209452 5.0544097 2.0603152 0 P 0
L 5.2018022 2.89675 5.2411722 2.89675 0 P 0
L 5.2108027 3.5734892 5.2501727 3.5734892 0 P 0
L 5.2214882 2.877064 5.2214882 2.916434 0 P 0
L 5.2304887 3.5538032 5.2304887 3.5931732 0 P 0
L 5.2881893 0.9301975 5.2881893 1.2254735 0 P 0
L 5.2881893 0.9301975 5.5047253 0.9301975 0 P 0
L 5.2881893 1.2254735 5.5047253 1.2254735 0 P 0
L 5.3289472 0.507283 5.3289472 0.802559 0 P 0
L 5.3289472 0.507283 5.5454832 0.507283 0 P 0
L 5.3289472 0.802559 5.5454832 0.802559 0 P 0
L 5.3767713 1.0778355 5.4161413 1.0778355 0 P 0
L 5.3851177 1.7099212 5.3851177 2.3713392 0 P 0
L 5.3857326 1.3073617 5.3857326 1.6026377 0 P 0
L 5.3857326 1.3073617 5.6022686 1.3073617 0 P 0
L 5.3857326 1.6026377 5.6022686 1.6026377 0 P 0
L 5.3964573 1.0581495 5.3964573 1.0975215 0 P 0
L 5.3986542 2.719584 5.3986542 3.073914 0 P 0
L 5.4076527 3.3963232 5.4076527 3.7506532 0 P 0
L 5.4175292 0.654921 5.4568992 0.654921 0 P 0
L 5.4372152 0.635235 5.4372152 0.674607 0 P 0
L 5.4743146 1.4549997 5.5136846 1.4549997 0 P 0
L 5.4940006 1.4353137 5.4940006 1.4746857 0 P 0
L 5.5047253 0.9301975 5.5047253 1.2254735 0 P 0
L 5.5454832 0.507283 5.5454832 0.802559 0 P 0
L 5.6022686 1.3073617 5.6022686 1.6026377 0 P 0
