#Layer_Color=16711935
#
#Feature symbol names
#
$0 r5
$1 r10
$2 r3.937

#
#Feature attribute names
#

#
#Layer features
#
A 1.3473779 1.7169921 1.3473779 1.7169921 1.3276929 1.7169921 2 P 0 N
A 1.4795063 0.0984252 1.4204501 0.0984252 1.4499782 0.0984252 1 P 0 N
A 3.3253779 3.2809921 3.3253779 3.2809921 3.3056929 3.2809921 2 P 0 N
A 3.8613779 1.7169921 3.8613779 1.7169921 3.8416929 1.7169921 2 P 0 N
A 4.0984174 3.021 4.0984174 3.021 4.0677087 3.021 0 P 0 N
A 5.837 1.1837747 5.837 1.1837747 5.8062913 1.1837747 0 P 0 N
A 5.837 3.021 5.837 3.021 5.8062913 3.021 0 P 0 N
L 1.2047243 0 1.4204501 0 1 P 0
L 1.2922598 1.5555748 1.2922598 1.7524252 2 P 0
L 1.2922598 1.5555748 1.4497402 1.5555748 2 P 0
L 1.2922598 1.7524252 1.4497402 1.7524252 2 P 0
L 1.4204501 0 1.4204501 0.0984252 1 P 0
L 1.4497402 1.5555748 1.4497402 1.7524252 2 P 0
L 1.4795063 0.0008086 1.4795063 0.0984252 1 P 0
L 1.4795063 0.0008086 1.4803149 0 1 P 0
L 1.4803149 0 4.1172726 0 1 P 0
L 3.2702598 3.1195748 3.2702598 3.3164252 2 P 0
L 3.2702598 3.1195748 3.4277402 3.1195748 2 P 0
L 3.2702598 3.3164252 3.4277402 3.3164252 2 P 0
L 3.4277402 3.1195748 3.4277402 3.3164252 2 P 0
L 3.8062598 1.5555748 3.8062598 1.7524252 2 P 0
L 3.8062598 1.5555748 3.9637402 1.5555748 2 P 0
L 3.8062598 1.7524252 3.9637402 1.7524252 2 P 0
L 3.9637402 1.5555748 3.9637402 1.7524252 2 P 0
L 3.9951654 2.81137 3.9951654 3.23263 2 P 0
L 3.9951654 2.81137 4.1802047 2.81137 2 P 0
L 3.9951654 3.23263 4.1802047 3.23263 2 P 0
L 4.1172726 0 4.6909448 0 1 P 0
L 4.1290236 2.81137 4.1290236 3.23263 2 P 0
L 4.1802047 2.81137 4.1802047 3.23263 2 P 0
L 5.3458898 0.448685 5.3458898 0.7124645 2 P 0
L 5.3458898 0.448685 5.5899843 0.448685 2 P 0
L 5.3458898 0.7124645 5.5899843 0.7124645 2 P 0
L 5.5059449 1.6824803 5.5059449 1.9462598 2 P 0
L 5.5059449 1.6824803 5.7500394 1.6824803 2 P 0
L 5.5059449 1.9462598 5.7500394 1.9462598 2 P 0
L 5.5899843 0.448685 5.5899843 0.7124645 2 P 0
L 5.6947953 0.9755067 5.6947953 1.3967667 2 P 0
L 5.6947953 0.9755067 5.8798346 0.9755067 2 P 0
L 5.6947953 1.3967667 5.8798346 1.3967667 2 P 0
L 5.6947953 2.80937 5.6947953 3.23063 2 P 0
L 5.6947953 2.80937 5.8798346 2.80937 2 P 0
L 5.6947953 3.23063 5.8798346 3.23063 2 P 0
L 5.7459764 0.9755067 5.7459764 1.3967667 2 P 0
L 5.7459764 2.80937 5.7459764 3.23063 2 P 0
L 5.7500394 1.6824803 5.7500394 1.9462598 2 P 0
L 5.8798346 0.9755067 5.8798346 1.3967667 2 P 0
L 5.8798346 2.80937 5.8798346 3.23063 2 P 0
