#Layer_Color=16711935
#
#Feature symbol names
#
$0 r3.937
$1 r10
$2 r6

#
#Feature attribute names
#
@0 .nomenclature
@1 .string
@2 .string_angle

#
#Feature attribute text strings
#
&0 10.00

#
#Layer features
#
A 21.5983937 15.9136772 21.5983937 15.9136772 21.5787087 15.9136772 0 P 0 N
A 21.8480771 16.6127357 21.8480771 16.6127357 21.8283921 16.6127357 0 P 0 N
A 21.8480779 17.7741546 21.8480779 17.7741546 21.8283929 17.7741546 0 P 0 N
A 21.8480787 17.1836028 21.8480787 17.1836028 21.8283937 17.1836028 0 P 0 N
A 21.8503622 18.4511221 21.8503622 18.4511221 21.8306772 18.4511221 0 P 0 N
A 21.853749 19.230571 21.853749 19.230571 21.834064 19.230571 0 P 0 N
A 21.9346913 16.7406885 21.9346913 16.7406885 21.9150063 16.7406885 0 P 0 N
A 21.9346921 17.9021054 21.9346921 17.9021054 21.9150071 17.9021054 0 P 0 N
A 21.9346929 17.3115556 21.9346929 17.3115556 21.9150079 17.3115556 0 P 0 N
A 21.9683937 15.9086772 21.9683937 15.9086772 21.9487087 15.9086772 0 P 0 N
A 22.2200466 18.3508079 22.2200466 18.3508079 22.2003616 18.3508079 0 P 0 N
A 22.3403622 18.4511221 22.3403622 18.4511221 22.3206772 18.4511221 0 P 0 N
A 22.6411497 19.2305705 22.6411497 19.2305705 22.6214647 19.2305705 0 P 0 N
A 22.7339049 17.7741548 22.7339049 17.7741548 22.7142199 17.7741548 0 P 0 N
A 22.7339054 17.1836028 22.7339054 17.1836028 22.7142204 17.1836028 0 P 0 N
A 22.7339058 16.6127357 22.7339058 16.6127357 22.7142208 16.6127357 0 P 0 N
A 22.8205191 17.9021056 22.8205191 17.9021056 22.8008341 17.9021056 0 P 0 N
A 22.8205196 17.3115556 22.8205196 17.3115556 22.8008346 17.3115556 0 P 0 N
A 22.82052 16.7406885 22.82052 16.7406885 22.800835 16.7406885 0 P 0 N
A 22.9231967 18.4511222 22.9231967 18.4511222 22.9035117 18.4511222 0 P 0 N
A 23.2928818 18.3508072 23.2928818 18.3508072 23.2731968 18.3508072 0 P 0 N
A 23.4131967 18.4511222 23.4131967 18.4511222 23.3935117 18.4511222 0 P 0 N
A 23.4285513 19.230571 23.4285513 19.230571 23.4088663 19.230571 0 P 0 N
A 23.6197312 17.7741546 23.6197312 17.7741546 23.6000462 17.7741546 0 P 0 N
A 23.6197321 17.1836027 23.6197321 17.1836027 23.6000471 17.1836027 0 P 0 N
A 23.6197325 16.6127357 23.6197325 16.6127357 23.6000475 16.6127357 0 P 0 N
A 23.7063454 17.9021054 23.7063454 17.9021054 23.6866604 17.9021054 0 P 0 N
A 23.7063463 17.3115555 23.7063463 17.3115555 23.6866613 17.3115555 0 P 0 N
A 23.7063467 16.7406885 23.7063467 16.7406885 23.6866617 16.7406885 0 P 0 N
A 23.9960315 18.4511221 23.9960315 18.4511221 23.9763465 18.4511221 0 P 0 N
A 24.2159522 19.2305701 24.2159522 19.2305701 24.1962672 19.2305701 0 P 0 N
A 24.3657159 18.3508078 24.3657159 18.3508078 24.3460309 18.3508078 0 P 0 N
A 24.4860315 18.4511221 24.4860315 18.4511221 24.4663465 18.4511221 0 P 0 N
A 24.5055579 17.7741546 24.5055579 17.7741546 24.4858729 17.7741546 0 P 0 N
A 24.5055587 17.1836028 24.5055587 17.1836028 24.4858737 17.1836028 0 P 0 N
A 24.5055591 16.6127357 24.5055591 16.6127357 24.4858741 16.6127357 0 P 0 N
A 24.5921721 17.9021054 24.5921721 17.9021054 24.5724871 17.9021054 0 P 0 N
A 24.5921729 17.3115556 24.5921729 17.3115556 24.5724879 17.3115556 0 P 0 N
A 24.5921733 16.7406885 24.5921733 16.7406885 24.5724883 16.7406885 0 P 0 N
A 25.0033537 19.2305706 25.0033537 19.2305706 24.9836687 19.2305706 0 P 0 N
A 25.0688661 18.4511224 25.0688661 18.4511224 25.0491811 18.4511224 0 P 0 N
A 25.3913849 17.7741548 25.3913849 17.7741548 25.3716999 17.7741548 0 P 0 N
A 25.3913854 17.1836028 25.3913854 17.1836028 25.3717004 17.1836028 0 P 0 N
A 25.391386 16.6127361 25.391386 16.6127361 25.371701 16.6127361 0 P 0 N
A 25.4385512 18.3508077 25.4385512 18.3508077 25.4188662 18.3508077 0 P 0 N
A 25.4779991 17.9021056 25.4779991 17.9021056 25.4583141 17.9021056 0 P 0 N
A 25.4779996 17.3115556 25.4779996 17.3115556 25.4583146 17.3115556 0 P 0 N
A 25.4780002 16.7406889 25.4780002 16.7406889 25.4583152 16.7406889 0 P 0 N
A 25.5588661 18.4511214 25.5588661 18.4511214 25.5391811 18.4511214 0 P 0 N
A 25.7907551 19.230571 25.7907551 19.230571 25.7710701 19.230571 0 P 0 N
A 26.150204 18.0152954 26.150204 18.0152954 26.130519 18.0152954 0 P 0 N
A 26.452126 18.7365719 26.452126 18.7365719 26.432441 18.7365719 0 P 0 N
A 26.461126 19.4133111 26.461126 19.4133111 26.441441 19.4133111 0 P 0 N
A 26.671386 16.7710053 26.671386 16.7710053 26.651701 16.7710053 0 P 0 N
A 26.7121438 16.4307672 26.7121438 16.4307672 26.6924588 16.4307672 0 P 0 N
A 26.7689293 17.1481685 26.7689293 17.1481685 26.7492443 17.1481685 0 P 0 N
L 21.5432771 15.8782444 21.5432771 16.0317884 0 P 0
L 21.5432771 15.8782444 21.7361891 15.8782444 0 P 0
L 21.5432771 16.0317884 21.7361891 16.0317884 0 P 0
L 21.7159525 19.0730914 21.7159525 19.2660034 0 P 0
L 21.7159525 19.0730914 21.8694965 19.0730914 0 P 0
L 21.7159525 19.2660034 21.8694965 19.2660034 0 P 0
L 21.7361891 15.8782444 21.7361891 16.0317884 0 P 0
L 21.7929599 16.4513184 21.7929599 16.6481684 0 P 0
L 21.7929599 16.4513184 21.9504399 16.4513184 0 P 0
L 21.7929599 16.5792704 21.7929599 16.7761224 0 P 0
L 21.7929599 16.5792704 21.9504399 16.5792704 0 P 0
L 21.7929599 16.6481684 21.9504399 16.6481684 0 P 0
L 21.7929599 16.7761224 21.9504399 16.7761224 0 P 0
L 21.7929599 17.0221846 21.7929599 17.2190366 0 P 0
L 21.7929599 17.0221846 21.9504419 17.0221846 0 P 0
L 21.7929599 17.1501386 21.7929599 17.3469886 0 P 0
L 21.7929599 17.1501386 21.9504419 17.1501386 0 P 0
L 21.7929599 17.2190366 21.9504419 17.2190366 0 P 0
L 21.7929599 17.3469886 21.9504419 17.3469886 0 P 0
L 21.7929599 17.6127357 21.7929599 17.8095877 0 P 0
L 21.7929599 17.6127357 21.9504399 17.6127357 0 P 0
L 21.7929599 17.7406877 21.7929599 17.9375397 0 P 0
L 21.7929599 17.7406877 21.9504399 17.7406877 0 P 0
L 21.7929599 17.8095877 21.9504399 17.8095877 0 P 0
L 21.7929599 17.9375397 21.9504399 17.9375397 0 P 0
L 21.795244 18.3290751 21.795244 18.4865551 0 P 0
L 21.795244 18.3290751 21.992096 18.3290751 0 P 0
L 21.795244 18.4865551 21.992096 18.4865551 0 P 0
L 21.8694965 19.0730914 21.8694965 19.2660034 0 P 0
L 21.9132756 15.8732441 21.9132756 16.0267874 0 P 0
L 21.9132756 15.8732441 22.106189 15.8732441 0 P 0
L 21.9132756 16.0267874 22.106189 16.0267874 0 P 0
L 21.9504399 16.4513184 21.9504399 16.6481684 0 P 0
L 21.9504399 16.5792704 21.9504399 16.7761224 0 P 0
L 21.9504399 17.6127357 21.9504399 17.8095877 0 P 0
L 21.9504399 17.7406877 21.9504399 17.9375397 0 P 0
L 21.9504419 17.0221846 21.9504419 17.2190366 0 P 0
L 21.9504419 17.1501386 21.9504419 17.3469886 0 P 0
L 21.992096 18.3290751 21.992096 18.4865551 0 P 0
L 22.106189 15.8732441 22.106189 16.0267874 0 P 0
L 22.1649296 18.1893891 22.1649296 18.3862411 0 P 0
L 22.1649296 18.1893891 22.3224096 18.1893891 0 P 0
L 22.1649296 18.3862411 22.3224096 18.3862411 0 P 0
L 22.285244 18.3290751 22.285244 18.4865551 0 P 0
L 22.285244 18.3290751 22.482096 18.3290751 0 P 0
L 22.285244 18.4865551 22.482096 18.4865551 0 P 0
L 22.3224096 18.1893891 22.3224096 18.3862411 0 P 0
L 22.3621162 15.8329332 22.382974 15.8329332 1 P 0
L 22.3725451 15.8225043 22.3725451 15.8433621 1 P 0
L 22.372546 15.639786 22.372546 15.802508 1 P 0
L 22.402074 15.735316 22.402882 15.734508 1 P 0
L 22.482096 18.3290751 22.482096 18.4865551 0 P 0
L 22.5033541 19.0730914 22.5033541 19.2660034 0 P 0
L 22.5033541 19.0730914 22.6568981 19.0730914 0 P 0
L 22.5033541 19.2660034 22.6568981 19.2660034 0 P 0
L 22.6568981 19.0730914 22.6568981 19.2660034 0 P 0
L 22.6787867 17.0221846 22.6787867 17.2190366 0 P 0
L 22.6787867 17.0221846 22.8362687 17.0221846 0 P 0
L 22.6787867 17.1501386 22.6787867 17.3469886 0 P 0
L 22.6787867 17.1501386 22.8362687 17.1501386 0 P 0
L 22.6787867 17.2190366 22.8362687 17.2190366 0 P 0
L 22.6787867 17.3469886 22.8362687 17.3469886 0 P 0
L 22.6787867 17.6127377 22.6787867 17.8095877 0 P 0
L 22.6787867 17.6127377 22.8362667 17.6127377 0 P 0
L 22.6787867 17.7406877 22.6787867 17.9375397 0 P 0
L 22.6787867 17.7406877 22.8362667 17.7406877 0 P 0
L 22.6787867 17.8095877 22.8362667 17.8095877 0 P 0
L 22.6787867 17.9375397 22.8362667 17.9375397 0 P 0
L 22.6787887 16.4513184 22.6787887 16.6481684 0 P 0
L 22.6787887 16.4513184 22.8362687 16.4513184 0 P 0
L 22.6787887 16.5792704 22.6787887 16.7761224 0 P 0
L 22.6787887 16.5792704 22.8362687 16.5792704 0 P 0
L 22.6787887 16.6481684 22.8362687 16.6481684 0 P 0
L 22.6787887 16.7761224 22.8362687 16.7761224 0 P 0
L 22.8362667 17.6127377 22.8362667 17.8095877 0 P 0
L 22.8362667 17.7406877 22.8362667 17.9375397 0 P 0
L 22.8362687 16.4513184 22.8362687 16.6481684 0 P 0
L 22.8362687 16.5792704 22.8362687 16.7761224 0 P 0
L 22.8362687 17.0221846 22.8362687 17.2190366 0 P 0
L 22.8362687 17.1501386 22.8362687 17.3469886 0 P 0
L 22.8680781 18.3290751 22.8680781 18.4865551 0 P 0
L 22.8680781 18.3290751 23.0649301 18.3290751 0 P 0
L 22.8680781 18.4865551 23.0649301 18.4865551 0 P 0
L 23.0649301 18.3290751 23.0649301 18.4865551 0 P 0
L 23.2377642 18.1893891 23.2377642 18.3862411 0 P 0
L 23.2377642 18.1893891 23.3952442 18.1893891 0 P 0
L 23.2377642 18.3862411 23.3952442 18.3862411 0 P 0
L 23.2907557 19.0730914 23.2907557 19.2660034 0 P 0
L 23.2907557 19.0730914 23.4442997 19.0730914 0 P 0
L 23.2907557 19.2660034 23.4442997 19.2660034 0 P 0
L 23.3580781 18.3290751 23.3580781 18.4865551 0 P 0
L 23.3580781 18.3290751 23.5549301 18.3290751 0 P 0
L 23.3580781 18.4865551 23.5549301 18.4865551 0 P 0
L 23.3952442 18.1893891 23.3952442 18.3862411 0 P 0
L 23.4442997 19.0730914 23.4442997 19.2660034 0 P 0
L 23.5549301 18.3290751 23.5549301 18.4865551 0 P 0
L 23.5646134 17.6127357 23.5646134 17.8095877 0 P 0
L 23.5646134 17.6127357 23.7220934 17.6127357 0 P 0
L 23.5646134 17.7406877 23.5646134 17.9375397 0 P 0
L 23.5646134 17.7406877 23.7220934 17.7406877 0 P 0
L 23.5646134 17.8095877 23.7220934 17.8095877 0 P 0
L 23.5646134 17.9375397 23.7220934 17.9375397 0 P 0
L 23.5646135 16.4513184 23.5646135 16.6481684 0 P 0
L 23.5646135 16.4513184 23.7220955 16.4513184 0 P 0
L 23.5646135 16.5792704 23.5646135 16.7761224 0 P 0
L 23.5646135 16.5792704 23.7220955 16.5792704 0 P 0
L 23.5646135 16.6481684 23.7220955 16.6481684 0 P 0
L 23.5646135 16.7761224 23.7220955 16.7761224 0 P 0
L 23.5646135 17.0221845 23.5646135 17.2190365 0 P 0
L 23.5646135 17.0221845 23.7220935 17.0221845 0 P 0
L 23.5646135 17.1501385 23.5646135 17.3469885 0 P 0
L 23.5646135 17.1501385 23.7220935 17.1501385 0 P 0
L 23.5646135 17.2190365 23.7220935 17.2190365 0 P 0
L 23.5646135 17.3469885 23.7220935 17.3469885 0 P 0
L 23.7220934 17.6127357 23.7220934 17.8095877 0 P 0
L 23.7220934 17.7406877 23.7220934 17.9375397 0 P 0
L 23.7220935 17.0221845 23.7220935 17.2190365 0 P 0
L 23.7220935 17.1501385 23.7220935 17.3469885 0 P 0
L 23.7220955 16.4513184 23.7220955 16.6481684 0 P 0
L 23.7220955 16.5792704 23.7220955 16.7761224 0 P 0
L 23.9409132 18.3290751 23.9409132 18.4865551 0 P 0
L 23.9409132 18.3290751 24.1377652 18.3290751 0 P 0
L 23.9409132 18.4865551 24.1377652 18.4865551 0 P 0
L 24.0781573 19.0730914 24.0781573 19.2660034 0 P 0
L 24.0781573 19.0730914 24.2317013 19.0730914 0 P 0
L 24.0781573 19.2660034 24.2317013 19.2660034 0 P 0
L 24.1377652 18.3290751 24.1377652 18.4865551 0 P 0
L 24.2317013 19.0730914 24.2317013 19.2660034 0 P 0
L 24.3105989 18.1893891 24.3105989 18.3862411 0 P 0
L 24.3105989 18.1893891 24.4680789 18.1893891 0 P 0
L 24.3105989 18.3862411 24.4680789 18.3862411 0 P 0
L 24.4309132 18.3290751 24.4309132 18.4865551 0 P 0
L 24.4309132 18.3290751 24.6277652 18.3290751 0 P 0
L 24.4309132 18.4865551 24.6277652 18.4865551 0 P 0
L 24.4504402 16.4513184 24.4504402 16.6481684 0 P 0
L 24.4504402 16.4513184 24.6079222 16.4513184 0 P 0
L 24.4504402 16.5792704 24.4504402 16.7761224 0 P 0
L 24.4504402 16.5792704 24.6079222 16.5792704 0 P 0
L 24.4504402 16.6481684 24.6079222 16.6481684 0 P 0
L 24.4504402 16.7761224 24.6079222 16.7761224 0 P 0
L 24.4504402 17.0221846 24.4504402 17.2190366 0 P 0
L 24.4504402 17.0221846 24.6079202 17.0221846 0 P 0
L 24.4504402 17.1501386 24.4504402 17.3469886 0 P 0
L 24.4504402 17.1501386 24.6079202 17.1501386 0 P 0
L 24.4504402 17.2190366 24.6079202 17.2190366 0 P 0
L 24.4504402 17.3469886 24.6079202 17.3469886 0 P 0
L 24.4504402 17.6127357 24.4504402 17.8095877 0 P 0
L 24.4504402 17.6127357 24.6079202 17.6127357 0 P 0
L 24.4504402 17.7406877 24.4504402 17.9375397 0 P 0
L 24.4504402 17.7406877 24.6079202 17.7406877 0 P 0
L 24.4504402 17.8095877 24.6079202 17.8095877 0 P 0
L 24.4504402 17.9375397 24.6079202 17.9375397 0 P 0
L 24.4680789 18.1893891 24.4680789 18.3862411 0 P 0
L 24.6079202 17.0221846 24.6079202 17.2190366 0 P 0
L 24.6079202 17.1501386 24.6079202 17.3469886 0 P 0
L 24.6079202 17.6127357 24.6079202 17.8095877 0 P 0
L 24.6079202 17.7406877 24.6079202 17.9375397 0 P 0
L 24.6079222 16.4513184 24.6079222 16.6481684 0 P 0
L 24.6079222 16.5792704 24.6079222 16.7761224 0 P 0
L 24.6277652 18.3290751 24.6277652 18.4865551 0 P 0
L 24.8655588 19.0730914 24.8655588 19.2660034 0 P 0
L 24.8655588 19.0730914 25.0191028 19.0730914 0 P 0
L 24.8655588 19.2660034 25.0191028 19.2660034 0 P 0
L 25.0137477 18.3290751 25.0137477 18.4865551 0 P 0
L 25.0137477 18.3290751 25.2105997 18.3290751 0 P 0
L 25.0137477 18.4865551 25.2105997 18.4865551 0 P 0
L 25.0191028 19.0730914 25.0191028 19.2660034 0 P 0
L 25.2105997 18.3290751 25.2105997 18.4865551 0 P 0
L 25.3181648 15.4016964 25.3281616 15.3916996 2 P 0 ;0,1=0,2=90.000000
L 25.3181648 15.4516802 25.3181648 15.4716737 2 P 0 ;0,1=0,2=90.000000
L 25.3181648 15.4716737 25.3281616 15.4816705 2 P 0 ;0,1=0,2=90.000000
L 25.3181648 15.5616446 25.3181648 15.5816381 2 P 0 ;0,1=0,2=90.000000
L 25.3181648 15.5816381 25.3281616 15.5916349 2 P 0 ;0,1=0,2=90.000000
L 25.3181648 15.6216252 25.3181648 15.6416187 2 P 0 ;0,1=0,2=90.000000
L 25.3181648 15.6416187 25.3281616 15.6516155 2 P 0 ;0,1=0,2=90.000000
L 25.3281616 15.4416834 25.3181648 15.4516802 2 P 0 ;0,1=0,2=90.000000
L 25.3281616 15.4816705 25.3681486 15.4816705 2 P 0 ;0,1=0,2=90.000000
L 25.3281616 15.5516478 25.3181648 15.5616446 2 P 0 ;0,1=0,2=90.000000
L 25.3281616 15.5916349 25.3681486 15.5916349 2 P 0 ;0,1=0,2=90.000000
L 25.3281616 15.6116284 25.3181648 15.6216252 2 P 0 ;0,1=0,2=90.000000
L 25.3281616 15.6516155 25.3681486 15.6516155 2 P 0 ;0,1=0,2=90.000000
L 25.336267 16.4513184 25.336267 16.6481684 0 P 0
L 25.336267 16.4513184 25.493749 16.4513184 0 P 0
L 25.336267 16.5792724 25.336267 16.7761224 0 P 0
L 25.336267 16.5792724 25.493749 16.5792724 0 P 0
L 25.336267 16.6481684 25.493749 16.6481684 0 P 0
L 25.336267 16.7761224 25.493749 16.7761224 0 P 0
L 25.336267 17.0221846 25.336267 17.2190366 0 P 0
L 25.336267 17.0221846 25.493747 17.0221846 0 P 0
L 25.336267 17.1501386 25.336267 17.3469886 0 P 0
L 25.336267 17.1501386 25.493747 17.1501386 0 P 0
L 25.336267 17.2190366 25.493747 17.2190366 0 P 0
L 25.336267 17.3469886 25.493747 17.3469886 0 P 0
L 25.336267 17.6127377 25.336267 17.8095877 0 P 0
L 25.336267 17.6127377 25.493747 17.6127377 0 P 0
L 25.336267 17.7406877 25.336267 17.9375397 0 P 0
L 25.336267 17.7406877 25.493747 17.7406877 0 P 0
L 25.336267 17.8095877 25.493747 17.8095877 0 P 0
L 25.336267 17.9375397 25.493747 17.9375397 0 P 0
L 25.3681486 15.4416834 25.3281616 15.4416834 2 P 0 ;0,1=0,2=90.000000
L 25.3681486 15.4816705 25.3781454 15.4716737 2 P 0 ;0,1=0,2=90.000000
L 25.3681486 15.501664 25.3681486 15.5116608 2 P 0 ;0,1=0,2=90.000000
L 25.3681486 15.5116608 25.3781454 15.5116608 2 P 0 ;0,1=0,2=90.000000
L 25.3681486 15.5516478 25.3281616 15.5516478 2 P 0 ;0,1=0,2=90.000000
L 25.3681486 15.5916349 25.3781454 15.5816381 2 P 0 ;0,1=0,2=90.000000
L 25.3681486 15.6116284 25.3281616 15.6116284 2 P 0 ;0,1=0,2=90.000000
L 25.3681486 15.6516155 25.3781454 15.6416187 2 P 0 ;0,1=0,2=90.000000
L 25.3781454 15.3916996 25.3781454 15.4116931 2 P 0 ;0,1=0,2=90.000000
L 25.3781454 15.4016964 25.3181648 15.4016964 2 P 0 ;0,1=0,2=90.000000
L 25.3781454 15.4116931 25.3781454 15.4016964 2 P 0 ;0,1=0,2=90.000000
L 25.3781454 15.4516802 25.3681486 15.4416834 2 P 0 ;0,1=0,2=90.000000
L 25.3781454 15.4716737 25.3781454 15.4516802 2 P 0 ;0,1=0,2=90.000000
L 25.3781454 15.501664 25.3681486 15.501664 2 P 0 ;0,1=0,2=90.000000
L 25.3781454 15.5116608 25.3781454 15.501664 2 P 0 ;0,1=0,2=90.000000
L 25.3781454 15.5616446 25.3681486 15.5516478 2 P 0 ;0,1=0,2=90.000000
L 25.3781454 15.5816381 25.3781454 15.5616446 2 P 0 ;0,1=0,2=90.000000
L 25.3781454 15.6216252 25.3681486 15.6116284 2 P 0 ;0,1=0,2=90.000000
L 25.3781454 15.6416187 25.3781454 15.6216252 2 P 0 ;0,1=0,2=90.000000
L 25.3834335 18.1893891 25.3834335 18.3862411 0 P 0
L 25.3834335 18.1893891 25.5409135 18.1893891 0 P 0
L 25.3834335 18.3862411 25.5409135 18.3862411 0 P 0
L 25.430126 15.4008072 25.450126 15.3408072 1 P 0
L 25.430126 15.674508 25.450126 15.734508 1 P 0
L 25.440126 15.3408072 25.6369764 15.3408072 1 P 0
L 25.440126 15.734508 25.636978 15.734508 1 P 0
L 25.450126 15.3408072 25.450126 15.5376576 1 P 0
L 25.450126 15.3408072 25.470126 15.4008072 1 P 0
L 25.450126 15.5376576 25.450126 15.734508 1 P 0
L 25.450126 15.734508 25.470126 15.674508 1 P 0
L 25.493747 17.0221846 25.493747 17.2190366 0 P 0
L 25.493747 17.1501386 25.493747 17.3469886 0 P 0
L 25.493747 17.6127377 25.493747 17.8095877 0 P 0
L 25.493747 17.7406877 25.493747 17.9375397 0 P 0
L 25.493749 16.4513184 25.493749 16.6481684 0 P 0
L 25.493749 16.5792724 25.493749 16.7761224 0 P 0
L 25.5037477 18.3290751 25.5037477 18.4865551 0 P 0
L 25.5037477 18.3290751 25.7005997 18.3290751 0 P 0
L 25.5037477 18.4865551 25.7005997 18.4865551 0 P 0
L 25.5409135 18.1893891 25.5409135 18.3862411 0 P 0
L 25.6529604 19.0730914 25.6529604 19.2660034 0 P 0
L 25.6529604 19.0730914 25.8065024 19.0730914 0 P 0
L 25.6529604 19.2660034 25.8065024 19.2660034 0 P 0
L 25.7005997 18.3290751 25.7005997 18.4865551 0 P 0
L 25.8065024 19.0730914 25.8065024 19.2660034 0 P 0
L 26.0950857 17.4995472 26.0950857 18.0507292 0 P 0
L 26.0950857 17.4995472 26.6462677 17.4995472 0 P 0
L 26.0950857 18.0507292 26.6462677 18.0507292 0 P 0
L 26.3970082 18.490508 26.3970082 18.772006 0 P 0
L 26.3970082 18.490508 26.6785042 18.490508 0 P 0
L 26.3970082 18.772006 26.6785042 18.772006 0 P 0
L 26.4060087 19.1672472 26.4060087 19.4487452 0 P 0
L 26.4060087 19.1672472 26.6875047 19.1672472 0 P 0
L 26.4060087 19.4487452 26.6875047 19.4487452 0 P 0
L 26.6162693 16.7355715 26.6162693 16.8891155 0 P 0
L 26.6162693 16.7355715 26.8091813 16.7355715 0 P 0
L 26.6162693 16.8891155 26.8091813 16.8891155 0 P 0
L 26.6462677 17.4995472 26.6462677 18.0507292 0 P 0
L 26.6570272 16.312657 26.6570272 16.466201 0 P 0
L 26.6570272 16.312657 26.8499392 16.312657 0 P 0
L 26.6570272 16.466201 26.8499392 16.466201 0 P 0
L 26.6785042 18.490508 26.6785042 18.772006 0 P 0
L 26.6875047 19.1672472 26.6875047 19.4487452 0 P 0
L 26.7138126 17.1127357 26.7138126 17.2662797 0 P 0
L 26.7138126 17.1127357 26.9067246 17.1127357 0 P 0
L 26.7138126 17.2662797 26.9067246 17.2662797 0 P 0
L 26.8091813 16.7355715 26.8091813 16.8891155 0 P 0
L 26.8499392 16.312657 26.8499392 16.466201 0 P 0
L 26.9067246 17.1127357 26.9067246 17.2662797 0 P 0
