#Layer_Color=16711935
#
#Feature symbol names
#
$0 r3.937

#
#Feature attribute names
#

#
#Layer features
#
A 20.1988271 14.7802756 20.1988271 14.7802756 20.1791421 14.7802756 0 P 0 N
A 20.6826299 12.7086221 20.6826299 12.7086221 20.6629449 12.7086221 0 P 0 N
A 20.8218979 14.7827953 20.8218979 14.7827953 20.8022129 14.7827953 0 P 0 N
A 20.9138819 14.3934646 20.9138819 14.3934646 20.8941969 14.3934646 0 P 0 N
A 21.3638819 14.3934646 21.3638819 14.3934646 21.3441969 14.3934646 0 P 0 N
A 21.4460552 13.7757323 21.4460552 13.7757323 21.4263702 13.7757323 0 P 0 N
A 21.5019766 14.7802756 21.5019766 14.7802756 21.4822916 14.7802756 0 P 0 N
A 21.5080947 12.8434567 21.5080947 12.8434567 21.4884097 12.8434567 0 P 0 N
A 21.7570947 13.1604567 21.7570947 13.1604567 21.7374097 13.1604567 0 P 0 N
A 23.3657638 12.9584882 23.3657638 12.9584882 23.3460788 12.9584882 0 P 0 N
L 20.1417405 14.6956299 20.1417405 14.8176772 0 P 0
L 20.1417405 14.6956299 20.2637878 14.6956299 0 P 0
L 20.1417405 14.8176772 20.2637878 14.8176772 0 P 0
L 20.2637878 14.6956299 20.2637878 14.8176772 0 P 0
L 20.6275118 12.1928741 20.6275118 12.7440552 0 P 0
L 20.6275118 12.1928741 21.1786929 12.1928741 0 P 0
L 20.6275118 12.7440552 21.1786929 12.7440552 0 P 0
L 20.6744017 13.0237638 20.6744017 13.8111654 0 P 0
L 20.6744017 13.0237638 21.4618033 13.0237638 0 P 0
L 20.6744017 13.8111654 21.4618033 13.8111654 0 P 0
L 20.7648113 14.6981496 20.7648113 14.8201969 0 P 0
L 20.7648113 14.6981496 20.8868586 14.6981496 0 P 0
L 20.7648113 14.8201969 20.8868586 14.8201969 0 P 0
L 20.8587638 14.2359843 20.8587638 14.4288977 0 P 0
L 20.8587638 14.2359843 21.0123071 14.2359843 0 P 0
L 20.8587638 14.4288977 21.0123071 14.4288977 0 P 0
L 20.8868586 14.6981496 20.8868586 14.8201969 0 P 0
L 21.0123071 14.2359843 21.0123071 14.4288977 0 P 0
L 21.1786929 12.1928741 21.1786929 12.7440552 0 P 0
L 21.3087638 14.2359843 21.3087638 14.4288977 0 P 0
L 21.3087638 14.2359843 21.4623071 14.2359843 0 P 0
L 21.3087638 14.4288977 21.4623071 14.4288977 0 P 0
L 21.3663624 12.6820394 21.3663624 12.8788898 0 P 0
L 21.3663624 12.6820394 21.5238428 12.6820394 0 P 0
L 21.3663624 12.8788898 21.5238428 12.8788898 0 P 0
L 21.44489 14.6956299 21.44489 14.8176772 0 P 0
L 21.44489 14.6956299 21.5669373 14.6956299 0 P 0
L 21.44489 14.8176772 21.5669373 14.8176772 0 P 0
L 21.4618033 13.0237638 21.4618033 13.8111654 0 P 0
L 21.4623071 14.2359843 21.4623071 14.4288977 0 P 0
L 21.5238428 12.6820394 21.5238428 12.8788898 0 P 0
L 21.5669373 14.6956299 21.5669373 14.8176772 0 P 0
L 21.6153624 12.9990394 21.6153624 13.1958898 0 P 0
L 21.6153624 12.9990394 21.7728428 12.9990394 0 P 0
L 21.6153624 13.1958898 21.7728428 13.1958898 0 P 0
L 21.7728428 12.9990394 21.7728428 13.1958898 0 P 0
L 23.3086772 12.7990394 23.3086772 12.9958898 0 P 0
L 23.3086772 12.7990394 23.5055276 12.7990394 0 P 0
L 23.3086772 12.9958898 23.5055276 12.9958898 0 P 0
L 23.5055276 12.7990394 23.5055276 12.9958898 0 P 0
