#Layer_Color=16711935
#
#Feature symbol names
#
$0 r3.937
$1 r10
$2 r6

#
#Feature attribute names
#
@0 .nomenclature
@1 .string
@2 .string_angle

#
#Feature attribute text strings
#
&0 10.00

#
#Layer features
#
A 0.2821257 0.1791692 0.2821257 0.1791692 0.2624407 0.1791692 0 P 0 N
A 0.5318091 0.8782277 0.5318091 0.8782277 0.5121241 0.8782277 0 P 0 N
A 0.5318099 2.0396466 0.5318099 2.0396466 0.5121249 2.0396466 0 P 0 N
A 0.5318107 1.4490948 0.5318107 1.4490948 0.5121257 1.4490948 0 P 0 N
A 0.5340942 2.7166141 0.5340942 2.7166141 0.5144092 2.7166141 0 P 0 N
A 0.537481 3.496063 0.537481 3.496063 0.517796 3.496063 0 P 0 N
A 0.6184233 1.0061805 0.6184233 1.0061805 0.5987383 1.0061805 0 P 0 N
A 0.6184241 2.1675974 0.6184241 2.1675974 0.5987391 2.1675974 0 P 0 N
A 0.6184249 1.5770476 0.6184249 1.5770476 0.5987399 1.5770476 0 P 0 N
A 0.6521257 0.1741692 0.6521257 0.1741692 0.6324407 0.1741692 0 P 0 N
A 0.9037786 2.6162999 0.9037786 2.6162999 0.8840936 2.6162999 0 P 0 N
A 1.0240942 2.7166141 1.0240942 2.7166141 1.0044092 2.7166141 0 P 0 N
A 1.3248817 3.4960625 1.3248817 3.4960625 1.3051967 3.4960625 0 P 0 N
A 1.4176369 2.0396468 1.4176369 2.0396468 1.3979519 2.0396468 0 P 0 N
A 1.4176374 1.4490948 1.4176374 1.4490948 1.3979524 1.4490948 0 P 0 N
A 1.4176378 0.8782277 1.4176378 0.8782277 1.3979528 0.8782277 0 P 0 N
A 1.5042511 2.1675976 1.5042511 2.1675976 1.4845661 2.1675976 0 P 0 N
A 1.5042516 1.5770476 1.5042516 1.5770476 1.4845666 1.5770476 0 P 0 N
A 1.504252 1.0061805 1.504252 1.0061805 1.484567 1.0061805 0 P 0 N
A 1.6069287 2.7166142 1.6069287 2.7166142 1.5872437 2.7166142 0 P 0 N
A 1.9766138 2.6162992 1.9766138 2.6162992 1.9569288 2.6162992 0 P 0 N
A 2.0969287 2.7166142 2.0969287 2.7166142 2.0772437 2.7166142 0 P 0 N
A 2.1122833 3.496063 2.1122833 3.496063 2.0925983 3.496063 0 P 0 N
A 2.3034632 2.0396466 2.3034632 2.0396466 2.2837782 2.0396466 0 P 0 N
A 2.3034641 1.4490947 2.3034641 1.4490947 2.2837791 1.4490947 0 P 0 N
A 2.3034645 0.8782277 2.3034645 0.8782277 2.2837795 0.8782277 0 P 0 N
A 2.3900774 2.1675974 2.3900774 2.1675974 2.3703924 2.1675974 0 P 0 N
A 2.3900783 1.5770475 2.3900783 1.5770475 2.3703933 1.5770475 0 P 0 N
A 2.3900787 1.0061805 2.3900787 1.0061805 2.3703937 1.0061805 0 P 0 N
A 2.6797635 2.7166141 2.6797635 2.7166141 2.6600785 2.7166141 0 P 0 N
A 2.8996842 3.4960621 2.8996842 3.4960621 2.8799992 3.4960621 0 P 0 N
A 3.0494479 2.6162998 3.0494479 2.6162998 3.0297629 2.6162998 0 P 0 N
A 3.1697635 2.7166141 3.1697635 2.7166141 3.1500785 2.7166141 0 P 0 N
A 3.1892899 2.0396466 3.1892899 2.0396466 3.1696049 2.0396466 0 P 0 N
A 3.1892907 1.4490948 3.1892907 1.4490948 3.1696057 1.4490948 0 P 0 N
A 3.1892911 0.8782277 3.1892911 0.8782277 3.1696061 0.8782277 0 P 0 N
A 3.2759041 2.1675974 3.2759041 2.1675974 3.2562191 2.1675974 0 P 0 N
A 3.2759049 1.5770476 3.2759049 1.5770476 3.2562199 1.5770476 0 P 0 N
A 3.2759053 1.0061805 3.2759053 1.0061805 3.2562203 1.0061805 0 P 0 N
A 3.6870857 3.4960626 3.6870857 3.4960626 3.6674007 3.4960626 0 P 0 N
A 3.7525981 2.7166144 3.7525981 2.7166144 3.7329131 2.7166144 0 P 0 N
A 4.0751169 2.0396468 4.0751169 2.0396468 4.0554319 2.0396468 0 P 0 N
A 4.0751174 1.4490948 4.0751174 1.4490948 4.0554324 1.4490948 0 P 0 N
A 4.075118 0.8782281 4.075118 0.8782281 4.055433 0.8782281 0 P 0 N
A 4.1222832 2.6162997 4.1222832 2.6162997 4.1025982 2.6162997 0 P 0 N
A 4.1617311 2.1675976 4.1617311 2.1675976 4.1420461 2.1675976 0 P 0 N
A 4.1617316 1.5770476 4.1617316 1.5770476 4.1420466 1.5770476 0 P 0 N
A 4.1617322 1.0061809 4.1617322 1.0061809 4.1420472 1.0061809 0 P 0 N
A 4.2425981 2.7166134 4.2425981 2.7166134 4.2229131 2.7166134 0 P 0 N
A 4.4744871 3.496063 4.4744871 3.496063 4.4548021 3.496063 0 P 0 N
A 4.833936 2.2807874 4.833936 2.2807874 4.814251 2.2807874 0 P 0 N
A 5.135858 3.0020639 5.135858 3.0020639 5.116173 3.0020639 0 P 0 N
A 5.144858 3.6788031 5.144858 3.6788031 5.125173 3.6788031 0 P 0 N
A 5.355118 1.0364973 5.355118 1.0364973 5.335433 1.0364973 0 P 0 N
A 5.3958758 0.6962592 5.3958758 0.6962592 5.3761908 0.6962592 0 P 0 N
A 5.4526613 1.4136605 5.4526613 1.4136605 5.4329763 1.4136605 0 P 0 N
L 0.2270091 0.1437364 0.2270091 0.2972804 0 P 0
L 0.2270091 0.1437364 0.4199211 0.1437364 0 P 0
L 0.2270091 0.2972804 0.4199211 0.2972804 0 P 0
L 0.3996845 3.3385834 0.3996845 3.5314954 0 P 0
L 0.3996845 3.3385834 0.5532285 3.3385834 0 P 0
L 0.3996845 3.5314954 0.5532285 3.5314954 0 P 0
L 0.4199211 0.1437364 0.4199211 0.2972804 0 P 0
L 0.4766919 0.7168104 0.4766919 0.9136604 0 P 0
L 0.4766919 0.7168104 0.6341719 0.7168104 0 P 0
L 0.4766919 0.8447624 0.4766919 1.0416144 0 P 0
L 0.4766919 0.8447624 0.6341719 0.8447624 0 P 0
L 0.4766919 0.9136604 0.6341719 0.9136604 0 P 0
L 0.4766919 1.0416144 0.6341719 1.0416144 0 P 0
L 0.4766919 1.2876766 0.4766919 1.4845286 0 P 0
L 0.4766919 1.2876766 0.6341739 1.2876766 0 P 0
L 0.4766919 1.4156306 0.4766919 1.6124806 0 P 0
L 0.4766919 1.4156306 0.6341739 1.4156306 0 P 0
L 0.4766919 1.4845286 0.6341739 1.4845286 0 P 0
L 0.4766919 1.6124806 0.6341739 1.6124806 0 P 0
L 0.4766919 1.8782277 0.4766919 2.0750797 0 P 0
L 0.4766919 1.8782277 0.6341719 1.8782277 0 P 0
L 0.4766919 2.0061797 0.4766919 2.2030317 0 P 0
L 0.4766919 2.0061797 0.6341719 2.0061797 0 P 0
L 0.4766919 2.0750797 0.6341719 2.0750797 0 P 0
L 0.4766919 2.2030317 0.6341719 2.2030317 0 P 0
L 0.478976 2.5945671 0.478976 2.7520471 0 P 0
L 0.478976 2.5945671 0.675828 2.5945671 0 P 0
L 0.478976 2.7520471 0.675828 2.7520471 0 P 0
L 0.5532285 3.3385834 0.5532285 3.5314954 0 P 0
L 0.5970076 0.1387361 0.5970076 0.2922794 0 P 0
L 0.5970076 0.1387361 0.789921 0.1387361 0 P 0
L 0.5970076 0.2922794 0.789921 0.2922794 0 P 0
L 0.6341719 0.7168104 0.6341719 0.9136604 0 P 0
L 0.6341719 0.8447624 0.6341719 1.0416144 0 P 0
L 0.6341719 1.8782277 0.6341719 2.0750797 0 P 0
L 0.6341719 2.0061797 0.6341719 2.2030317 0 P 0
L 0.6341739 1.2876766 0.6341739 1.4845286 0 P 0
L 0.6341739 1.4156306 0.6341739 1.6124806 0 P 0
L 0.675828 2.5945671 0.675828 2.7520471 0 P 0
L 0.789921 0.1387361 0.789921 0.2922794 0 P 0
L 0.8486616 2.4548811 0.8486616 2.6517331 0 P 0
L 0.8486616 2.4548811 1.0061416 2.4548811 0 P 0
L 0.8486616 2.6517331 1.0061416 2.6517331 0 P 0
L 0.968976 2.5945671 0.968976 2.7520471 0 P 0
L 0.968976 2.5945671 1.165828 2.5945671 0 P 0
L 0.968976 2.7520471 1.165828 2.7520471 0 P 0
L 1.0061416 2.4548811 1.0061416 2.6517331 0 P 0
L 1.0458482 0.0984252 1.066706 0.0984252 1 P 0
L 1.0562771 0.0879963 1.0562771 0.1088541 1 P 0
L 1.056278 -0.094722 1.056278 0.068 1 P 0
L 1.085806 0.000808 1.086614 0 1 P 0
L 1.165828 2.5945671 1.165828 2.7520471 0 P 0
L 1.1870861 3.3385834 1.1870861 3.5314954 0 P 0
L 1.1870861 3.3385834 1.3406301 3.3385834 0 P 0
L 1.1870861 3.5314954 1.3406301 3.5314954 0 P 0
L 1.3406301 3.3385834 1.3406301 3.5314954 0 P 0
L 1.3625187 1.2876766 1.3625187 1.4845286 0 P 0
L 1.3625187 1.2876766 1.5200007 1.2876766 0 P 0
L 1.3625187 1.4156306 1.3625187 1.6124806 0 P 0
L 1.3625187 1.4156306 1.5200007 1.4156306 0 P 0
L 1.3625187 1.4845286 1.5200007 1.4845286 0 P 0
L 1.3625187 1.6124806 1.5200007 1.6124806 0 P 0
L 1.3625187 1.8782297 1.3625187 2.0750797 0 P 0
L 1.3625187 1.8782297 1.5199987 1.8782297 0 P 0
L 1.3625187 2.0061797 1.3625187 2.2030317 0 P 0
L 1.3625187 2.0061797 1.5199987 2.0061797 0 P 0
L 1.3625187 2.0750797 1.5199987 2.0750797 0 P 0
L 1.3625187 2.2030317 1.5199987 2.2030317 0 P 0
L 1.3625207 0.7168104 1.3625207 0.9136604 0 P 0
L 1.3625207 0.7168104 1.5200007 0.7168104 0 P 0
L 1.3625207 0.8447624 1.3625207 1.0416144 0 P 0
L 1.3625207 0.8447624 1.5200007 0.8447624 0 P 0
L 1.3625207 0.9136604 1.5200007 0.9136604 0 P 0
L 1.3625207 1.0416144 1.5200007 1.0416144 0 P 0
L 1.5199987 1.8782297 1.5199987 2.0750797 0 P 0
L 1.5199987 2.0061797 1.5199987 2.2030317 0 P 0
L 1.5200007 0.7168104 1.5200007 0.9136604 0 P 0
L 1.5200007 0.8447624 1.5200007 1.0416144 0 P 0
L 1.5200007 1.2876766 1.5200007 1.4845286 0 P 0
L 1.5200007 1.4156306 1.5200007 1.6124806 0 P 0
L 1.5518101 2.5945671 1.5518101 2.7520471 0 P 0
L 1.5518101 2.5945671 1.7486621 2.5945671 0 P 0
L 1.5518101 2.7520471 1.7486621 2.7520471 0 P 0
L 1.7486621 2.5945671 1.7486621 2.7520471 0 P 0
L 1.9214962 2.4548811 1.9214962 2.6517331 0 P 0
L 1.9214962 2.4548811 2.0789762 2.4548811 0 P 0
L 1.9214962 2.6517331 2.0789762 2.6517331 0 P 0
L 1.9744877 3.3385834 1.9744877 3.5314954 0 P 0
L 1.9744877 3.3385834 2.1280317 3.3385834 0 P 0
L 1.9744877 3.5314954 2.1280317 3.5314954 0 P 0
L 2.0418101 2.5945671 2.0418101 2.7520471 0 P 0
L 2.0418101 2.5945671 2.2386621 2.5945671 0 P 0
L 2.0418101 2.7520471 2.2386621 2.7520471 0 P 0
L 2.0789762 2.4548811 2.0789762 2.6517331 0 P 0
L 2.1280317 3.3385834 2.1280317 3.5314954 0 P 0
L 2.2386621 2.5945671 2.2386621 2.7520471 0 P 0
L 2.2483454 1.8782277 2.2483454 2.0750797 0 P 0
L 2.2483454 1.8782277 2.4058254 1.8782277 0 P 0
L 2.2483454 2.0061797 2.2483454 2.2030317 0 P 0
L 2.2483454 2.0061797 2.4058254 2.0061797 0 P 0
L 2.2483454 2.0750797 2.4058254 2.0750797 0 P 0
L 2.2483454 2.2030317 2.4058254 2.2030317 0 P 0
L 2.2483455 0.7168104 2.2483455 0.9136604 0 P 0
L 2.2483455 0.7168104 2.4058275 0.7168104 0 P 0
L 2.2483455 0.8447624 2.2483455 1.0416144 0 P 0
L 2.2483455 0.8447624 2.4058275 0.8447624 0 P 0
L 2.2483455 0.9136604 2.4058275 0.9136604 0 P 0
L 2.2483455 1.0416144 2.4058275 1.0416144 0 P 0
L 2.2483455 1.2876765 2.2483455 1.4845285 0 P 0
L 2.2483455 1.2876765 2.4058255 1.2876765 0 P 0
L 2.2483455 1.4156305 2.2483455 1.6124805 0 P 0
L 2.2483455 1.4156305 2.4058255 1.4156305 0 P 0
L 2.2483455 1.4845285 2.4058255 1.4845285 0 P 0
L 2.2483455 1.6124805 2.4058255 1.6124805 0 P 0
L 2.4058254 1.8782277 2.4058254 2.0750797 0 P 0
L 2.4058254 2.0061797 2.4058254 2.2030317 0 P 0
L 2.4058255 1.2876765 2.4058255 1.4845285 0 P 0
L 2.4058255 1.4156305 2.4058255 1.6124805 0 P 0
L 2.4058275 0.7168104 2.4058275 0.9136604 0 P 0
L 2.4058275 0.8447624 2.4058275 1.0416144 0 P 0
L 2.6246452 2.5945671 2.6246452 2.7520471 0 P 0
L 2.6246452 2.5945671 2.8214972 2.5945671 0 P 0
L 2.6246452 2.7520471 2.8214972 2.7520471 0 P 0
L 2.7618893 3.3385834 2.7618893 3.5314954 0 P 0
L 2.7618893 3.3385834 2.9154333 3.3385834 0 P 0
L 2.7618893 3.5314954 2.9154333 3.5314954 0 P 0
L 2.8214972 2.5945671 2.8214972 2.7520471 0 P 0
L 2.9154333 3.3385834 2.9154333 3.5314954 0 P 0
L 2.9943309 2.4548811 2.9943309 2.6517331 0 P 0
L 2.9943309 2.4548811 3.1518109 2.4548811 0 P 0
L 2.9943309 2.6517331 3.1518109 2.6517331 0 P 0
L 3.1146452 2.5945671 3.1146452 2.7520471 0 P 0
L 3.1146452 2.5945671 3.3114972 2.5945671 0 P 0
L 3.1146452 2.7520471 3.3114972 2.7520471 0 P 0
L 3.1341722 0.7168104 3.1341722 0.9136604 0 P 0
L 3.1341722 0.7168104 3.2916542 0.7168104 0 P 0
L 3.1341722 0.8447624 3.1341722 1.0416144 0 P 0
L 3.1341722 0.8447624 3.2916542 0.8447624 0 P 0
L 3.1341722 0.9136604 3.2916542 0.9136604 0 P 0
L 3.1341722 1.0416144 3.2916542 1.0416144 0 P 0
L 3.1341722 1.2876766 3.1341722 1.4845286 0 P 0
L 3.1341722 1.2876766 3.2916522 1.2876766 0 P 0
L 3.1341722 1.4156306 3.1341722 1.6124806 0 P 0
L 3.1341722 1.4156306 3.2916522 1.4156306 0 P 0
L 3.1341722 1.4845286 3.2916522 1.4845286 0 P 0
L 3.1341722 1.6124806 3.2916522 1.6124806 0 P 0
L 3.1341722 1.8782277 3.1341722 2.0750797 0 P 0
L 3.1341722 1.8782277 3.2916522 1.8782277 0 P 0
L 3.1341722 2.0061797 3.1341722 2.2030317 0 P 0
L 3.1341722 2.0061797 3.2916522 2.0061797 0 P 0
L 3.1341722 2.0750797 3.2916522 2.0750797 0 P 0
L 3.1341722 2.2030317 3.2916522 2.2030317 0 P 0
L 3.1518109 2.4548811 3.1518109 2.6517331 0 P 0
L 3.2916522 1.2876766 3.2916522 1.4845286 0 P 0
L 3.2916522 1.4156306 3.2916522 1.6124806 0 P 0
L 3.2916522 1.8782277 3.2916522 2.0750797 0 P 0
L 3.2916522 2.0061797 3.2916522 2.2030317 0 P 0
L 3.2916542 0.7168104 3.2916542 0.9136604 0 P 0
L 3.2916542 0.8447624 3.2916542 1.0416144 0 P 0
L 3.3114972 2.5945671 3.3114972 2.7520471 0 P 0
L 3.5492908 3.3385834 3.5492908 3.5314954 0 P 0
L 3.5492908 3.3385834 3.7028348 3.3385834 0 P 0
L 3.5492908 3.5314954 3.7028348 3.5314954 0 P 0
L 3.6974797 2.5945671 3.6974797 2.7520471 0 P 0
L 3.6974797 2.5945671 3.8943317 2.5945671 0 P 0
L 3.6974797 2.7520471 3.8943317 2.7520471 0 P 0
L 3.7028348 3.3385834 3.7028348 3.5314954 0 P 0
L 3.8943317 2.5945671 3.8943317 2.7520471 0 P 0
L 4.0018968 -0.0928893 4.0118936 -0.0828925 2 P 0 ;0,1=0,2=90.000000
L 4.0018968 -0.1128828 4.0018968 -0.0928893 2 P 0 ;0,1=0,2=90.000000
L 4.0018968 -0.1528699 4.0118936 -0.1428731 2 P 0 ;0,1=0,2=90.000000
L 4.0018968 -0.1728634 4.0018968 -0.1528699 2 P 0 ;0,1=0,2=90.000000
L 4.0018968 -0.2628343 4.0118936 -0.2528375 2 P 0 ;0,1=0,2=90.000000
L 4.0018968 -0.2828278 4.0018968 -0.2628343 2 P 0 ;0,1=0,2=90.000000
L 4.0018968 -0.3328116 4.0118936 -0.3428084 2 P 0 ;0,1=0,2=90.000000
L 4.0118936 -0.0828925 4.0518806 -0.0828925 2 P 0 ;0,1=0,2=90.000000
L 4.0118936 -0.1228796 4.0018968 -0.1128828 2 P 0 ;0,1=0,2=90.000000
L 4.0118936 -0.1428731 4.0518806 -0.1428731 2 P 0 ;0,1=0,2=90.000000
L 4.0118936 -0.1828602 4.0018968 -0.1728634 2 P 0 ;0,1=0,2=90.000000
L 4.0118936 -0.2528375 4.0518806 -0.2528375 2 P 0 ;0,1=0,2=90.000000
L 4.0118936 -0.2928246 4.0018968 -0.2828278 2 P 0 ;0,1=0,2=90.000000
L 4.019999 0.7168104 4.019999 0.9136604 0 P 0
L 4.019999 0.7168104 4.177481 0.7168104 0 P 0
L 4.019999 0.8447644 4.019999 1.0416144 0 P 0
L 4.019999 0.8447644 4.177481 0.8447644 0 P 0
L 4.019999 0.9136604 4.177481 0.9136604 0 P 0
L 4.019999 1.0416144 4.177481 1.0416144 0 P 0
L 4.019999 1.2876766 4.019999 1.4845286 0 P 0
L 4.019999 1.2876766 4.177479 1.2876766 0 P 0
L 4.019999 1.4156306 4.019999 1.6124806 0 P 0
L 4.019999 1.4156306 4.177479 1.4156306 0 P 0
L 4.019999 1.4845286 4.177479 1.4845286 0 P 0
L 4.019999 1.6124806 4.177479 1.6124806 0 P 0
L 4.019999 1.8782297 4.019999 2.0750797 0 P 0
L 4.019999 1.8782297 4.177479 1.8782297 0 P 0
L 4.019999 2.0061797 4.019999 2.2030317 0 P 0
L 4.019999 2.0061797 4.177479 2.0061797 0 P 0
L 4.019999 2.0750797 4.177479 2.0750797 0 P 0
L 4.019999 2.2030317 4.177479 2.2030317 0 P 0
L 4.0518806 -0.0828925 4.0618774 -0.0928893 2 P 0 ;0,1=0,2=90.000000
L 4.0518806 -0.1228796 4.0118936 -0.1228796 2 P 0 ;0,1=0,2=90.000000
L 4.0518806 -0.1428731 4.0618774 -0.1528699 2 P 0 ;0,1=0,2=90.000000
L 4.0518806 -0.1828602 4.0118936 -0.1828602 2 P 0 ;0,1=0,2=90.000000
L 4.0518806 -0.2228472 4.0618774 -0.2228472 2 P 0 ;0,1=0,2=90.000000
L 4.0518806 -0.232844 4.0518806 -0.2228472 2 P 0 ;0,1=0,2=90.000000
L 4.0518806 -0.2528375 4.0618774 -0.2628343 2 P 0 ;0,1=0,2=90.000000
L 4.0518806 -0.2928246 4.0118936 -0.2928246 2 P 0 ;0,1=0,2=90.000000
L 4.0618774 -0.0928893 4.0618774 -0.1128828 2 P 0 ;0,1=0,2=90.000000
L 4.0618774 -0.1128828 4.0518806 -0.1228796 2 P 0 ;0,1=0,2=90.000000
L 4.0618774 -0.1528699 4.0618774 -0.1728634 2 P 0 ;0,1=0,2=90.000000
L 4.0618774 -0.1728634 4.0518806 -0.1828602 2 P 0 ;0,1=0,2=90.000000
L 4.0618774 -0.2228472 4.0618774 -0.232844 2 P 0 ;0,1=0,2=90.000000
L 4.0618774 -0.232844 4.0518806 -0.232844 2 P 0 ;0,1=0,2=90.000000
L 4.0618774 -0.2628343 4.0618774 -0.2828278 2 P 0 ;0,1=0,2=90.000000
L 4.0618774 -0.2828278 4.0518806 -0.2928246 2 P 0 ;0,1=0,2=90.000000
L 4.0618774 -0.3228149 4.0618774 -0.3328116 2 P 0 ;0,1=0,2=90.000000
L 4.0618774 -0.3328116 4.0018968 -0.3328116 2 P 0 ;0,1=0,2=90.000000
L 4.0618774 -0.3428084 4.0618774 -0.3228149 2 P 0 ;0,1=0,2=90.000000
L 4.0671655 2.4548811 4.0671655 2.6517331 0 P 0
L 4.0671655 2.4548811 4.2246455 2.4548811 0 P 0
L 4.0671655 2.6517331 4.2246455 2.6517331 0 P 0
L 4.113858 -0.06 4.133858 0 1 P 0
L 4.113858 -0.3337008 4.133858 -0.3937008 1 P 0
L 4.123858 0 4.32071 0 1 P 0
L 4.123858 -0.3937008 4.3207084 -0.3937008 1 P 0
L 4.133858 0 4.153858 -0.06 1 P 0
L 4.133858 -0.1968504 4.133858 0 1 P 0
L 4.133858 -0.3937008 4.133858 -0.1968504 1 P 0
L 4.133858 -0.3937008 4.153858 -0.3337008 1 P 0
L 4.177479 1.2876766 4.177479 1.4845286 0 P 0
L 4.177479 1.4156306 4.177479 1.6124806 0 P 0
L 4.177479 1.8782297 4.177479 2.0750797 0 P 0
L 4.177479 2.0061797 4.177479 2.2030317 0 P 0
L 4.177481 0.7168104 4.177481 0.9136604 0 P 0
L 4.177481 0.8447644 4.177481 1.0416144 0 P 0
L 4.1874797 2.5945671 4.1874797 2.7520471 0 P 0
L 4.1874797 2.5945671 4.3843317 2.5945671 0 P 0
L 4.1874797 2.7520471 4.3843317 2.7520471 0 P 0
L 4.2246455 2.4548811 4.2246455 2.6517331 0 P 0
L 4.3366924 3.3385834 4.3366924 3.5314954 0 P 0
L 4.3366924 3.3385834 4.4902344 3.3385834 0 P 0
L 4.3366924 3.5314954 4.4902344 3.5314954 0 P 0
L 4.3843317 2.5945671 4.3843317 2.7520471 0 P 0
L 4.4902344 3.3385834 4.4902344 3.5314954 0 P 0
L 4.7788177 1.7650392 4.7788177 2.3162212 0 P 0
L 4.7788177 1.7650392 5.3299997 1.7650392 0 P 0
L 4.7788177 2.3162212 5.3299997 2.3162212 0 P 0
L 5.0807402 2.756 5.0807402 3.037498 0 P 0
L 5.0807402 2.756 5.3622362 2.756 0 P 0
L 5.0807402 3.037498 5.3622362 3.037498 0 P 0
L 5.0897407 3.4327392 5.0897407 3.7142372 0 P 0
L 5.0897407 3.4327392 5.3712367 3.4327392 0 P 0
L 5.0897407 3.7142372 5.3712367 3.7142372 0 P 0
L 5.3000013 1.0010635 5.3000013 1.1546075 0 P 0
L 5.3000013 1.0010635 5.4929133 1.0010635 0 P 0
L 5.3000013 1.1546075 5.4929133 1.1546075 0 P 0
L 5.3299997 1.7650392 5.3299997 2.3162212 0 P 0
L 5.3407592 0.578149 5.3407592 0.731693 0 P 0
L 5.3407592 0.578149 5.5336712 0.578149 0 P 0
L 5.3407592 0.731693 5.5336712 0.731693 0 P 0
L 5.3622362 2.756 5.3622362 3.037498 0 P 0
L 5.3712367 3.4327392 5.3712367 3.7142372 0 P 0
L 5.3975446 1.3782277 5.3975446 1.5317717 0 P 0
L 5.3975446 1.3782277 5.5904566 1.3782277 0 P 0
L 5.3975446 1.5317717 5.5904566 1.5317717 0 P 0
L 5.4929133 1.0010635 5.4929133 1.1546075 0 P 0
L 5.5336712 0.578149 5.5336712 0.731693 0 P 0
L 5.5904566 1.3782277 5.5904566 1.5317717 0 P 0
