#Layer_Color=32768
#
#Feature symbol names
#
$0 r8
$1 r2
$2 r6
$3 r4
$4 r7
$5 rect118x35
$6 rect68x25
$7 rect25x68

#
#Feature attribute names
#

#
#Layer features
#
A 0.2401496 3.696252 0.2401496 3.696252 0.2341496 3.696252 0 P 0 N
L 0.115001 3.769 0.115001 3.811 3 P 0
L 0.115001 3.769 0.120001 3.769 3 P 0
L 0.115001 3.811 0.120001 3.811 3 P 0
L 0.120001 3.756 0.120001 3.824 2 P 0
L 0.120001 3.756 0.242001 3.756 2 P 0
L 0.120001 3.824 0.242001 3.824 2 P 0
L 0.1581496 3.619253 0.1581496 3.699253 2 P 0
L 0.1581496 3.619253 0.2081496 3.619253 2 P 0
L 0.1581496 3.635253 0.2081496 3.635253 1 P 0
L 0.1581496 3.683253 0.2081496 3.683253 1 P 0
L 0.1581496 3.699253 0.2081496 3.699253 2 P 0
L 0.2081496 3.619253 0.2081496 3.699253 2 P 0
L 0.217001 3.756 0.217001 3.824 3 P 0
L 0.2301496 3.696252 0.2381496 3.696252 0 P 0
L 0.2341496 3.692252 0.2341496 3.700252 0 P 0
L 0.242001 3.756 0.242001 3.824 2 P 0
L 0.242001 3.769 0.247001 3.769 3 P 0
L 0.242001 3.811 0.247001 3.811 3 P 0
L 0.247001 3.769 0.247001 3.811 3 P 0
L 0.2531506 3.504252 0.2531506 3.554252 2 P 0
L 0.2531506 3.504252 0.3331506 3.504252 2 P 0
L 0.2531506 3.554252 0.3331506 3.554252 2 P 0
L 0.2661496 3.613252 0.2661496 3.631252 1 P 0
L 0.2661496 3.613252 0.2881496 3.613252 1 P 0
L 0.2661496 3.631252 0.2881496 3.631252 1 P 0
L 0.2661496 3.650252 0.2661496 3.668252 1 P 0
L 0.2661496 3.650252 0.2881496 3.650252 1 P 0
L 0.2661496 3.668252 0.2881496 3.668252 1 P 0
L 0.2661496 3.687252 0.2661496 3.705252 1 P 0
L 0.2661496 3.687252 0.2881496 3.687252 1 P 0
L 0.2661496 3.705252 0.2881496 3.705252 1 P 0
L 0.2691506 3.504252 0.2691506 3.554252 1 P 0
L 0.2731496 3.613252 0.2731496 3.631252 1 P 0
L 0.2731496 3.650252 0.2731496 3.668252 1 P 0
L 0.2731496 3.687252 0.2731496 3.705252 1 P 0
L 0.2791496 3.618252 0.2791496 3.626252 1 P 0
L 0.2791496 3.655252 0.2791496 3.663252 1 P 0
L 0.2791496 3.692252 0.2791496 3.700252 1 P 0
L 0.28 1.808001 0.28 1.888001 2 P 0
L 0.28 1.808001 0.33 1.808001 2 P 0
L 0.28 1.824001 0.33 1.824001 1 P 0
L 0.28 1.872001 0.33 1.872001 1 P 0
L 0.28 1.888001 0.33 1.888001 2 P 0
L 0.285001 3.84 0.315001 3.84 4 P 0
L 0.2881496 3.602252 0.2881496 3.716252 2 P 0
L 0.2881496 3.602252 0.3381496 3.602252 2 P 0
L 0.2881496 3.716252 0.3381496 3.716252 2 P 0
L 0.2881506 3.624253 0.2881506 3.704253 2 P 0
L 0.2881506 3.624253 0.3381506 3.624253 2 P 0
L 0.2881506 3.640253 0.3381506 3.640253 1 P 0
L 0.2881506 3.688253 0.3381506 3.688253 1 P 0
L 0.2881506 3.704253 0.3381506 3.704253 2 P 0
L 0.300001 3.825 0.300001 3.855 4 P 0
L 0.3171506 3.504252 0.3171506 3.554252 1 P 0
L 0.33 1.808001 0.33 1.888001 2 P 0
L 0.3331506 3.504252 0.3331506 3.554252 2 P 0
L 0.3381496 3.602252 0.3381496 3.716252 2 P 0
L 0.3381496 3.613252 0.3601496 3.613252 1 P 0
L 0.3381496 3.631252 0.3601496 3.631252 1 P 0
L 0.3381496 3.687252 0.3601496 3.687252 1 P 0
L 0.3381496 3.705252 0.3601496 3.705252 1 P 0
L 0.3381506 3.624253 0.3381506 3.704253 2 P 0
L 0.3471496 3.618252 0.3471496 3.626252 1 P 0
L 0.3471496 3.692252 0.3471496 3.700252 1 P 0
L 0.3531496 3.613252 0.3531496 3.631252 1 P 0
L 0.3531496 3.687252 0.3531496 3.705252 1 P 0
L 0.3601496 3.613252 0.3601496 3.631252 1 P 0
L 0.3601496 3.687252 0.3601496 3.705252 1 P 0
L 0.520999 3.196999 0.550999 3.196999 4 P 0
L 0.535999 3.181999 0.535999 3.211999 4 P 0
L 0.588999 3.225999 0.588999 3.267999 3 P 0
L 0.588999 3.225999 0.593999 3.225999 3 P 0
L 0.588999 3.267999 0.593999 3.267999 3 P 0
L 0.593999 3.212999 0.593999 3.280999 2 P 0
L 0.593999 3.212999 0.715999 3.212999 2 P 0
L 0.593999 3.280999 0.715999 3.280999 2 P 0
L 0.596999 3.309999 0.596999 3.359999 2 P 0
L 0.596999 3.309999 0.676999 3.309999 2 P 0
L 0.596999 3.359999 0.676999 3.359999 2 P 0
L 0.597999 2.996999 0.597999 3.046999 2 P 0
L 0.597999 2.996999 0.677999 2.996999 2 P 0
L 0.597999 3.046999 0.677999 3.046999 2 P 0
L 0.597999 3.114 0.597999 3.164 2 P 0
L 0.597999 3.114 0.677999 3.114 2 P 0
L 0.597999 3.164 0.677999 3.164 2 P 0
L 0.612999 3.309999 0.612999 3.359999 1 P 0
L 0.613999 2.996999 0.613999 3.046999 1 P 0
L 0.613999 3.114 0.613999 3.164 1 P 0
L 0.618999 3.212999 0.618999 3.280999 3 P 0
L 0.660999 3.309999 0.660999 3.359999 1 P 0
L 0.661999 2.996999 0.661999 3.046999 1 P 0
L 0.661999 3.114 0.661999 3.164 1 P 0
L 0.676999 3.309999 0.676999 3.359999 2 P 0
L 0.677999 2.996999 0.677999 3.046999 2 P 0
L 0.677999 3.114 0.677999 3.164 2 P 0
L 0.709 2.837999 0.709 2.917999 2 P 0
L 0.709 2.837999 0.759 2.837999 2 P 0
L 0.709 2.853999 0.759 2.853999 1 P 0
L 0.709 2.901999 0.759 2.901999 1 P 0
L 0.709 2.917999 0.759 2.917999 2 P 0
L 0.715999 3.212999 0.715999 3.280999 2 P 0
L 0.715999 3.225999 0.720999 3.225999 3 P 0
L 0.715999 3.267999 0.720999 3.267999 3 P 0
L 0.719999 3.433999 0.719999 3.483999 2 P 0
L 0.719999 3.433999 0.799999 3.433999 2 P 0
L 0.719999 3.483999 0.799999 3.483999 2 P 0
L 0.720999 3.225999 0.720999 3.267999 3 P 0
L 0.735999 3.433999 0.735999 3.483999 1 P 0
L 0.759 2.837999 0.759 2.917999 2 P 0
L 0.783999 3.433999 0.783999 3.483999 1 P 0
L 0.799999 3.433999 0.799999 3.483999 2 P 0
L 0.824999 1.66 0.824999 1.74 2 P 0
L 0.824999 1.66 0.874999 1.66 2 P 0
L 0.824999 1.676 0.874999 1.676 1 P 0
L 0.824999 1.724 0.874999 1.724 1 P 0
L 0.824999 1.74 0.874999 1.74 2 P 0
L 0.874999 1.66 0.874999 1.74 2 P 0
L 0.876 3.129001 0.876 3.249001 2 P 0
L 0.876 3.129001 0.936 3.129001 2 P 0
L 0.876 3.149001 0.936 3.149001 1 P 0
L 0.876 3.229001 0.936 3.229001 1 P 0
L 0.876 3.249001 0.936 3.249001 2 P 0
L 0.886 3.377001 0.886 3.457001 2 P 0
L 0.886 3.377001 0.936 3.377001 2 P 0
L 0.886 3.393001 0.936 3.393001 1 P 0
L 0.886 3.441001 0.936 3.441001 1 P 0
L 0.886 3.457001 0.936 3.457001 2 P 0
L 0.906001 2.836999 0.906001 2.916999 2 P 0
L 0.906001 2.836999 0.956001 2.836999 2 P 0
L 0.906001 2.852999 0.956001 2.852999 1 P 0
L 0.906001 2.900999 0.956001 2.900999 1 P 0
L 0.906001 2.916999 0.956001 2.916999 2 P 0
L 0.936 3.129001 0.936 3.249001 2 P 0
L 0.936 3.377001 0.936 3.457001 2 P 0
L 0.956001 2.836999 0.956001 2.916999 2 P 0
L 1.06 1.474999 1.06 1.524999 2 P 0
L 1.06 1.474999 1.14 1.474999 2 P 0
L 1.06 1.524999 1.14 1.524999 2 P 0
L 1.063 2.835999 1.063 2.915999 2 P 0
L 1.063 2.835999 1.113 2.835999 2 P 0
L 1.063 2.851999 1.113 2.851999 1 P 0
L 1.063 2.899999 1.113 2.899999 1 P 0
L 1.063 2.915999 1.113 2.915999 2 P 0
L 1.076 1.474999 1.076 1.524999 1 P 0
L 1.082001 3.213001 1.082001 3.255001 3 P 0
L 1.082001 3.213001 1.087001 3.213001 3 P 0
L 1.082001 3.255001 1.087001 3.255001 3 P 0
L 1.087001 3.200001 1.087001 3.268001 2 P 0
L 1.087001 3.200001 1.209001 3.200001 2 P 0
L 1.087001 3.268001 1.209001 3.268001 2 P 0
L 1.104 2.206 1.104 2.286 2 P 0
L 1.104 2.206 1.154 2.206 2 P 0
L 1.104 2.222 1.154 2.222 1 P 0
L 1.104 2.27 1.154 2.27 1 P 0
L 1.104 2.286 1.154 2.286 2 P 0
L 1.104 2.357 1.104 2.437 2 P 0
L 1.104 2.357 1.154 2.357 2 P 0
L 1.104 2.373 1.154 2.373 1 P 0
L 1.104 2.421 1.154 2.421 1 P 0
L 1.104 2.437 1.154 2.437 2 P 0
L 1.113 2.835999 1.113 2.915999 2 P 0
L 1.113999 3.432999 1.113999 3.482999 2 P 0
L 1.113999 3.432999 1.193999 3.432999 2 P 0
L 1.113999 3.482999 1.193999 3.482999 2 P 0
L 1.124 1.474999 1.124 1.524999 1 P 0
L 1.126001 3.311 1.126001 3.361 2 P 0
L 1.126001 3.311 1.206001 3.311 2 P 0
L 1.126001 3.361 1.206001 3.361 2 P 0
L 1.129999 3.432999 1.129999 3.482999 1 P 0
L 1.132001 3.115001 1.132001 3.165001 2 P 0
L 1.132001 3.115001 1.212001 3.115001 2 P 0
L 1.132001 3.165001 1.212001 3.165001 2 P 0
L 1.134001 2.957 1.134001 3.007 2 P 0
L 1.134001 2.957 1.214001 2.957 2 P 0
L 1.134001 3.007 1.214001 3.007 2 P 0
L 1.14 1.474999 1.14 1.524999 2 P 0
L 1.142001 3.311 1.142001 3.361 1 P 0
L 1.148001 3.115001 1.148001 3.165001 1 P 0
L 1.150001 2.957 1.150001 3.007 1 P 0
L 1.154 2.206 1.154 2.286 2 P 0
L 1.154 2.357 1.154 2.437 2 P 0
L 1.177999 3.432999 1.177999 3.482999 1 P 0
L 1.184001 3.200001 1.184001 3.268001 3 P 0
L 1.190001 3.311 1.190001 3.361 1 P 0
L 1.193999 3.432999 1.193999 3.482999 2 P 0
L 1.196001 3.115001 1.196001 3.165001 1 P 0
L 1.198001 2.957 1.198001 3.007 1 P 0
L 1.206001 3.311 1.206001 3.361 2 P 0
L 1.209001 3.200001 1.209001 3.268001 2 P 0
L 1.209001 3.213001 1.214001 3.213001 3 P 0
L 1.209001 3.255001 1.214001 3.255001 3 P 0
L 1.212001 3.115001 1.212001 3.165001 2 P 0
L 1.214001 2.957 1.214001 3.007 2 P 0
L 1.214001 3.213001 1.214001 3.255001 3 P 0
L 1.252001 3.284001 1.282001 3.284001 4 P 0
L 1.267001 3.269001 1.267001 3.299001 4 P 0
L 1.392 0.302001 1.392 0.424001 2 P 0
L 1.392 0.302001 1.46 0.302001 2 P 0
L 1.392 0.399001 1.46 0.399001 3 P 0
L 1.392 0.424001 1.46 0.424001 2 P 0
L 1.405 0.297001 1.405 0.302001 3 P 0
L 1.405 0.297001 1.447 0.297001 3 P 0
L 1.405 0.424001 1.405 0.429001 3 P 0
L 1.405 0.429001 1.447 0.429001 3 P 0
L 1.447 0.297001 1.447 0.302001 3 P 0
L 1.447 0.424001 1.447 0.429001 3 P 0
L 1.46 0.302001 1.46 0.424001 2 P 0
L 1.461 0.482001 1.491 0.482001 4 P 0
L 1.476 0.467001 1.476 0.497001 4 P 0
L 1.588 2.213001 1.588 2.293001 2 P 0
L 1.588 2.213001 1.638 2.213001 2 P 0
L 1.588 2.229001 1.638 2.229001 1 P 0
L 1.588 2.277001 1.638 2.277001 1 P 0
L 1.588 2.293001 1.638 2.293001 2 P 0
L 1.616999 1.883001 1.616999 1.933001 2 P 0
L 1.616999 1.883001 1.696999 1.883001 2 P 0
L 1.616999 1.933001 1.696999 1.933001 2 P 0
L 1.632999 1.883001 1.632999 1.933001 1 P 0
L 1.638 2.213001 1.638 2.293001 2 P 0
L 1.680999 1.883001 1.680999 1.933001 1 P 0
L 1.696999 1.883001 1.696999 1.933001 2 P 0
L 1.8430943 1.9253228 1.8430943 2.0053228 2 P 0
L 1.8430943 1.9253228 1.8930943 1.9253228 2 P 0
L 1.8430943 1.9413228 1.8930943 1.9413228 1 P 0
L 1.8430943 1.9893228 1.8930943 1.9893228 1 P 0
L 1.8430943 2.0053228 1.8930943 2.0053228 2 P 0
L 1.8540943 2.3823228 1.8540943 2.4623228 2 P 0
L 1.8540943 2.3823228 1.9040943 2.3823228 2 P 0
L 1.8540943 2.3983228 1.9040943 2.3983228 1 P 0
L 1.8540943 2.4463228 1.9040943 2.4463228 1 P 0
L 1.8540943 2.4623228 1.9040943 2.4623228 2 P 0
L 1.8683623 1.5270548 1.8683623 1.5770548 2 P 0
L 1.8683623 1.5270548 1.9483623 1.5270548 2 P 0
L 1.8683623 1.5770548 1.9483623 1.5770548 2 P 0
L 1.8843623 1.5270548 1.8843623 1.5770548 1 P 0
L 1.8930943 1.9253228 1.8930943 2.0053228 2 P 0
L 1.9040943 2.3823228 1.9040943 2.4623228 2 P 0
L 1.9130943 1.9253228 1.9130943 2.0053228 2 P 0
L 1.9130943 1.9253228 1.9630943 1.9253228 2 P 0
L 1.9130943 1.9413228 1.9630943 1.9413228 1 P 0
L 1.9130943 1.9893228 1.9630943 1.9893228 1 P 0
L 1.9130943 2.0053228 1.9630943 2.0053228 2 P 0
L 1.9323623 1.5270548 1.9323623 1.5770548 1 P 0
L 1.9483623 1.5270548 1.9483623 1.5770548 2 P 0
L 1.9540943 2.3823228 1.9540943 2.4623228 2 P 0
L 1.9540943 2.3823228 2.0040943 2.3823228 2 P 0
L 1.9540943 2.3983228 2.0040943 2.3983228 1 P 0
L 1.9540943 2.4463228 2.0040943 2.4463228 1 P 0
L 1.9540943 2.4623228 2.0040943 2.4623228 2 P 0
L 1.9583623 1.6870548 1.9583623 1.7370548 2 P 0
L 1.9583623 1.6870548 2.0383623 1.6870548 2 P 0
L 1.9583623 1.7370548 2.0383623 1.7370548 2 P 0
L 1.9630943 1.9253228 1.9630943 2.0053228 2 P 0
L 1.9743623 1.6870548 1.9743623 1.7370548 1 P 0
L 1.9813623 1.1790548 1.9813623 1.2290548 2 P 0
L 1.9813623 1.1790548 2.0613623 1.1790548 2 P 0
L 1.9813623 1.2290548 2.0613623 1.2290548 2 P 0
L 1.9973623 1.1790548 1.9973623 1.2290548 1 P 0
L 2.0040943 2.3823228 2.0040943 2.4623228 2 P 0
L 2.0223623 1.6870548 2.0223623 1.7370548 1 P 0
L 2.0263623 1.5540548 2.0263623 1.6340548 2 P 0
L 2.0263623 1.5540548 2.0763623 1.5540548 2 P 0
L 2.0263623 1.5700548 2.0763623 1.5700548 1 P 0
L 2.0263623 1.6180548 2.0763623 1.6180548 1 P 0
L 2.0263623 1.6340548 2.0763623 1.6340548 2 P 0
L 2.0340943 1.9223228 2.0340943 2.0023228 2 P 0
L 2.0340943 1.9223228 2.0840943 1.9223228 2 P 0
L 2.0340943 1.9383228 2.0840943 1.9383228 1 P 0
L 2.0340943 1.9863228 2.0840943 1.9863228 1 P 0
L 2.0340943 2.0023228 2.0840943 2.0023228 2 P 0
L 2.0353623 3.2250548 2.0353623 3.2670548 3 P 0
L 2.0353623 3.2250548 2.0403623 3.2250548 3 P 0
L 2.0353623 3.2670548 2.0403623 3.2670548 3 P 0
L 2.0353623 3.3950548 2.0353623 3.4370548 3 P 0
L 2.0353623 3.3950548 2.0403623 3.3950548 3 P 0
L 2.0353623 3.4370548 2.0403623 3.4370548 3 P 0
L 2.0383623 1.6870548 2.0383623 1.7370548 2 P 0
L 2.0403623 3.2120548 2.0403623 3.2800548 2 P 0
L 2.0403623 3.2120548 2.1623623 3.2120548 2 P 0
L 2.0403623 3.2800548 2.1623623 3.2800548 2 P 0
L 2.0403623 3.3820548 2.0403623 3.4500548 2 P 0
L 2.0403623 3.3820548 2.1623623 3.3820548 2 P 0
L 2.0403623 3.4500548 2.1623623 3.4500548 2 P 0
L 2.0453623 1.1790548 2.0453623 1.2290548 1 P 0
L 2.0613623 1.1790548 2.0613623 1.2290548 2 P 0
L 2.0713623 3.1410548 2.0713623 3.1910548 2 P 0
L 2.0713623 3.1410548 2.1513623 3.1410548 2 P 0
L 2.0713623 3.1910548 2.1513623 3.1910548 2 P 0
L 2.0713623 3.5010548 2.0713623 3.5510548 2 P 0
L 2.0713623 3.5010548 2.1513623 3.5010548 2 P 0
L 2.0713623 3.5510548 2.1513623 3.5510548 2 P 0
L 2.0763623 1.5540548 2.0763623 1.6340548 2 P 0
L 2.0770943 0.9143228 2.0770943 0.9943228 2 P 0
L 2.0770943 0.9143228 2.1270943 0.9143228 2 P 0
L 2.0770943 0.9303228 2.1270943 0.9303228 1 P 0
L 2.0770943 0.9783228 2.1270943 0.9783228 1 P 0
L 2.0770943 0.9943228 2.1270943 0.9943228 2 P 0
L 2.0840943 1.9223228 2.0840943 2.0023228 2 P 0
L 2.0873623 3.1410548 2.0873623 3.1910548 1 P 0
L 2.0873623 3.5010548 2.0873623 3.5510548 1 P 0
L 2.1040943 1.9223228 2.1040943 2.0023228 2 P 0
L 2.1040943 1.9223228 2.1540943 1.9223228 2 P 0
L 2.1040943 1.9383228 2.1540943 1.9383228 1 P 0
L 2.1040943 1.9863228 2.1540943 1.9863228 1 P 0
L 2.1040943 2.0023228 2.1540943 2.0023228 2 P 0
L 2.1270943 0.9143228 2.1270943 0.9943228 2 P 0
L 2.1353623 1.5230548 2.1353623 1.5650548 3 P 0
L 2.1353623 1.5230548 2.1403623 1.5230548 3 P 0
L 2.1353623 1.5650548 2.1403623 1.5650548 3 P 0
L 2.1353623 3.1410548 2.1353623 3.1910548 1 P 0
L 2.1353623 3.5010548 2.1353623 3.5510548 1 P 0
L 2.1363623 2.9860548 2.1363623 3.0660548 2 P 0
L 2.1363623 2.9860548 2.1863623 2.9860548 2 P 0
L 2.1363623 3.0020548 2.1863623 3.0020548 1 P 0
L 2.1363623 3.0500548 2.1863623 3.0500548 1 P 0
L 2.1363623 3.0660548 2.1863623 3.0660548 2 P 0
L 2.1370943 2.9073228 2.1370943 2.9573228 2 P 0
L 2.1370943 2.9073228 2.2170943 2.9073228 2 P 0
L 2.1370943 2.9573228 2.2170943 2.9573228 2 P 0
L 2.1373623 3.2120548 2.1373623 3.2800548 3 P 0
L 2.1373623 3.3820548 2.1373623 3.4500548 3 P 0
L 2.1403623 1.5100548 2.1403623 1.5780548 2 P 0
L 2.1403623 1.5100548 2.2623623 1.5100548 2 P 0
L 2.1403623 1.5780548 2.2623623 1.5780548 2 P 0
L 2.1413623 1.1790548 2.1413623 1.2290548 2 P 0
L 2.1413623 1.1790548 2.2213623 1.1790548 2 P 0
L 2.1413623 1.2290548 2.2213623 1.2290548 2 P 0
L 2.1453623 1.6570548 2.1453623 1.7310548 3 P 0
L 2.1453623 1.6570548 2.1503623 1.6570548 3 P 0
L 2.1453623 1.7310548 2.1503623 1.7310548 3 P 0
L 2.1470943 0.9443228 2.1470943 1.0243228 2 P 0
L 2.1470943 0.9443228 2.1970943 0.9443228 2 P 0
L 2.1470943 0.9603228 2.1970943 0.9603228 1 P 0
L 2.1470943 1.0083228 2.1970943 1.0083228 1 P 0
L 2.1470943 1.0243228 2.1970943 1.0243228 2 P 0
L 2.1503623 1.6440548 2.1503623 1.7440548 4 P 0
L 2.1503623 1.6440548 2.2723623 1.6440548 4 P 0
L 2.1503623 1.7440548 2.2723623 1.7440548 4 P 0
L 2.1513623 3.1410548 2.1513623 3.1910548 2 P 0
L 2.1513623 3.5010548 2.1513623 3.5510548 2 P 0
L 2.1530943 2.9073228 2.1530943 2.9573228 1 P 0
L 2.1540943 1.9223228 2.1540943 2.0023228 2 P 0
L 2.1543623 2.5670548 2.1843623 2.5670548 4 P 0
L 2.1573623 1.1790548 2.1573623 1.2290548 1 P 0
L 2.1590943 0.7373228 2.1590943 0.7873228 2 P 0
L 2.1590943 0.7373228 2.2390943 0.7373228 2 P 0
L 2.1590943 0.7873228 2.2390943 0.7873228 2 P 0
L 2.1623623 3.2120548 2.1623623 3.2800548 2 P 0
L 2.1623623 3.2250548 2.1673623 3.2250548 3 P 0
L 2.1623623 3.2670548 2.1673623 3.2670548 3 P 0
L 2.1623623 3.3820548 2.1623623 3.4500548 2 P 0
L 2.1623623 3.3950548 2.1673623 3.3950548 3 P 0
L 2.1623623 3.4370548 2.1673623 3.4370548 3 P 0
L 2.1653623 1.2870548 2.1653623 1.3610548 3 P 0
L 2.1653623 1.2870548 2.1703623 1.2870548 3 P 0
L 2.1653623 1.3610548 2.1703623 1.3610548 3 P 0
L 2.1673623 3.2250548 2.1673623 3.2670548 3 P 0
L 2.1673623 3.3950548 2.1673623 3.4370548 3 P 0
L 2.1693623 2.5520548 2.1693623 2.5820548 4 P 0
L 2.1703623 1.2740548 2.1703623 1.3740548 4 P 0
L 2.1703623 1.2740548 2.2923623 1.2740548 4 P 0
L 2.1703623 1.3740548 2.2923623 1.3740548 4 P 0
L 2.1750943 0.7373228 2.1750943 0.7873228 1 P 0
L 2.1853623 2.3870548 2.1853623 2.5090548 2 P 0
L 2.1853623 2.3870548 2.2533623 2.3870548 2 P 0
L 2.1853623 2.4840548 2.2533623 2.4840548 3 P 0
L 2.1853623 2.5090548 2.2533623 2.5090548 2 P 0
L 2.1863623 2.9860548 2.1863623 3.0660548 2 P 0
L 2.1943623 2.6280548 2.1943623 2.7080548 2 P 0
L 2.1943623 2.6280548 2.2443623 2.6280548 2 P 0
L 2.1943623 2.6440548 2.2443623 2.6440548 1 P 0
L 2.1943623 2.6920548 2.2443623 2.6920548 1 P 0
L 2.1943623 2.7080548 2.2443623 2.7080548 2 P 0
L 2.1970943 0.9443228 2.1970943 1.0243228 2 P 0
L 2.1983623 1.8070548 2.1983623 1.8570548 2 P 0
L 2.1983623 1.8070548 2.2783623 1.8070548 2 P 0
L 2.1983623 1.8570548 2.2783623 1.8570548 2 P 0
L 2.1983623 2.3820548 2.1983623 2.3870548 3 P 0
L 2.1983623 2.3820548 2.2403623 2.3820548 3 P 0
L 2.1983623 2.5090548 2.1983623 2.5140548 3 P 0
L 2.1983623 2.5140548 2.2403623 2.5140548 3 P 0
L 2.2010943 2.9073228 2.2010943 2.9573228 1 P 0
L 2.2053623 1.1790548 2.2053623 1.2290548 1 P 0
L 2.2053623 3.2960548 2.2353623 3.2960548 4 P 0
L 2.2053623 3.4660548 2.2353623 3.4660548 4 P 0
L 2.2063623 3.1750548 2.2363623 3.1750548 4 P 0
L 2.2143623 1.8070548 2.2143623 1.8570548 1 P 0
L 2.2170943 0.9443228 2.2170943 1.0243228 2 P 0
L 2.2170943 0.9443228 2.2670943 0.9443228 2 P 0
L 2.2170943 0.9603228 2.2670943 0.9603228 1 P 0
L 2.2170943 1.0083228 2.2670943 1.0083228 1 P 0
L 2.2170943 1.0243228 2.2670943 1.0243228 2 P 0
L 2.2170943 2.9073228 2.2170943 2.9573228 2 P 0
L 2.2203623 3.2810548 2.2203623 3.3110548 4 P 0
L 2.2203623 3.4510548 2.2203623 3.4810548 4 P 0
L 2.2213623 1.1790548 2.2213623 1.2290548 2 P 0
L 2.2213623 3.1600548 2.2213623 3.1900548 4 P 0
L 2.2230943 0.7373228 2.2230943 0.7873228 1 P 0
L 2.2373623 1.5100548 2.2373623 1.5780548 3 P 0
L 2.2373623 2.9950548 2.2373623 3.1170548 2 P 0
L 2.2373623 2.9950548 2.3053623 2.9950548 2 P 0
L 2.2373623 3.0920548 2.3053623 3.0920548 3 P 0
L 2.2373623 3.1170548 2.3053623 3.1170548 2 P 0
L 2.2390943 0.7373228 2.2390943 0.7873228 2 P 0
L 2.2403623 2.3820548 2.2403623 2.3870548 3 P 0
L 2.2403623 2.5090548 2.2403623 2.5140548 3 P 0
L 2.2443623 2.6280548 2.2443623 2.7080548 2 P 0
L 2.2503623 2.9900548 2.2503623 2.9950548 3 P 0
L 2.2503623 2.9900548 2.2923623 2.9900548 3 P 0
L 2.2503623 3.1170548 2.2503623 3.1220548 3 P 0
L 2.2503623 3.1220548 2.2923623 3.1220548 3 P 0
L 2.2533623 2.3870548 2.2533623 2.5090548 2 P 0
L 2.2623623 1.5100548 2.2623623 1.5780548 2 P 0
L 2.2623623 1.5230548 2.2673623 1.5230548 3 P 0
L 2.2623623 1.5650548 2.2673623 1.5650548 3 P 0
L 2.2623623 1.8070548 2.2623623 1.8570548 1 P 0
L 2.2670943 0.9443228 2.2670943 1.0243228 2 P 0
L 2.2673623 1.5230548 2.2673623 1.5650548 3 P 0
L 2.2723623 1.6440548 2.2723623 1.7440548 4 P 0
L 2.2723623 1.6570548 2.2773623 1.6570548 3 P 0
L 2.2723623 1.7310548 2.2773623 1.7310548 3 P 0
L 2.2743623 2.4780548 2.2743623 2.5580548 2 P 0
L 2.2743623 2.4780548 2.3243623 2.4780548 2 P 0
L 2.2743623 2.4940548 2.3243623 2.4940548 1 P 0
L 2.2743623 2.5420548 2.3243623 2.5420548 1 P 0
L 2.2743623 2.5580548 2.3243623 2.5580548 2 P 0
L 2.2773623 1.6570548 2.2773623 1.7310548 3 P 0
L 2.2780943 3.0263228 2.2780943 3.0763228 2 P 0
L 2.2780943 3.0263228 2.3580943 3.0263228 2 P 0
L 2.2780943 3.0763228 2.3580943 3.0763228 2 P 0
L 2.2783623 1.8070548 2.2783623 1.8570548 2 P 0
L 2.2793623 2.6370548 2.2793623 2.7590548 4 P 0
L 2.2793623 2.6370548 2.3793623 2.6370548 4 P 0
L 2.2793623 2.7590548 2.3793623 2.7590548 4 P 0
L 2.2923623 1.2740548 2.2923623 1.3740548 4 P 0
L 2.2923623 1.2870548 2.2973623 1.2870548 3 P 0
L 2.2923623 1.3610548 2.2973623 1.3610548 3 P 0
L 2.2923623 2.6320548 2.2923623 2.6370548 3 P 0
L 2.2923623 2.6320548 2.3663623 2.6320548 3 P 0
L 2.2923623 2.7590548 2.2923623 2.7640548 3 P 0
L 2.2923623 2.7640548 2.3663623 2.7640548 3 P 0
L 2.2923623 2.9900548 2.2923623 2.9950548 3 P 0
L 2.2923623 3.1170548 2.2923623 3.1220548 3 P 0
L 2.2940943 3.0263228 2.2940943 3.0763228 1 P 0
L 2.2973623 1.2870548 2.2973623 1.3610548 3 P 0
L 2.3053623 1.5940548 2.3353623 1.5940548 4 P 0
L 2.3053623 2.9950548 2.3053623 3.1170548 2 P 0
L 2.3203623 1.5790548 2.3203623 1.6090548 4 P 0
L 2.3243623 2.4780548 2.3243623 2.5580548 2 P 0
L 2.3363623 3.1750548 2.3663623 3.1750548 4 P 0
L 2.3420943 3.0263228 2.3420943 3.0763228 1 P 0
L 2.3463623 3.2960548 2.3463623 3.3760548 2 P 0
L 2.3463623 3.2960548 2.3963623 3.2960548 2 P 0
L 2.3463623 3.3120548 2.3963623 3.3120548 1 P 0
L 2.3463623 3.3600548 2.3963623 3.3600548 1 P 0
L 2.3463623 3.3760548 2.3963623 3.3760548 2 P 0
L 2.3473623 2.0290548 2.3473623 2.1090548 2 P 0
L 2.3473623 2.0290548 2.3973623 2.0290548 2 P 0
L 2.3473623 2.0450548 2.3973623 2.0450548 1 P 0
L 2.3473623 2.0930548 2.3973623 2.0930548 1 P 0
L 2.3473623 2.1090548 2.3973623 2.1090548 2 P 0
L 2.3513623 3.1600548 2.3513623 3.1900548 4 P 0
L 2.3563623 1.3740548 2.3563623 1.4540548 2 P 0
L 2.3563623 1.3740548 2.4063623 1.3740548 2 P 0
L 2.3563623 1.3900548 2.4063623 1.3900548 1 P 0
L 2.3563623 1.4380548 2.4063623 1.4380548 1 P 0
L 2.3563623 1.4540548 2.4063623 1.4540548 2 P 0
L 2.3570943 0.9243228 2.3570943 1.0043228 2 P 0
L 2.3570943 0.9243228 2.4070943 0.9243228 2 P 0
L 2.3570943 0.9403228 2.4070943 0.9403228 1 P 0
L 2.3570943 0.9883228 2.4070943 0.9883228 1 P 0
L 2.3570943 1.0043228 2.4070943 1.0043228 2 P 0
L 2.3580943 3.0263228 2.3580943 3.0763228 2 P 0
L 2.3663623 2.6320548 2.3663623 2.6370548 3 P 0
L 2.3663623 2.7590548 2.3663623 2.7640548 3 P 0
L 2.3673623 2.9950548 2.3673623 3.1170548 2 P 0
L 2.3673623 2.9950548 2.4353623 2.9950548 2 P 0
L 2.3673623 3.0920548 2.4353623 3.0920548 3 P 0
L 2.3673623 3.1170548 2.4353623 3.1170548 2 P 0
L 2.3770943 1.4143228 2.3770943 1.4943228 2 P 0
L 2.3770943 1.4143228 2.4270943 1.4143228 2 P 0
L 2.3770943 1.4303228 2.4270943 1.4303228 1 P 0
L 2.3770943 1.4783228 2.4270943 1.4783228 1 P 0
L 2.3770943 1.4943228 2.4270943 1.4943228 2 P 0
L 2.3793623 2.6370548 2.3793623 2.7590548 4 P 0
L 2.3803623 2.9900548 2.3803623 2.9950548 3 P 0
L 2.3803623 2.9900548 2.4223623 2.9900548 3 P 0
L 2.3803623 3.1170548 2.3803623 3.1220548 3 P 0
L 2.3803623 3.1220548 2.4223623 3.1220548 3 P 0
L 2.3933623 2.3820548 2.3933623 2.5040548 4 P 0
L 2.3933623 2.3820548 2.4933623 2.3820548 4 P 0
L 2.3933623 2.5040548 2.4933623 2.5040548 4 P 0
L 2.3963623 3.2960548 2.3963623 3.3760548 2 P 0
L 2.3973623 2.0290548 2.3973623 2.1090548 2 P 0
L 2.4063623 1.3740548 2.4063623 1.4540548 2 P 0
L 2.4063623 2.3770548 2.4063623 2.3820548 3 P 0
L 2.4063623 2.3770548 2.4803623 2.3770548 3 P 0
L 2.4063623 2.5040548 2.4063623 2.5090548 3 P 0
L 2.4063623 2.5090548 2.4803623 2.5090548 3 P 0
L 2.4070943 0.9243228 2.4070943 1.0043228 2 P 0
L 2.4140943 2.0303228 2.4140943 2.1103228 2 P 0
L 2.4140943 2.0303228 2.4640943 2.0303228 2 P 0
L 2.4140943 2.0463228 2.4640943 2.0463228 1 P 0
L 2.4140943 2.0943228 2.4640943 2.0943228 1 P 0
L 2.4140943 2.1103228 2.4640943 2.1103228 2 P 0
L 2.4170943 2.8973228 2.4170943 2.9473228 2 P 0
L 2.4170943 2.8973228 2.4970943 2.8973228 2 P 0
L 2.4170943 2.9473228 2.4970943 2.9473228 2 P 0
L 2.4183623 2.5830548 2.4183623 2.6630548 2 P 0
L 2.4183623 2.5830548 2.4683623 2.5830548 2 P 0
L 2.4183623 2.5990548 2.4683623 2.5990548 1 P 0
L 2.4183623 2.6470548 2.4683623 2.6470548 1 P 0
L 2.4183623 2.6630548 2.4683623 2.6630548 2 P 0
L 2.4223623 2.9900548 2.4223623 2.9950548 3 P 0
L 2.4223623 3.1170548 2.4223623 3.1220548 3 P 0
L 2.4270943 0.9243228 2.4270943 1.0043228 2 P 0
L 2.4270943 0.9243228 2.4770943 0.9243228 2 P 0
L 2.4270943 0.9403228 2.4770943 0.9403228 1 P 0
L 2.4270943 0.9883228 2.4770943 0.9883228 1 P 0
L 2.4270943 1.0043228 2.4770943 1.0043228 2 P 0
L 2.4270943 1.4143228 2.4270943 1.4943228 2 P 0
L 2.4283623 1.4440548 2.4283623 1.6640548 3 P 0
L 2.4283623 1.4440548 2.4323623 1.4490548 1 P 0
L 2.4283623 1.4440548 2.5543623 1.4440548 3 P 0
L 2.4283623 1.6640548 2.4323623 1.6590548 1 P 0
L 2.4283623 1.6640548 2.5543623 1.6640548 3 P 0
L 2.4323623 1.4490548 2.4323623 1.6590548 1 P 0
L 2.4323623 1.4490548 2.5503623 1.4490548 1 P 0
L 2.4323623 1.4840548 2.5503623 1.4840548 1 P 0
L 2.4323623 1.6590548 2.5503623 1.6590548 1 P 0
L 2.4330943 2.8973228 2.4330943 2.9473228 1 P 0
L 2.4353623 2.9950548 2.4353623 3.1170548 2 P 0
L 2.4440943 1.4323228 2.4440943 1.5123228 2 P 0
L 2.4440943 1.4323228 2.4940943 1.4323228 2 P 0
L 2.4440943 1.4483228 2.4940943 1.4483228 1 P 0
L 2.4440943 1.4963228 2.4940943 1.4963228 1 P 0
L 2.4440943 1.5123228 2.4940943 1.5123228 2 P 0
L 2.4473623 1.4400548 2.4473623 1.4440548 3 P 0
L 2.4473623 1.4400548 2.4753623 1.4400548 3 P 0
L 2.4473623 1.6640548 2.4473623 1.6680548 3 P 0
L 2.4473623 1.6680548 2.5353623 1.6680548 3 P 0
L 2.4490943 1.5973228 2.4490943 1.6473228 2 P 0
L 2.4490943 1.5973228 2.5290943 1.5973228 2 P 0
L 2.4490943 1.6473228 2.5290943 1.6473228 2 P 0
L 2.4640943 2.0303228 2.4640943 2.1103228 2 P 0
L 2.4650943 1.5973228 2.4650943 1.6473228 1 P 0
L 2.4683623 2.5830548 2.4683623 2.6630548 2 P 0
L 2.4753623 1.4400548 2.4753623 1.4440548 3 P 0
L 2.4770943 0.9243228 2.4770943 1.0043228 2 P 0
L 2.4803623 2.3770548 2.4803623 2.3820548 3 P 0
L 2.4803623 2.5040548 2.4803623 2.5090548 3 P 0
L 2.4810943 2.8973228 2.4810943 2.9473228 1 P 0
L 2.4883623 2.8520548 2.5183623 2.8520548 4 P 0
L 2.4913623 3.1510548 2.4913623 3.2010548 2 P 0
L 2.4913623 3.1510548 2.5713623 3.1510548 2 P 0
L 2.4913623 3.2010548 2.5713623 3.2010548 2 P 0
L 2.4933623 2.3820548 2.4933623 2.5040548 4 P 0
L 2.4940943 0.8923228 2.4940943 0.9723228 2 P 0
L 2.4940943 0.8923228 2.5440943 0.8923228 2 P 0
L 2.4940943 0.9083228 2.5440943 0.9083228 1 P 0
L 2.4940943 0.9563228 2.5440943 0.9563228 1 P 0
L 2.4940943 0.9723228 2.5440943 0.9723228 2 P 0
L 2.4940943 1.4323228 2.4940943 1.5123228 2 P 0
L 2.4970943 2.8973228 2.4970943 2.9473228 2 P 0
L 2.5033623 2.8370548 2.5033623 2.8670548 4 P 0
L 2.5073623 1.4400548 2.5073623 1.4440548 3 P 0
L 2.5073623 1.4400548 2.5353623 1.4400548 3 P 0
L 2.5073623 3.1510548 2.5073623 3.2010548 1 P 0
L 2.5130943 1.5973228 2.5130943 1.6473228 1 P 0
L 2.5140943 1.4323228 2.5140943 1.5123228 2 P 0
L 2.5140943 1.4323228 2.5640943 1.4323228 2 P 0
L 2.5140943 1.4483228 2.5640943 1.4483228 1 P 0
L 2.5140943 1.4963228 2.5640943 1.4963228 1 P 0
L 2.5140943 1.5123228 2.5640943 1.5123228 2 P 0
L 2.5193623 2.6720548 2.5193623 2.7940548 2 P 0
L 2.5193623 2.6720548 2.5873623 2.6720548 2 P 0
L 2.5193623 2.7690548 2.5873623 2.7690548 3 P 0
L 2.5193623 2.7940548 2.5873623 2.7940548 2 P 0
L 2.5283623 2.4930548 2.5283623 2.5730548 2 P 0
L 2.5283623 2.4930548 2.5783623 2.4930548 2 P 0
L 2.5283623 2.5090548 2.5783623 2.5090548 1 P 0
L 2.5283623 2.5570548 2.5783623 2.5570548 1 P 0
L 2.5283623 2.5730548 2.5783623 2.5730548 2 P 0
L 2.5290943 1.5973228 2.5290943 1.6473228 2 P 0
L 2.5323623 2.6670548 2.5323623 2.6720548 3 P 0
L 2.5323623 2.6670548 2.5743623 2.6670548 3 P 0
L 2.5323623 2.7940548 2.5323623 2.7990548 3 P 0
L 2.5323623 2.7990548 2.5743623 2.7990548 3 P 0
L 2.5353623 1.4400548 2.5353623 1.4440548 3 P 0
L 2.5353623 1.6640548 2.5353623 1.6680548 3 P 0
L 2.5440943 0.8923228 2.5440943 0.9723228 2 P 0
L 2.5503623 1.4490548 2.5503623 1.6590548 1 P 0
L 2.5503623 1.4490548 2.5543623 1.4440548 1 P 0
L 2.5503623 1.6590548 2.5543623 1.6640548 1 P 0
L 2.5543623 1.4440548 2.5543623 1.6640548 3 P 0
L 2.5553623 3.1510548 2.5553623 3.2010548 1 P 0
L 2.5640943 1.4323228 2.5640943 1.5123228 2 P 0
L 2.5713623 1.3740548 2.6013623 1.3740548 4 P 0
L 2.5713623 3.1510548 2.5713623 3.2010548 2 P 0
L 2.5743623 2.6670548 2.5743623 2.6720548 3 P 0
L 2.5743623 2.7940548 2.5743623 2.7990548 3 P 0
L 2.5783623 2.4930548 2.5783623 2.5730548 2 P 0
L 2.5863623 1.3590548 2.5863623 1.3890548 4 P 0
L 2.5873623 2.6720548 2.5873623 2.7940548 2 P 0
L 2.6460007 0.7490002 2.6760007 0.7490002 4 P 0
L 2.6610007 0.7340002 2.6610007 0.7640002 4 P 0
L 2.6930007 0.8190002 2.6930007 1.0390002 3 P 0
L 2.6930007 0.8190002 2.6970007 0.8240002 1 P 0
L 2.6930007 0.8190002 2.8190007 0.8190002 3 P 0
L 2.6930007 1.0390002 2.6970007 1.0340002 1 P 0
L 2.6930007 1.0390002 2.8190007 1.0390002 3 P 0
L 2.6970007 0.8240002 2.6970007 1.0340002 1 P 0
L 2.6970007 0.8240002 2.8150007 0.8240002 1 P 0
L 2.6970007 0.8590002 2.8150007 0.8590002 1 P 0
L 2.6970007 1.0340002 2.8150007 1.0340002 1 P 0
L 2.7120007 0.8150002 2.7120007 0.8190002 3 P 0
L 2.7120007 0.8150002 2.7400007 0.8150002 3 P 0
L 2.7120007 1.0390002 2.7120007 1.0430002 3 P 0
L 2.7120007 1.0430002 2.8000007 1.0430002 3 P 0
L 2.7400007 0.8150002 2.7400007 0.8190002 3 P 0
L 2.7720007 0.8150002 2.7720007 0.8190002 3 P 0
L 2.7720007 0.8150002 2.8000007 0.8150002 3 P 0
L 2.8000007 0.8150002 2.8000007 0.8190002 3 P 0
L 2.8000007 1.0390002 2.8000007 1.0430002 3 P 0
L 2.8150007 0.8240002 2.8150007 1.0340002 1 P 0
L 2.8150007 0.8240002 2.8190007 0.8190002 1 P 0
L 2.8150007 1.0340002 2.8190007 1.0390002 1 P 0
L 2.8190007 0.8190002 2.8190007 1.0390002 3 P 0
L 2.8903383 1.9253228 2.8903383 2.0053228 2 P 0
L 2.8903383 1.9253228 2.9403383 1.9253228 2 P 0
L 2.8903383 1.9413228 2.9403383 1.9413228 1 P 0
L 2.8903383 1.9893228 2.9403383 1.9893228 1 P 0
L 2.8903383 2.0053228 2.9403383 2.0053228 2 P 0
L 2.9013383 2.3823228 2.9013383 2.4623228 2 P 0
L 2.9013383 2.3823228 2.9513383 2.3823228 2 P 0
L 2.9013383 2.3983228 2.9513383 2.3983228 1 P 0
L 2.9013383 2.4463228 2.9513383 2.4463228 1 P 0
L 2.9013383 2.4623228 2.9513383 2.4623228 2 P 0
L 2.9156063 1.5270548 2.9156063 1.5770548 2 P 0
L 2.9156063 1.5270548 2.9956063 1.5270548 2 P 0
L 2.9156063 1.5770548 2.9956063 1.5770548 2 P 0
L 2.9316063 1.5270548 2.9316063 1.5770548 1 P 0
L 2.9403383 1.9253228 2.9403383 2.0053228 2 P 0
L 2.9513383 2.3823228 2.9513383 2.4623228 2 P 0
L 2.9603383 1.9253228 2.9603383 2.0053228 2 P 0
L 2.9603383 1.9253228 3.0103383 1.9253228 2 P 0
L 2.9603383 1.9413228 3.0103383 1.9413228 1 P 0
L 2.9603383 1.9893228 3.0103383 1.9893228 1 P 0
L 2.9603383 2.0053228 3.0103383 2.0053228 2 P 0
L 2.9796063 1.5270548 2.9796063 1.5770548 1 P 0
L 2.9956063 1.5270548 2.9956063 1.5770548 2 P 0
L 3.0013383 2.3823228 3.0013383 2.4623228 2 P 0
L 3.0013383 2.3823228 3.0513383 2.3823228 2 P 0
L 3.0013383 2.3983228 3.0513383 2.3983228 1 P 0
L 3.0013383 2.4463228 3.0513383 2.4463228 1 P 0
L 3.0013383 2.4623228 3.0513383 2.4623228 2 P 0
L 3.0056063 1.6870548 3.0056063 1.7370548 2 P 0
L 3.0056063 1.6870548 3.0856063 1.6870548 2 P 0
L 3.0056063 1.7370548 3.0856063 1.7370548 2 P 0
L 3.0103383 1.9253228 3.0103383 2.0053228 2 P 0
L 3.0216063 1.6870548 3.0216063 1.7370548 1 P 0
L 3.0286063 1.1790548 3.0286063 1.2290548 2 P 0
L 3.0286063 1.1790548 3.1086063 1.1790548 2 P 0
L 3.0286063 1.2290548 3.1086063 1.2290548 2 P 0
L 3.0446063 1.1790548 3.0446063 1.2290548 1 P 0
L 3.0513383 2.3823228 3.0513383 2.4623228 2 P 0
L 3.0696063 1.6870548 3.0696063 1.7370548 1 P 0
L 3.0736063 1.5540548 3.0736063 1.6340548 2 P 0
L 3.0736063 1.5540548 3.1236063 1.5540548 2 P 0
L 3.0736063 1.5700548 3.1236063 1.5700548 1 P 0
L 3.0736063 1.6180548 3.1236063 1.6180548 1 P 0
L 3.0736063 1.6340548 3.1236063 1.6340548 2 P 0
L 3.0813383 1.9223228 3.0813383 2.0023228 2 P 0
L 3.0813383 1.9223228 3.1313383 1.9223228 2 P 0
L 3.0813383 1.9383228 3.1313383 1.9383228 1 P 0
L 3.0813383 1.9863228 3.1313383 1.9863228 1 P 0
L 3.0813383 2.0023228 3.1313383 2.0023228 2 P 0
L 3.0826063 3.2250548 3.0826063 3.2670548 3 P 0
L 3.0826063 3.2250548 3.0876063 3.2250548 3 P 0
L 3.0826063 3.2670548 3.0876063 3.2670548 3 P 0
L 3.0826063 3.3950548 3.0826063 3.4370548 3 P 0
L 3.0826063 3.3950548 3.0876063 3.3950548 3 P 0
L 3.0826063 3.4370548 3.0876063 3.4370548 3 P 0
L 3.0856063 1.6870548 3.0856063 1.7370548 2 P 0
L 3.0876063 3.2120548 3.0876063 3.2800548 2 P 0
L 3.0876063 3.2120548 3.2096063 3.2120548 2 P 0
L 3.0876063 3.2800548 3.2096063 3.2800548 2 P 0
L 3.0876063 3.3820548 3.0876063 3.4500548 2 P 0
L 3.0876063 3.3820548 3.2096063 3.3820548 2 P 0
L 3.0876063 3.4500548 3.2096063 3.4500548 2 P 0
L 3.0926063 1.1790548 3.0926063 1.2290548 1 P 0
L 3.1086063 1.1790548 3.1086063 1.2290548 2 P 0
L 3.1186063 3.1410548 3.1186063 3.1910548 2 P 0
L 3.1186063 3.1410548 3.1986063 3.1410548 2 P 0
L 3.1186063 3.1910548 3.1986063 3.1910548 2 P 0
L 3.1186063 3.5010548 3.1186063 3.5510548 2 P 0
L 3.1186063 3.5010548 3.1986063 3.5010548 2 P 0
L 3.1186063 3.5510548 3.1986063 3.5510548 2 P 0
L 3.1236063 1.5540548 3.1236063 1.6340548 2 P 0
L 3.1243383 0.9143228 3.1243383 0.9943228 2 P 0
L 3.1243383 0.9143228 3.1743383 0.9143228 2 P 0
L 3.1243383 0.9303228 3.1743383 0.9303228 1 P 0
L 3.1243383 0.9783228 3.1743383 0.9783228 1 P 0
L 3.1243383 0.9943228 3.1743383 0.9943228 2 P 0
L 3.1313383 1.9223228 3.1313383 2.0023228 2 P 0
L 3.1346063 3.1410548 3.1346063 3.1910548 1 P 0
L 3.1346063 3.5010548 3.1346063 3.5510548 1 P 0
L 3.1513383 1.9223228 3.1513383 2.0023228 2 P 0
L 3.1513383 1.9223228 3.2013383 1.9223228 2 P 0
L 3.1513383 1.9383228 3.2013383 1.9383228 1 P 0
L 3.1513383 1.9863228 3.2013383 1.9863228 1 P 0
L 3.1513383 2.0023228 3.2013383 2.0023228 2 P 0
L 3.1743383 0.9143228 3.1743383 0.9943228 2 P 0
L 3.1826063 3.1410548 3.1826063 3.1910548 1 P 0
L 3.1826063 3.5010548 3.1826063 3.5510548 1 P 0
L 3.1836063 2.9860548 3.1836063 3.0660548 2 P 0
L 3.1836063 2.9860548 3.2336063 2.9860548 2 P 0
L 3.1836063 3.0020548 3.2336063 3.0020548 1 P 0
L 3.1836063 3.0500548 3.2336063 3.0500548 1 P 0
L 3.1836063 3.0660548 3.2336063 3.0660548 2 P 0
L 3.1843383 2.9073228 3.1843383 2.9573228 2 P 0
L 3.1843383 2.9073228 3.2643383 2.9073228 2 P 0
L 3.1843383 2.9573228 3.2643383 2.9573228 2 P 0
L 3.1846063 3.2120548 3.1846063 3.2800548 3 P 0
L 3.1846063 3.3820548 3.1846063 3.4500548 3 P 0
L 3.1859683 1.5262448 3.1859683 1.5682448 3 P 0
L 3.1859683 1.5262448 3.1909683 1.5262448 3 P 0
L 3.1859683 1.5682448 3.1909683 1.5682448 3 P 0
L 3.1886063 1.1790548 3.1886063 1.2290548 2 P 0
L 3.1886063 1.1790548 3.2686063 1.1790548 2 P 0
L 3.1886063 1.2290548 3.2686063 1.2290548 2 P 0
L 3.1909683 1.5132448 3.1909683 1.5812448 2 P 0
L 3.1909683 1.5132448 3.3129683 1.5132448 2 P 0
L 3.1909683 1.5812448 3.3129683 1.5812448 2 P 0
L 3.1926063 1.6570548 3.1926063 1.7310548 3 P 0
L 3.1926063 1.6570548 3.1976063 1.6570548 3 P 0
L 3.1926063 1.7310548 3.1976063 1.7310548 3 P 0
L 3.1943383 0.9443228 3.1943383 1.0243228 2 P 0
L 3.1943383 0.9443228 3.2443383 0.9443228 2 P 0
L 3.1943383 0.9603228 3.2443383 0.9603228 1 P 0
L 3.1943383 1.0083228 3.2443383 1.0083228 1 P 0
L 3.1943383 1.0243228 3.2443383 1.0243228 2 P 0
L 3.1976063 1.6440548 3.1976063 1.7440548 4 P 0
L 3.1976063 1.6440548 3.3196063 1.6440548 4 P 0
L 3.1976063 1.7440548 3.3196063 1.7440548 4 P 0
L 3.1986063 3.1410548 3.1986063 3.1910548 2 P 0
L 3.1986063 3.5010548 3.1986063 3.5510548 2 P 0
L 3.2003383 2.9073228 3.2003383 2.9573228 1 P 0
L 3.2013383 1.9223228 3.2013383 2.0023228 2 P 0
L 3.2016063 2.5670548 3.2316063 2.5670548 4 P 0
L 3.2046063 1.1790548 3.2046063 1.2290548 1 P 0
L 3.2063383 0.7373228 3.2063383 0.7873228 2 P 0
L 3.2063383 0.7373228 3.2863383 0.7373228 2 P 0
L 3.2063383 0.7873228 3.2863383 0.7873228 2 P 0
L 3.2096063 3.2120548 3.2096063 3.2800548 2 P 0
L 3.2096063 3.2250548 3.2146063 3.2250548 3 P 0
L 3.2096063 3.2670548 3.2146063 3.2670548 3 P 0
L 3.2096063 3.3820548 3.2096063 3.4500548 2 P 0
L 3.2096063 3.3950548 3.2146063 3.3950548 3 P 0
L 3.2096063 3.4370548 3.2146063 3.4370548 3 P 0
L 3.2126063 1.2870548 3.2126063 1.3610548 3 P 0
L 3.2126063 1.2870548 3.2176063 1.2870548 3 P 0
L 3.2126063 1.3610548 3.2176063 1.3610548 3 P 0
L 3.2146063 3.2250548 3.2146063 3.2670548 3 P 0
L 3.2146063 3.3950548 3.2146063 3.4370548 3 P 0
L 3.2166063 2.5520548 3.2166063 2.5820548 4 P 0
L 3.2176063 1.2740548 3.2176063 1.3740548 4 P 0
L 3.2176063 1.2740548 3.3396063 1.2740548 4 P 0
L 3.2176063 1.3740548 3.3396063 1.3740548 4 P 0
L 3.2223383 0.7373228 3.2223383 0.7873228 1 P 0
L 3.2326063 2.3870548 3.2326063 2.5090548 2 P 0
L 3.2326063 2.3870548 3.3006063 2.3870548 2 P 0
L 3.2326063 2.4840548 3.3006063 2.4840548 3 P 0
L 3.2326063 2.5090548 3.3006063 2.5090548 2 P 0
L 3.2336063 2.9860548 3.2336063 3.0660548 2 P 0
L 3.2416063 2.6280548 3.2416063 2.7080548 2 P 0
L 3.2416063 2.6280548 3.2916063 2.6280548 2 P 0
L 3.2416063 2.6440548 3.2916063 2.6440548 1 P 0
L 3.2416063 2.6920548 3.2916063 2.6920548 1 P 0
L 3.2416063 2.7080548 3.2916063 2.7080548 2 P 0
L 3.2443383 0.9443228 3.2443383 1.0243228 2 P 0
L 3.2456063 1.8070548 3.2456063 1.8570548 2 P 0
L 3.2456063 1.8070548 3.3256063 1.8070548 2 P 0
L 3.2456063 1.8570548 3.3256063 1.8570548 2 P 0
L 3.2456063 2.3820548 3.2456063 2.3870548 3 P 0
L 3.2456063 2.3820548 3.2876063 2.3820548 3 P 0
L 3.2456063 2.5090548 3.2456063 2.5140548 3 P 0
L 3.2456063 2.5140548 3.2876063 2.5140548 3 P 0
L 3.2483383 2.9073228 3.2483383 2.9573228 1 P 0
L 3.2526063 1.1790548 3.2526063 1.2290548 1 P 0
L 3.2526063 3.2960548 3.2826063 3.2960548 4 P 0
L 3.2526063 3.4660548 3.2826063 3.4660548 4 P 0
L 3.2536063 3.1750548 3.2836063 3.1750548 4 P 0
L 3.2616063 1.8070548 3.2616063 1.8570548 1 P 0
L 3.2643383 0.9443228 3.2643383 1.0243228 2 P 0
L 3.2643383 0.9443228 3.3143383 0.9443228 2 P 0
L 3.2643383 0.9603228 3.3143383 0.9603228 1 P 0
L 3.2643383 1.0083228 3.3143383 1.0083228 1 P 0
L 3.2643383 1.0243228 3.3143383 1.0243228 2 P 0
L 3.2643383 2.9073228 3.2643383 2.9573228 2 P 0
L 3.2676063 3.2810548 3.2676063 3.3110548 4 P 0
L 3.2676063 3.4510548 3.2676063 3.4810548 4 P 0
L 3.2686063 1.1790548 3.2686063 1.2290548 2 P 0
L 3.2686063 3.1600548 3.2686063 3.1900548 4 P 0
L 3.2703383 0.7373228 3.2703383 0.7873228 1 P 0
L 3.2846063 2.9950548 3.2846063 3.1170548 2 P 0
L 3.2846063 2.9950548 3.3526063 2.9950548 2 P 0
L 3.2846063 3.0920548 3.3526063 3.0920548 3 P 0
L 3.2846063 3.1170548 3.3526063 3.1170548 2 P 0
L 3.2863383 0.7373228 3.2863383 0.7873228 2 P 0
L 3.2876063 2.3820548 3.2876063 2.3870548 3 P 0
L 3.2876063 2.5090548 3.2876063 2.5140548 3 P 0
L 3.2879683 1.5132448 3.2879683 1.5812448 3 P 0
L 3.2916063 2.6280548 3.2916063 2.7080548 2 P 0
L 3.2976063 2.9900548 3.2976063 2.9950548 3 P 0
L 3.2976063 2.9900548 3.3396063 2.9900548 3 P 0
L 3.2976063 3.1170548 3.2976063 3.1220548 3 P 0
L 3.2976063 3.1220548 3.3396063 3.1220548 3 P 0
L 3.3006063 2.3870548 3.3006063 2.5090548 2 P 0
L 3.3096063 1.8070548 3.3096063 1.8570548 1 P 0
L 3.3129683 1.5132448 3.3129683 1.5812448 2 P 0
L 3.3129683 1.5262448 3.3179683 1.5262448 3 P 0
L 3.3129683 1.5682448 3.3179683 1.5682448 3 P 0
L 3.3143383 0.9443228 3.3143383 1.0243228 2 P 0
L 3.3179683 1.5262448 3.3179683 1.5682448 3 P 0
L 3.3196063 1.6440548 3.3196063 1.7440548 4 P 0
L 3.3196063 1.6570548 3.3246063 1.6570548 3 P 0
L 3.3196063 1.7310548 3.3246063 1.7310548 3 P 0
L 3.3216063 2.4780548 3.3216063 2.5580548 2 P 0
L 3.3216063 2.4780548 3.3716063 2.4780548 2 P 0
L 3.3216063 2.4940548 3.3716063 2.4940548 1 P 0
L 3.3216063 2.5420548 3.3716063 2.5420548 1 P 0
L 3.3216063 2.5580548 3.3716063 2.5580548 2 P 0
L 3.3246063 1.6570548 3.3246063 1.7310548 3 P 0
L 3.3253383 3.0263228 3.3253383 3.0763228 2 P 0
L 3.3253383 3.0263228 3.4053383 3.0263228 2 P 0
L 3.3253383 3.0763228 3.4053383 3.0763228 2 P 0
L 3.3256063 1.8070548 3.3256063 1.8570548 2 P 0
L 3.3266063 2.6370548 3.3266063 2.7590548 4 P 0
L 3.3266063 2.6370548 3.4266063 2.6370548 4 P 0
L 3.3266063 2.7590548 3.4266063 2.7590548 4 P 0
L 3.3396063 1.2740548 3.3396063 1.3740548 4 P 0
L 3.3396063 1.2870548 3.3446063 1.2870548 3 P 0
L 3.3396063 1.3610548 3.3446063 1.3610548 3 P 0
L 3.3396063 2.6320548 3.3396063 2.6370548 3 P 0
L 3.3396063 2.6320548 3.4136063 2.6320548 3 P 0
L 3.3396063 2.7590548 3.3396063 2.7640548 3 P 0
L 3.3396063 2.7640548 3.4136063 2.7640548 3 P 0
L 3.3396063 2.9900548 3.3396063 2.9950548 3 P 0
L 3.3396063 3.1170548 3.3396063 3.1220548 3 P 0
L 3.3413383 3.0263228 3.3413383 3.0763228 1 P 0
L 3.3446063 1.2870548 3.3446063 1.3610548 3 P 0
L 3.3526063 2.9950548 3.3526063 3.1170548 2 P 0
L 3.3559683 1.5972448 3.3859683 1.5972448 4 P 0
L 3.3709683 1.5822448 3.3709683 1.6122448 4 P 0
L 3.3716063 2.4780548 3.3716063 2.5580548 2 P 0
L 3.3836063 3.1750548 3.4136063 3.1750548 4 P 0
L 3.3893383 3.0263228 3.3893383 3.0763228 1 P 0
L 3.3936063 3.2960548 3.3936063 3.3760548 2 P 0
L 3.3936063 3.2960548 3.4436063 3.2960548 2 P 0
L 3.3936063 3.3120548 3.4436063 3.3120548 1 P 0
L 3.3936063 3.3600548 3.4436063 3.3600548 1 P 0
L 3.3936063 3.3760548 3.4436063 3.3760548 2 P 0
L 3.3946063 2.0290548 3.3946063 2.1090548 2 P 0
L 3.3946063 2.0290548 3.4446063 2.0290548 2 P 0
L 3.3946063 2.0450548 3.4446063 2.0450548 1 P 0
L 3.3946063 2.0930548 3.4446063 2.0930548 1 P 0
L 3.3946063 2.1090548 3.4446063 2.1090548 2 P 0
L 3.3986063 3.1600548 3.3986063 3.1900548 4 P 0
L 3.4036063 1.3740548 3.4036063 1.4540548 2 P 0
L 3.4036063 1.3740548 3.4536063 1.3740548 2 P 0
L 3.4036063 1.3900548 3.4536063 1.3900548 1 P 0
L 3.4036063 1.4380548 3.4536063 1.4380548 1 P 0
L 3.4036063 1.4540548 3.4536063 1.4540548 2 P 0
L 3.4043383 0.9243228 3.4043383 1.0043228 2 P 0
L 3.4043383 0.9243228 3.4543383 0.9243228 2 P 0
L 3.4043383 0.9403228 3.4543383 0.9403228 1 P 0
L 3.4043383 0.9883228 3.4543383 0.9883228 1 P 0
L 3.4043383 1.0043228 3.4543383 1.0043228 2 P 0
L 3.4053383 3.0263228 3.4053383 3.0763228 2 P 0
L 3.4136063 2.6320548 3.4136063 2.6370548 3 P 0
L 3.4136063 2.7590548 3.4136063 2.7640548 3 P 0
L 3.4146063 2.9950548 3.4146063 3.1170548 2 P 0
L 3.4146063 2.9950548 3.4826063 2.9950548 2 P 0
L 3.4146063 3.0920548 3.4826063 3.0920548 3 P 0
L 3.4146063 3.1170548 3.4826063 3.1170548 2 P 0
L 3.4243383 1.4143228 3.4243383 1.4943228 2 P 0
L 3.4243383 1.4143228 3.4743383 1.4143228 2 P 0
L 3.4243383 1.4303228 3.4743383 1.4303228 1 P 0
L 3.4243383 1.4783228 3.4743383 1.4783228 1 P 0
L 3.4243383 1.4943228 3.4743383 1.4943228 2 P 0
L 3.4266063 2.6370548 3.4266063 2.7590548 4 P 0
L 3.4276063 2.9900548 3.4276063 2.9950548 3 P 0
L 3.4276063 2.9900548 3.4696063 2.9900548 3 P 0
L 3.4276063 3.1170548 3.4276063 3.1220548 3 P 0
L 3.4276063 3.1220548 3.4696063 3.1220548 3 P 0
L 3.4406063 2.3820548 3.4406063 2.5040548 4 P 0
L 3.4406063 2.3820548 3.5406063 2.3820548 4 P 0
L 3.4406063 2.5040548 3.5406063 2.5040548 4 P 0
L 3.4436063 3.2960548 3.4436063 3.3760548 2 P 0
L 3.4446063 2.0290548 3.4446063 2.1090548 2 P 0
L 3.4536063 1.3740548 3.4536063 1.4540548 2 P 0
L 3.4536063 2.3770548 3.4536063 2.3820548 3 P 0
L 3.4536063 2.3770548 3.5276063 2.3770548 3 P 0
L 3.4536063 2.5040548 3.4536063 2.5090548 3 P 0
L 3.4536063 2.5090548 3.5276063 2.5090548 3 P 0
L 3.4543383 0.9243228 3.4543383 1.0043228 2 P 0
L 3.4613383 2.0303228 3.4613383 2.1103228 2 P 0
L 3.4613383 2.0303228 3.5113383 2.0303228 2 P 0
L 3.4613383 2.0463228 3.5113383 2.0463228 1 P 0
L 3.4613383 2.0943228 3.5113383 2.0943228 1 P 0
L 3.4613383 2.1103228 3.5113383 2.1103228 2 P 0
L 3.4643383 2.8973228 3.4643383 2.9473228 2 P 0
L 3.4643383 2.8973228 3.5443383 2.8973228 2 P 0
L 3.4643383 2.9473228 3.5443383 2.9473228 2 P 0
L 3.4656063 2.5830548 3.4656063 2.6630548 2 P 0
L 3.4656063 2.5830548 3.5156063 2.5830548 2 P 0
L 3.4656063 2.5990548 3.5156063 2.5990548 1 P 0
L 3.4656063 2.6470548 3.5156063 2.6470548 1 P 0
L 3.4656063 2.6630548 3.5156063 2.6630548 2 P 0
L 3.4696063 2.9900548 3.4696063 2.9950548 3 P 0
L 3.4696063 3.1170548 3.4696063 3.1220548 3 P 0
L 3.4743383 0.9243228 3.4743383 1.0043228 2 P 0
L 3.4743383 0.9243228 3.5243383 0.9243228 2 P 0
L 3.4743383 0.9403228 3.5243383 0.9403228 1 P 0
L 3.4743383 0.9883228 3.5243383 0.9883228 1 P 0
L 3.4743383 1.0043228 3.5243383 1.0043228 2 P 0
L 3.4743383 1.4143228 3.4743383 1.4943228 2 P 0
L 3.4756063 1.4440548 3.4756063 1.6640548 3 P 0
L 3.4756063 1.4440548 3.4796063 1.4490548 1 P 0
L 3.4756063 1.4440548 3.6016063 1.4440548 3 P 0
L 3.4756063 1.6640548 3.4796063 1.6590548 1 P 0
L 3.4756063 1.6640548 3.6016063 1.6640548 3 P 0
L 3.4796063 1.4490548 3.4796063 1.6590548 1 P 0
L 3.4796063 1.4490548 3.5976063 1.4490548 1 P 0
L 3.4796063 1.4840548 3.5976063 1.4840548 1 P 0
L 3.4796063 1.6590548 3.5976063 1.6590548 1 P 0
L 3.4803383 2.8973228 3.4803383 2.9473228 1 P 0
L 3.4826063 2.9950548 3.4826063 3.1170548 2 P 0
L 3.4913383 1.4323228 3.4913383 1.5123228 2 P 0
L 3.4913383 1.4323228 3.5413383 1.4323228 2 P 0
L 3.4913383 1.4483228 3.5413383 1.4483228 1 P 0
L 3.4913383 1.4963228 3.5413383 1.4963228 1 P 0
L 3.4913383 1.5123228 3.5413383 1.5123228 2 P 0
L 3.4946063 1.4400548 3.4946063 1.4440548 3 P 0
L 3.4946063 1.4400548 3.5226063 1.4400548 3 P 0
L 3.4946063 1.6640548 3.4946063 1.6680548 3 P 0
L 3.4946063 1.6680548 3.5826063 1.6680548 3 P 0
L 3.4963383 1.5973228 3.4963383 1.6473228 2 P 0
L 3.4963383 1.5973228 3.5763383 1.5973228 2 P 0
L 3.4963383 1.6473228 3.5763383 1.6473228 2 P 0
L 3.5113383 2.0303228 3.5113383 2.1103228 2 P 0
L 3.5123383 1.5973228 3.5123383 1.6473228 1 P 0
L 3.5156063 2.5830548 3.5156063 2.6630548 2 P 0
L 3.5226063 1.4400548 3.5226063 1.4440548 3 P 0
L 3.5243383 0.9243228 3.5243383 1.0043228 2 P 0
L 3.5276063 2.3770548 3.5276063 2.3820548 3 P 0
L 3.5276063 2.5040548 3.5276063 2.5090548 3 P 0
L 3.5283383 2.8973228 3.5283383 2.9473228 1 P 0
L 3.5356063 2.8520548 3.5656063 2.8520548 4 P 0
L 3.5386063 3.1510548 3.5386063 3.2010548 2 P 0
L 3.5386063 3.1510548 3.6186063 3.1510548 2 P 0
L 3.5386063 3.2010548 3.6186063 3.2010548 2 P 0
L 3.5406063 2.3820548 3.5406063 2.5040548 4 P 0
L 3.5413383 0.8923228 3.5413383 0.9723228 2 P 0
L 3.5413383 0.8923228 3.5913383 0.8923228 2 P 0
L 3.5413383 0.9083228 3.5913383 0.9083228 1 P 0
L 3.5413383 0.9563228 3.5913383 0.9563228 1 P 0
L 3.5413383 0.9723228 3.5913383 0.9723228 2 P 0
L 3.5413383 1.4323228 3.5413383 1.5123228 2 P 0
L 3.5443383 2.8973228 3.5443383 2.9473228 2 P 0
L 3.5506063 2.8370548 3.5506063 2.8670548 4 P 0
L 3.5546063 1.4400548 3.5546063 1.4440548 3 P 0
L 3.5546063 1.4400548 3.5826063 1.4400548 3 P 0
L 3.5546063 3.1510548 3.5546063 3.2010548 1 P 0
L 3.5603383 1.5973228 3.5603383 1.6473228 1 P 0
L 3.5613383 1.4323228 3.5613383 1.5123228 2 P 0
L 3.5613383 1.4323228 3.6113383 1.4323228 2 P 0
L 3.5613383 1.4483228 3.6113383 1.4483228 1 P 0
L 3.5613383 1.4963228 3.6113383 1.4963228 1 P 0
L 3.5613383 1.5123228 3.6113383 1.5123228 2 P 0
L 3.5666063 2.6720548 3.5666063 2.7940548 2 P 0
L 3.5666063 2.6720548 3.6346063 2.6720548 2 P 0
L 3.5666063 2.7690548 3.6346063 2.7690548 3 P 0
L 3.5666063 2.7940548 3.6346063 2.7940548 2 P 0
L 3.5756063 2.4930548 3.5756063 2.5730548 2 P 0
L 3.5756063 2.4930548 3.6256063 2.4930548 2 P 0
L 3.5756063 2.5090548 3.6256063 2.5090548 1 P 0
L 3.5756063 2.5570548 3.6256063 2.5570548 1 P 0
L 3.5756063 2.5730548 3.6256063 2.5730548 2 P 0
L 3.5763383 1.5973228 3.5763383 1.6473228 2 P 0
L 3.5796063 2.6670548 3.5796063 2.6720548 3 P 0
L 3.5796063 2.6670548 3.6216063 2.6670548 3 P 0
L 3.5796063 2.7940548 3.5796063 2.7990548 3 P 0
L 3.5796063 2.7990548 3.6216063 2.7990548 3 P 0
L 3.5826063 1.4400548 3.5826063 1.4440548 3 P 0
L 3.5826063 1.6640548 3.5826063 1.6680548 3 P 0
L 3.5913383 0.8923228 3.5913383 0.9723228 2 P 0
L 3.5976063 1.4490548 3.5976063 1.6590548 1 P 0
L 3.5976063 1.4490548 3.6016063 1.4440548 1 P 0
L 3.5976063 1.6590548 3.6016063 1.6640548 1 P 0
L 3.6016063 1.4440548 3.6016063 1.6640548 3 P 0
L 3.6026063 3.1510548 3.6026063 3.2010548 1 P 0
L 3.6113383 1.4323228 3.6113383 1.5123228 2 P 0
L 3.6186063 1.3740548 3.6486063 1.3740548 4 P 0
L 3.6186063 3.1510548 3.6186063 3.2010548 2 P 0
L 3.6216063 2.6670548 3.6216063 2.6720548 3 P 0
L 3.6216063 2.7940548 3.6216063 2.7990548 3 P 0
L 3.6256063 2.4930548 3.6256063 2.5730548 2 P 0
L 3.6336063 1.3590548 3.6336063 1.3890548 4 P 0
L 3.6346063 2.6720548 3.6346063 2.7940548 2 P 0
L 3.722999 1.017001 3.752999 1.017001 4 P 0
L 3.737999 1.002001 3.737999 1.032001 4 P 0
L 3.753999 0.837001 3.753999 0.959001 2 P 0
L 3.753999 0.837001 3.821999 0.837001 2 P 0
L 3.753999 0.934001 3.821999 0.934001 3 P 0
L 3.753999 0.959001 3.821999 0.959001 2 P 0
L 3.766999 0.832001 3.766999 0.837001 3 P 0
L 3.766999 0.832001 3.808999 0.832001 3 P 0
L 3.766999 0.959001 3.766999 0.964001 3 P 0
L 3.766999 0.964001 3.808999 0.964001 3 P 0
L 3.808999 0.832001 3.808999 0.837001 3 P 0
L 3.808999 0.959001 3.808999 0.964001 3 P 0
L 3.821999 0.837001 3.821999 0.959001 2 P 0
L 3.852 0.835999 3.852 0.957999 2 P 0
L 3.852 0.835999 3.92 0.835999 2 P 0
L 3.852 0.860999 3.92 0.860999 3 P 0
L 3.852 0.957999 3.92 0.957999 2 P 0
L 3.865 0.830999 3.865 0.835999 3 P 0
L 3.865 0.830999 3.907 0.830999 3 P 0
L 3.865 0.957999 3.865 0.962999 3 P 0
L 3.865 0.962999 3.907 0.962999 3 P 0
L 3.907 0.830999 3.907 0.835999 3 P 0
L 3.907 0.957999 3.907 0.962999 3 P 0
L 3.92 0.835999 3.92 0.957999 2 P 0
L 3.921 0.777999 3.951 0.777999 4 P 0
L 3.936 0.762999 3.936 0.792999 4 P 0
L 3.9415203 1.9253228 3.9415203 2.0053228 2 P 0
L 3.9415203 1.9253228 3.9915203 1.9253228 2 P 0
L 3.9415203 1.9413228 3.9915203 1.9413228 1 P 0
L 3.9415203 1.9893228 3.9915203 1.9893228 1 P 0
L 3.9415203 2.0053228 3.9915203 2.0053228 2 P 0
L 3.9525203 2.3823228 3.9525203 2.4623228 2 P 0
L 3.9525203 2.3823228 4.0025203 2.3823228 2 P 0
L 3.9525203 2.3983228 4.0025203 2.3983228 1 P 0
L 3.9525203 2.4463228 4.0025203 2.4463228 1 P 0
L 3.9525203 2.4623228 4.0025203 2.4623228 2 P 0
L 3.9667883 1.5270548 3.9667883 1.5770548 2 P 0
L 3.9667883 1.5270548 4.0467883 1.5270548 2 P 0
L 3.9667883 1.5770548 4.0467883 1.5770548 2 P 0
L 3.9809055 4.0249606 3.9809055 4.1049606 2 P 0
L 3.9809055 4.0249606 4.0309055 4.0249606 2 P 0
L 3.9809055 4.0409606 4.0309055 4.0409606 1 P 0
L 3.9809055 4.0889606 4.0309055 4.0889606 1 P 0
L 3.9809055 4.1049606 4.0309055 4.1049606 2 P 0
L 3.9827883 1.5270548 3.9827883 1.5770548 1 P 0
L 3.9915203 1.9253228 3.9915203 2.0053228 2 P 0
L 4.0025203 2.3823228 4.0025203 2.4623228 2 P 0
L 4.0115203 1.9253228 4.0115203 2.0053228 2 P 0
L 4.0115203 1.9253228 4.0615203 1.9253228 2 P 0
L 4.0115203 1.9413228 4.0615203 1.9413228 1 P 0
L 4.0115203 1.9893228 4.0615203 1.9893228 1 P 0
L 4.0115203 2.0053228 4.0615203 2.0053228 2 P 0
L 4.0307883 1.5270548 4.0307883 1.5770548 1 P 0
L 4.0309055 4.0249606 4.0309055 4.1049606 2 P 0
L 4.0467883 1.5270548 4.0467883 1.5770548 2 P 0
L 4.0525203 2.3823228 4.0525203 2.4623228 2 P 0
L 4.0525203 2.3823228 4.1025203 2.3823228 2 P 0
L 4.0525203 2.3983228 4.1025203 2.3983228 1 P 0
L 4.0525203 2.4463228 4.1025203 2.4463228 1 P 0
L 4.0525203 2.4623228 4.1025203 2.4623228 2 P 0
L 4.0567883 1.6870548 4.0567883 1.7370548 2 P 0
L 4.0567883 1.6870548 4.1367883 1.6870548 2 P 0
L 4.0567883 1.7370548 4.1367883 1.7370548 2 P 0
L 4.0615203 1.9253228 4.0615203 2.0053228 2 P 0
L 4.0727883 1.6870548 4.0727883 1.7370548 1 P 0
L 4.0797883 1.1790548 4.0797883 1.2290548 2 P 0
L 4.0797883 1.1790548 4.1597883 1.1790548 2 P 0
L 4.0797883 1.2290548 4.1597883 1.2290548 2 P 0
L 4.0957883 1.1790548 4.0957883 1.2290548 1 P 0
L 4.0990157 4.0249606 4.0990157 4.1049606 2 P 0
L 4.0990157 4.0249606 4.1490157 4.0249606 2 P 0
L 4.0990157 4.0409606 4.1490157 4.0409606 1 P 0
L 4.0990157 4.0889606 4.1490157 4.0889606 1 P 0
L 4.0990157 4.1049606 4.1490157 4.1049606 2 P 0
L 4.1025203 2.3823228 4.1025203 2.4623228 2 P 0
L 4.1207883 1.6870548 4.1207883 1.7370548 1 P 0
L 4.1247883 1.5540548 4.1247883 1.6340548 2 P 0
L 4.1247883 1.5540548 4.1747883 1.5540548 2 P 0
L 4.1247883 1.5700548 4.1747883 1.5700548 1 P 0
L 4.1247883 1.6180548 4.1747883 1.6180548 1 P 0
L 4.1247883 1.6340548 4.1747883 1.6340548 2 P 0
L 4.1325203 1.9223228 4.1325203 2.0023228 2 P 0
L 4.1325203 1.9223228 4.1825203 1.9223228 2 P 0
L 4.1325203 1.9383228 4.1825203 1.9383228 1 P 0
L 4.1325203 1.9863228 4.1825203 1.9863228 1 P 0
L 4.1325203 2.0023228 4.1825203 2.0023228 2 P 0
L 4.1337883 3.2250548 4.1337883 3.2670548 3 P 0
L 4.1337883 3.2250548 4.1387883 3.2250548 3 P 0
L 4.1337883 3.2670548 4.1387883 3.2670548 3 P 0
L 4.1337883 3.3950548 4.1337883 3.4370548 3 P 0
L 4.1337883 3.3950548 4.1387883 3.3950548 3 P 0
L 4.1337883 3.4370548 4.1387883 3.4370548 3 P 0
L 4.1367883 1.6870548 4.1367883 1.7370548 2 P 0
L 4.1387883 3.2120548 4.1387883 3.2800548 2 P 0
L 4.1387883 3.2120548 4.2607883 3.2120548 2 P 0
L 4.1387883 3.2800548 4.2607883 3.2800548 2 P 0
L 4.1387883 3.3820548 4.1387883 3.4500548 2 P 0
L 4.1387883 3.3820548 4.2607883 3.3820548 2 P 0
L 4.1387883 3.4500548 4.2607883 3.4500548 2 P 0
L 4.1437883 1.1790548 4.1437883 1.2290548 1 P 0
L 4.1490157 4.0249606 4.1490157 4.1049606 2 P 0
L 4.1597883 1.1790548 4.1597883 1.2290548 2 P 0
L 4.1640157 4.1099606 4.1940157 4.1099606 2 P 0
L 4.1697883 3.1410548 4.1697883 3.1910548 2 P 0
L 4.1697883 3.1410548 4.2497883 3.1410548 2 P 0
L 4.1697883 3.1910548 4.2497883 3.1910548 2 P 0
L 4.1697883 3.5010548 4.1697883 3.5510548 2 P 0
L 4.1697883 3.5010548 4.2497883 3.5010548 2 P 0
L 4.1697883 3.5510548 4.2497883 3.5510548 2 P 0
L 4.1747883 1.5540548 4.1747883 1.6340548 2 P 0
L 4.1755203 0.9143228 4.1755203 0.9943228 2 P 0
L 4.1755203 0.9143228 4.2255203 0.9143228 2 P 0
L 4.1755203 0.9303228 4.2255203 0.9303228 1 P 0
L 4.1755203 0.9783228 4.2255203 0.9783228 1 P 0
L 4.1755203 0.9943228 4.2255203 0.9943228 2 P 0
L 4.1790157 4.0049606 4.1790157 4.0349606 2 P 0
L 4.1790157 4.0949606 4.1790157 4.1249606 2 P 0
L 4.1825203 1.9223228 4.1825203 2.0023228 2 P 0
L 4.1857883 3.1410548 4.1857883 3.1910548 1 P 0
L 4.1857883 3.5010548 4.1857883 3.5510548 1 P 0
L 4.2025203 1.9223228 4.2025203 2.0023228 2 P 0
L 4.2025203 1.9223228 4.2525203 1.9223228 2 P 0
L 4.2025203 1.9383228 4.2525203 1.9383228 1 P 0
L 4.2025203 1.9863228 4.2525203 1.9863228 1 P 0
L 4.2025203 2.0023228 4.2525203 2.0023228 2 P 0
L 4.2255203 0.9143228 4.2255203 0.9943228 2 P 0
L 4.2337883 3.1410548 4.2337883 3.1910548 1 P 0
L 4.2337883 3.5010548 4.2337883 3.5510548 1 P 0
L 4.2347883 2.9860548 4.2347883 3.0660548 2 P 0
L 4.2347883 2.9860548 4.2847883 2.9860548 2 P 0
L 4.2347883 3.0020548 4.2847883 3.0020548 1 P 0
L 4.2347883 3.0500548 4.2847883 3.0500548 1 P 0
L 4.2347883 3.0660548 4.2847883 3.0660548 2 P 0
L 4.2355203 2.9073228 4.2355203 2.9573228 2 P 0
L 4.2355203 2.9073228 4.3155203 2.9073228 2 P 0
L 4.2355203 2.9573228 4.3155203 2.9573228 2 P 0
L 4.2357883 3.2120548 4.2357883 3.2800548 3 P 0
L 4.2357883 3.3820548 4.2357883 3.4500548 3 P 0
L 4.2371503 1.5262448 4.2371503 1.5682448 3 P 0
L 4.2371503 1.5262448 4.2421503 1.5262448 3 P 0
L 4.2371503 1.5682448 4.2421503 1.5682448 3 P 0
L 4.2397883 1.1790548 4.2397883 1.2290548 2 P 0
L 4.2397883 1.1790548 4.3197883 1.1790548 2 P 0
L 4.2397883 1.2290548 4.3197883 1.2290548 2 P 0
L 4.2421503 1.5132448 4.2421503 1.5812448 2 P 0
L 4.2421503 1.5132448 4.3641503 1.5132448 2 P 0
L 4.2421503 1.5812448 4.3641503 1.5812448 2 P 0
L 4.2437883 1.6570548 4.2437883 1.7310548 3 P 0
L 4.2437883 1.6570548 4.2487883 1.6570548 3 P 0
L 4.2437883 1.7310548 4.2487883 1.7310548 3 P 0
L 4.2455203 0.9443228 4.2455203 1.0243228 2 P 0
L 4.2455203 0.9443228 4.2955203 0.9443228 2 P 0
L 4.2455203 0.9603228 4.2955203 0.9603228 1 P 0
L 4.2455203 1.0083228 4.2955203 1.0083228 1 P 0
L 4.2455203 1.0243228 4.2955203 1.0243228 2 P 0
L 4.2487883 1.6440548 4.2487883 1.7440548 4 P 0
L 4.2487883 1.6440548 4.3707883 1.6440548 4 P 0
L 4.2487883 1.7440548 4.3707883 1.7440548 4 P 0
L 4.2497883 3.1410548 4.2497883 3.1910548 2 P 0
L 4.2497883 3.5010548 4.2497883 3.5510548 2 P 0
L 4.2515203 2.9073228 4.2515203 2.9573228 1 P 0
L 4.2525203 1.9223228 4.2525203 2.0023228 2 P 0
L 4.2527883 2.5670548 4.2827883 2.5670548 4 P 0
L 4.2557883 1.1790548 4.2557883 1.2290548 1 P 0
L 4.2575203 0.7373228 4.2575203 0.7873228 2 P 0
L 4.2575203 0.7373228 4.3375203 0.7373228 2 P 0
L 4.2575203 0.7873228 4.3375203 0.7873228 2 P 0
L 4.2607883 3.2120548 4.2607883 3.2800548 2 P 0
L 4.2607883 3.2250548 4.2657883 3.2250548 3 P 0
L 4.2607883 3.2670548 4.2657883 3.2670548 3 P 0
L 4.2607883 3.3820548 4.2607883 3.4500548 2 P 0
L 4.2607883 3.3950548 4.2657883 3.3950548 3 P 0
L 4.2607883 3.4370548 4.2657883 3.4370548 3 P 0
L 4.2637883 1.2870548 4.2637883 1.3610548 3 P 0
L 4.2637883 1.2870548 4.2687883 1.2870548 3 P 0
L 4.2637883 1.3610548 4.2687883 1.3610548 3 P 0
L 4.2657883 3.2250548 4.2657883 3.2670548 3 P 0
L 4.2657883 3.3950548 4.2657883 3.4370548 3 P 0
L 4.2677883 2.5520548 4.2677883 2.5820548 4 P 0
L 4.2687883 1.2740548 4.2687883 1.3740548 4 P 0
L 4.2687883 1.2740548 4.3907883 1.2740548 4 P 0
L 4.2687883 1.3740548 4.3907883 1.3740548 4 P 0
L 4.2735203 0.7373228 4.2735203 0.7873228 1 P 0
L 4.2837883 2.3870548 4.2837883 2.5090548 2 P 0
L 4.2837883 2.3870548 4.3517883 2.3870548 2 P 0
L 4.2837883 2.4840548 4.3517883 2.4840548 3 P 0
L 4.2837883 2.5090548 4.3517883 2.5090548 2 P 0
L 4.2847883 2.9860548 4.2847883 3.0660548 2 P 0
L 4.2927883 2.6280548 4.2927883 2.7080548 2 P 0
L 4.2927883 2.6280548 4.3427883 2.6280548 2 P 0
L 4.2927883 2.6440548 4.3427883 2.6440548 1 P 0
L 4.2927883 2.6920548 4.3427883 2.6920548 1 P 0
L 4.2927883 2.7080548 4.3427883 2.7080548 2 P 0
L 4.2955203 0.9443228 4.2955203 1.0243228 2 P 0
L 4.2967883 1.8070548 4.2967883 1.8570548 2 P 0
L 4.2967883 1.8070548 4.3767883 1.8070548 2 P 0
L 4.2967883 1.8570548 4.3767883 1.8570548 2 P 0
L 4.2967883 2.3820548 4.2967883 2.3870548 3 P 0
L 4.2967883 2.3820548 4.3387883 2.3820548 3 P 0
L 4.2967883 2.5090548 4.2967883 2.5140548 3 P 0
L 4.2967883 2.5140548 4.3387883 2.5140548 3 P 0
L 4.2995203 2.9073228 4.2995203 2.9573228 1 P 0
L 4.3037883 1.1790548 4.3037883 1.2290548 1 P 0
L 4.3037883 3.2960548 4.3337883 3.2960548 4 P 0
L 4.3037883 3.4660548 4.3337883 3.4660548 4 P 0
L 4.3047883 3.1750548 4.3347883 3.1750548 4 P 0
L 4.3127883 1.8070548 4.3127883 1.8570548 1 P 0
L 4.3155203 0.9443228 4.3155203 1.0243228 2 P 0
L 4.3155203 0.9443228 4.3655203 0.9443228 2 P 0
L 4.3155203 0.9603228 4.3655203 0.9603228 1 P 0
L 4.3155203 1.0083228 4.3655203 1.0083228 1 P 0
L 4.3155203 1.0243228 4.3655203 1.0243228 2 P 0
L 4.3155203 2.9073228 4.3155203 2.9573228 2 P 0
L 4.3187883 3.2810548 4.3187883 3.3110548 4 P 0
L 4.3187883 3.4510548 4.3187883 3.4810548 4 P 0
L 4.3197883 1.1790548 4.3197883 1.2290548 2 P 0
L 4.3197883 3.1600548 4.3197883 3.1900548 4 P 0
L 4.3215203 0.7373228 4.3215203 0.7873228 1 P 0
L 4.3357883 2.9950548 4.3357883 3.1170548 2 P 0
L 4.3357883 2.9950548 4.4037883 2.9950548 2 P 0
L 4.3357883 3.0920548 4.4037883 3.0920548 3 P 0
L 4.3357883 3.1170548 4.4037883 3.1170548 2 P 0
L 4.3375203 0.7373228 4.3375203 0.7873228 2 P 0
L 4.3387883 2.3820548 4.3387883 2.3870548 3 P 0
L 4.3387883 2.5090548 4.3387883 2.5140548 3 P 0
L 4.3391503 1.5132448 4.3391503 1.5812448 3 P 0
L 4.3427883 2.6280548 4.3427883 2.7080548 2 P 0
L 4.3487883 2.9900548 4.3487883 2.9950548 3 P 0
L 4.3487883 2.9900548 4.3907883 2.9900548 3 P 0
L 4.3487883 3.1170548 4.3487883 3.1220548 3 P 0
L 4.3487883 3.1220548 4.3907883 3.1220548 3 P 0
L 4.3517883 2.3870548 4.3517883 2.5090548 2 P 0
L 4.3607883 1.8070548 4.3607883 1.8570548 1 P 0
L 4.3641503 1.5132448 4.3641503 1.5812448 2 P 0
L 4.3641503 1.5262448 4.3691503 1.5262448 3 P 0
L 4.3641503 1.5682448 4.3691503 1.5682448 3 P 0
L 4.3655203 0.9443228 4.3655203 1.0243228 2 P 0
L 4.3691503 1.5262448 4.3691503 1.5682448 3 P 0
L 4.3707883 1.6440548 4.3707883 1.7440548 4 P 0
L 4.3707883 1.6570548 4.3757883 1.6570548 3 P 0
L 4.3707883 1.7310548 4.3757883 1.7310548 3 P 0
L 4.3727883 2.4780548 4.3727883 2.5580548 2 P 0
L 4.3727883 2.4780548 4.4227883 2.4780548 2 P 0
L 4.3727883 2.4940548 4.4227883 2.4940548 1 P 0
L 4.3727883 2.5420548 4.4227883 2.5420548 1 P 0
L 4.3727883 2.5580548 4.4227883 2.5580548 2 P 0
L 4.3757883 1.6570548 4.3757883 1.7310548 3 P 0
L 4.3765203 3.0263228 4.3765203 3.0763228 2 P 0
L 4.3765203 3.0263228 4.4565203 3.0263228 2 P 0
L 4.3765203 3.0763228 4.4565203 3.0763228 2 P 0
L 4.3767883 1.8070548 4.3767883 1.8570548 2 P 0
L 4.3777883 2.6370548 4.3777883 2.7590548 4 P 0
L 4.3777883 2.6370548 4.4777883 2.6370548 4 P 0
L 4.3777883 2.7590548 4.4777883 2.7590548 4 P 0
L 4.3907883 1.2740548 4.3907883 1.3740548 4 P 0
L 4.3907883 1.2870548 4.3957883 1.2870548 3 P 0
L 4.3907883 1.3610548 4.3957883 1.3610548 3 P 0
L 4.3907883 2.6320548 4.3907883 2.6370548 3 P 0
L 4.3907883 2.6320548 4.4647883 2.6320548 3 P 0
L 4.3907883 2.7590548 4.3907883 2.7640548 3 P 0
L 4.3907883 2.7640548 4.4647883 2.7640548 3 P 0
L 4.3907883 2.9900548 4.3907883 2.9950548 3 P 0
L 4.3907883 3.1170548 4.3907883 3.1220548 3 P 0
L 4.3925203 3.0263228 4.3925203 3.0763228 1 P 0
L 4.3957883 1.2870548 4.3957883 1.3610548 3 P 0
L 4.4037883 2.9950548 4.4037883 3.1170548 2 P 0
L 4.4071503 1.5972448 4.4371503 1.5972448 4 P 0
L 4.4221503 1.5822448 4.4221503 1.6122448 4 P 0
L 4.4227883 2.4780548 4.4227883 2.5580548 2 P 0
L 4.4347883 3.1750548 4.4647883 3.1750548 4 P 0
L 4.4405203 3.0263228 4.4405203 3.0763228 1 P 0
L 4.4447883 3.2960548 4.4447883 3.3760548 2 P 0
L 4.4447883 3.2960548 4.4947883 3.2960548 2 P 0
L 4.4447883 3.3120548 4.4947883 3.3120548 1 P 0
L 4.4447883 3.3600548 4.4947883 3.3600548 1 P 0
L 4.4447883 3.3760548 4.4947883 3.3760548 2 P 0
L 4.4457883 2.0290548 4.4457883 2.1090548 2 P 0
L 4.4457883 2.0290548 4.4957883 2.0290548 2 P 0
L 4.4457883 2.0450548 4.4957883 2.0450548 1 P 0
L 4.4457883 2.0930548 4.4957883 2.0930548 1 P 0
L 4.4457883 2.1090548 4.4957883 2.1090548 2 P 0
L 4.4497883 3.1600548 4.4497883 3.1900548 4 P 0
L 4.4547883 1.3740548 4.4547883 1.4540548 2 P 0
L 4.4547883 1.3740548 4.5047883 1.3740548 2 P 0
L 4.4547883 1.3900548 4.5047883 1.3900548 1 P 0
L 4.4547883 1.4380548 4.5047883 1.4380548 1 P 0
L 4.4547883 1.4540548 4.5047883 1.4540548 2 P 0
L 4.4555203 0.9243228 4.4555203 1.0043228 2 P 0
L 4.4555203 0.9243228 4.5055203 0.9243228 2 P 0
L 4.4555203 0.9403228 4.5055203 0.9403228 1 P 0
L 4.4555203 0.9883228 4.5055203 0.9883228 1 P 0
L 4.4555203 1.0043228 4.5055203 1.0043228 2 P 0
L 4.4565203 3.0263228 4.4565203 3.0763228 2 P 0
L 4.4647883 2.6320548 4.4647883 2.6370548 3 P 0
L 4.4647883 2.7590548 4.4647883 2.7640548 3 P 0
L 4.4657883 2.9950548 4.4657883 3.1170548 2 P 0
L 4.4657883 2.9950548 4.5337883 2.9950548 2 P 0
L 4.4657883 3.0920548 4.5337883 3.0920548 3 P 0
L 4.4657883 3.1170548 4.5337883 3.1170548 2 P 0
L 4.4755203 1.4143228 4.4755203 1.4943228 2 P 0
L 4.4755203 1.4143228 4.5255203 1.4143228 2 P 0
L 4.4755203 1.4303228 4.5255203 1.4303228 1 P 0
L 4.4755203 1.4783228 4.5255203 1.4783228 1 P 0
L 4.4755203 1.4943228 4.5255203 1.4943228 2 P 0
L 4.4777883 2.6370548 4.4777883 2.7590548 4 P 0
L 4.4787883 2.9900548 4.4787883 2.9950548 3 P 0
L 4.4787883 2.9900548 4.5207883 2.9900548 3 P 0
L 4.4787883 3.1170548 4.4787883 3.1220548 3 P 0
L 4.4787883 3.1220548 4.5207883 3.1220548 3 P 0
L 4.4917883 2.3820548 4.4917883 2.5040548 4 P 0
L 4.4917883 2.3820548 4.5917883 2.3820548 4 P 0
L 4.4917883 2.5040548 4.5917883 2.5040548 4 P 0
L 4.4947883 3.2960548 4.4947883 3.3760548 2 P 0
L 4.4957883 2.0290548 4.4957883 2.1090548 2 P 0
L 4.5047883 1.3740548 4.5047883 1.4540548 2 P 0
L 4.5047883 2.3770548 4.5047883 2.3820548 3 P 0
L 4.5047883 2.3770548 4.5787883 2.3770548 3 P 0
L 4.5047883 2.5040548 4.5047883 2.5090548 3 P 0
L 4.5047883 2.5090548 4.5787883 2.5090548 3 P 0
L 4.5055203 0.9243228 4.5055203 1.0043228 2 P 0
L 4.5124016 3.9462205 4.5124016 4.0262205 2 P 0
L 4.5124016 3.9462205 4.5624016 3.9462205 2 P 0
L 4.5124016 3.9622205 4.5624016 3.9622205 1 P 0
L 4.5124016 4.0102205 4.5624016 4.0102205 1 P 0
L 4.5124016 4.0262205 4.5624016 4.0262205 2 P 0
L 4.5125203 2.0303228 4.5125203 2.1103228 2 P 0
L 4.5125203 2.0303228 4.5625203 2.0303228 2 P 0
L 4.5125203 2.0463228 4.5625203 2.0463228 1 P 0
L 4.5125203 2.0943228 4.5625203 2.0943228 1 P 0
L 4.5125203 2.1103228 4.5625203 2.1103228 2 P 0
L 4.5155203 2.8973228 4.5155203 2.9473228 2 P 0
L 4.5155203 2.8973228 4.5955203 2.8973228 2 P 0
L 4.5155203 2.9473228 4.5955203 2.9473228 2 P 0
L 4.5167883 2.5830548 4.5167883 2.6630548 2 P 0
L 4.5167883 2.5830548 4.5667883 2.5830548 2 P 0
L 4.5167883 2.5990548 4.5667883 2.5990548 1 P 0
L 4.5167883 2.6470548 4.5667883 2.6470548 1 P 0
L 4.5167883 2.6630548 4.5667883 2.6630548 2 P 0
L 4.5207883 2.9900548 4.5207883 2.9950548 3 P 0
L 4.5207883 3.1170548 4.5207883 3.1220548 3 P 0
L 4.5255203 0.9243228 4.5255203 1.0043228 2 P 0
L 4.5255203 0.9243228 4.5755203 0.9243228 2 P 0
L 4.5255203 0.9403228 4.5755203 0.9403228 1 P 0
L 4.5255203 0.9883228 4.5755203 0.9883228 1 P 0
L 4.5255203 1.0043228 4.5755203 1.0043228 2 P 0
L 4.5255203 1.4143228 4.5255203 1.4943228 2 P 0
L 4.5267883 1.4440548 4.5267883 1.6640548 3 P 0
L 4.5267883 1.4440548 4.5307883 1.4490548 1 P 0
L 4.5267883 1.4440548 4.6527883 1.4440548 3 P 0
L 4.5267883 1.6640548 4.5307883 1.6590548 1 P 0
L 4.5267883 1.6640548 4.6527883 1.6640548 3 P 0
L 4.5307883 1.4490548 4.5307883 1.6590548 1 P 0
L 4.5307883 1.4490548 4.6487883 1.4490548 1 P 0
L 4.5307883 1.4840548 4.6487883 1.4840548 1 P 0
L 4.5307883 1.6590548 4.6487883 1.6590548 1 P 0
L 4.5315203 2.8973228 4.5315203 2.9473228 1 P 0
L 4.5337883 2.9950548 4.5337883 3.1170548 2 P 0
L 4.5425203 1.4323228 4.5425203 1.5123228 2 P 0
L 4.5425203 1.4323228 4.5925203 1.4323228 2 P 0
L 4.5425203 1.4483228 4.5925203 1.4483228 1 P 0
L 4.5425203 1.4963228 4.5925203 1.4963228 1 P 0
L 4.5425203 1.5123228 4.5925203 1.5123228 2 P 0
L 4.5457883 1.4400548 4.5457883 1.4440548 3 P 0
L 4.5457883 1.4400548 4.5737883 1.4400548 3 P 0
L 4.5457883 1.6640548 4.5457883 1.6680548 3 P 0
L 4.5457883 1.6680548 4.6337883 1.6680548 3 P 0
L 4.5475203 1.5973228 4.5475203 1.6473228 2 P 0
L 4.5475203 1.5973228 4.6275203 1.5973228 2 P 0
L 4.5475203 1.6473228 4.6275203 1.6473228 2 P 0
L 4.5624016 3.9462205 4.5624016 4.0262205 2 P 0
L 4.5625203 2.0303228 4.5625203 2.1103228 2 P 0
L 4.5635203 1.5973228 4.5635203 1.6473228 1 P 0
L 4.5667883 2.5830548 4.5667883 2.6630548 2 P 0
L 4.5737883 1.4400548 4.5737883 1.4440548 3 P 0
L 4.5755203 0.9243228 4.5755203 1.0043228 2 P 0
L 4.5774016 4.0312205 4.6074016 4.0312205 2 P 0
L 4.5787883 2.3770548 4.5787883 2.3820548 3 P 0
L 4.5787883 2.5040548 4.5787883 2.5090548 3 P 0
L 4.5795203 2.8973228 4.5795203 2.9473228 1 P 0
L 4.5867883 2.8520548 4.6167883 2.8520548 4 P 0
L 4.5897883 3.1510548 4.5897883 3.2010548 2 P 0
L 4.5897883 3.1510548 4.6697883 3.1510548 2 P 0
L 4.5897883 3.2010548 4.6697883 3.2010548 2 P 0
L 4.5917883 2.3820548 4.5917883 2.5040548 4 P 0
L 4.5924016 3.9262205 4.5924016 3.9562205 2 P 0
L 4.5924016 4.0162205 4.5924016 4.0462205 2 P 0
L 4.5925203 0.8923228 4.5925203 0.9723228 2 P 0
L 4.5925203 0.8923228 4.6425203 0.8923228 2 P 0
L 4.5925203 0.9083228 4.6425203 0.9083228 1 P 0
L 4.5925203 0.9563228 4.6425203 0.9563228 1 P 0
L 4.5925203 0.9723228 4.6425203 0.9723228 2 P 0
L 4.5925203 1.4323228 4.5925203 1.5123228 2 P 0
L 4.5955203 2.8973228 4.5955203 2.9473228 2 P 0
L 4.6017883 2.8370548 4.6017883 2.8670548 4 P 0
L 4.6057883 1.4400548 4.6057883 1.4440548 3 P 0
L 4.6057883 1.4400548 4.6337883 1.4400548 3 P 0
L 4.6057883 3.1510548 4.6057883 3.2010548 1 P 0
L 4.6108268 3.9462205 4.6108268 4.0262205 2 P 0
L 4.6108268 3.9462205 4.6608268 3.9462205 2 P 0
L 4.6108268 3.9622205 4.6608268 3.9622205 1 P 0
L 4.6108268 4.0102205 4.6608268 4.0102205 1 P 0
L 4.6108268 4.0262205 4.6608268 4.0262205 2 P 0
L 4.6115203 1.5973228 4.6115203 1.6473228 1 P 0
L 4.6125203 1.4323228 4.6125203 1.5123228 2 P 0
L 4.6125203 1.4323228 4.6625203 1.4323228 2 P 0
L 4.6125203 1.4483228 4.6625203 1.4483228 1 P 0
L 4.6125203 1.4963228 4.6625203 1.4963228 1 P 0
L 4.6125203 1.5123228 4.6625203 1.5123228 2 P 0
L 4.6177883 2.6720548 4.6177883 2.7940548 2 P 0
L 4.6177883 2.6720548 4.6857883 2.6720548 2 P 0
L 4.6177883 2.7690548 4.6857883 2.7690548 3 P 0
L 4.6177883 2.7940548 4.6857883 2.7940548 2 P 0
L 4.6267883 2.4930548 4.6267883 2.5730548 2 P 0
L 4.6267883 2.4930548 4.6767883 2.4930548 2 P 0
L 4.6267883 2.5090548 4.6767883 2.5090548 1 P 0
L 4.6267883 2.5570548 4.6767883 2.5570548 1 P 0
L 4.6267883 2.5730548 4.6767883 2.5730548 2 P 0
L 4.6275203 1.5973228 4.6275203 1.6473228 2 P 0
L 4.6307883 2.6670548 4.6307883 2.6720548 3 P 0
L 4.6307883 2.6670548 4.6727883 2.6670548 3 P 0
L 4.6307883 2.7940548 4.6307883 2.7990548 3 P 0
L 4.6307883 2.7990548 4.6727883 2.7990548 3 P 0
L 4.6337883 1.4400548 4.6337883 1.4440548 3 P 0
L 4.6337883 1.6640548 4.6337883 1.6680548 3 P 0
L 4.6425203 0.8923228 4.6425203 0.9723228 2 P 0
L 4.6487883 1.4490548 4.6487883 1.6590548 1 P 0
L 4.6487883 1.4490548 4.6527883 1.4440548 1 P 0
L 4.6487883 1.6590548 4.6527883 1.6640548 1 P 0
L 4.6527883 1.4440548 4.6527883 1.6640548 3 P 0
L 4.6537883 3.1510548 4.6537883 3.2010548 1 P 0
L 4.6608268 3.9462205 4.6608268 4.0262205 2 P 0
L 4.6625203 1.4323228 4.6625203 1.5123228 2 P 0
L 4.6697883 1.3740548 4.6997883 1.3740548 4 P 0
L 4.6697883 3.1510548 4.6697883 3.2010548 2 P 0
L 4.6727883 2.6670548 4.6727883 2.6720548 3 P 0
L 4.6727883 2.7940548 4.6727883 2.7990548 3 P 0
L 4.6767883 2.4930548 4.6767883 2.5730548 2 P 0
L 4.683937 3.9412205 4.713937 3.9412205 2 P 0
L 4.6847883 1.3590548 4.6847883 1.3890548 4 P 0
L 4.6857883 2.6720548 4.6857883 2.7940548 2 P 0
L 4.698937 3.9262205 4.698937 3.9562205 2 P 0
L 4.698937 4.0162205 4.698937 4.0462205 2 P 0
L 4.728937 3.9462205 4.728937 4.0262205 2 P 0
L 4.728937 3.9462205 4.778937 3.9462205 2 P 0
L 4.728937 3.9622205 4.778937 3.9622205 1 P 0
L 4.728937 4.0102205 4.778937 4.0102205 1 P 0
L 4.728937 4.0262205 4.778937 4.0262205 2 P 0
L 4.743001 0.869001 4.743001 0.991001 2 P 0
L 4.743001 0.869001 4.811001 0.869001 2 P 0
L 4.743001 0.966001 4.811001 0.966001 3 P 0
L 4.743001 0.991001 4.811001 0.991001 2 P 0
L 4.756001 0.864001 4.756001 0.869001 3 P 0
L 4.756001 0.864001 4.798001 0.864001 3 P 0
L 4.756001 0.991001 4.756001 0.996001 3 P 0
L 4.756001 0.996001 4.798001 0.996001 3 P 0
L 4.778937 3.9462205 4.778937 4.0262205 2 P 0
L 4.798001 0.864001 4.798001 0.869001 3 P 0
L 4.798001 0.991001 4.798001 0.996001 3 P 0
L 4.811001 0.869001 4.811001 0.991001 2 P 0
L 4.812001 1.049001 4.842001 1.049001 4 P 0
L 4.827001 1.034001 4.827001 1.064001 4 P 0
L 4.8372047 3.9462205 4.8372047 4.0262205 2 P 0
L 4.8372047 3.9462205 4.8872047 3.9462205 2 P 0
L 4.8372047 3.9622205 4.8872047 3.9622205 1 P 0
L 4.8372047 4.0102205 4.8872047 4.0102205 1 P 0
L 4.8372047 4.0262205 4.8872047 4.0262205 2 P 0
L 4.856999 0.807999 4.886999 0.807999 4 P 0
L 4.871999 0.792999 4.871999 0.822999 4 P 0
L 4.8872047 3.9462205 4.8872047 4.0262205 2 P 0
L 4.887999 0.865999 4.887999 0.987999 2 P 0
L 4.887999 0.865999 4.955999 0.865999 2 P 0
L 4.887999 0.890999 4.955999 0.890999 3 P 0
L 4.887999 0.987999 4.955999 0.987999 2 P 0
L 4.900999 0.860999 4.900999 0.865999 3 P 0
L 4.900999 0.860999 4.942999 0.860999 3 P 0
L 4.900999 0.987999 4.900999 0.992999 3 P 0
L 4.900999 0.992999 4.942999 0.992999 3 P 0
L 4.942999 0.860999 4.942999 0.865999 3 P 0
L 4.942999 0.987999 4.942999 0.992999 3 P 0
L 4.955999 0.865999 4.955999 0.987999 2 P 0
L 4.9651575 3.9462205 4.9651575 4.0262205 2 P 0
L 4.9651575 3.9462205 5.0151575 3.9462205 2 P 0
L 4.9651575 3.9622205 5.0151575 3.9622205 1 P 0
L 4.9651575 4.0102205 5.0151575 4.0102205 1 P 0
L 4.9651575 4.0262205 5.0151575 4.0262205 2 P 0
L 4.9730163 1.9253228 4.9730163 2.0053228 2 P 0
L 4.9730163 1.9253228 5.0230163 1.9253228 2 P 0
L 4.9730163 1.9413228 5.0230163 1.9413228 1 P 0
L 4.9730163 1.9893228 5.0230163 1.9893228 1 P 0
L 4.9730163 2.0053228 5.0230163 2.0053228 2 P 0
L 4.9840163 2.3823228 4.9840163 2.4623228 2 P 0
L 4.9840163 2.3823228 5.0340163 2.3823228 2 P 0
L 4.9840163 2.3983228 5.0340163 2.3983228 1 P 0
L 4.9840163 2.4463228 5.0340163 2.4463228 1 P 0
L 4.9840163 2.4623228 5.0340163 2.4623228 2 P 0
L 4.9982843 1.5270548 4.9982843 1.5770548 2 P 0
L 4.9982843 1.5270548 5.0782843 1.5270548 2 P 0
L 4.9982843 1.5770548 5.0782843 1.5770548 2 P 0
L 5.0142843 1.5270548 5.0142843 1.5770548 1 P 0
L 5.0151575 3.9462205 5.0151575 4.0262205 2 P 0
L 5.0230163 1.9253228 5.0230163 2.0053228 2 P 0
L 5.0301575 4.0312205 5.0601575 4.0312205 2 P 0
L 5.0340163 2.3823228 5.0340163 2.4623228 2 P 0
L 5.0430163 1.9253228 5.0430163 2.0053228 2 P 0
L 5.0430163 1.9253228 5.0930163 1.9253228 2 P 0
L 5.0430163 1.9413228 5.0930163 1.9413228 1 P 0
L 5.0430163 1.9893228 5.0930163 1.9893228 1 P 0
L 5.0430163 2.0053228 5.0930163 2.0053228 2 P 0
L 5.0451575 3.9262205 5.0451575 3.9562205 2 P 0
L 5.0451575 4.0162205 5.0451575 4.0462205 2 P 0
L 5.0622843 1.5270548 5.0622843 1.5770548 1 P 0
L 5.0734252 3.9462205 5.0734252 4.0262205 2 P 0
L 5.0734252 3.9462205 5.1234252 3.9462205 2 P 0
L 5.0734252 3.9622205 5.1234252 3.9622205 1 P 0
L 5.0734252 4.0102205 5.1234252 4.0102205 1 P 0
L 5.0734252 4.0262205 5.1234252 4.0262205 2 P 0
L 5.0782843 1.5270548 5.0782843 1.5770548 2 P 0
L 5.0840163 2.3823228 5.0840163 2.4623228 2 P 0
L 5.0840163 2.3823228 5.1340163 2.3823228 2 P 0
L 5.0840163 2.3983228 5.1340163 2.3983228 1 P 0
L 5.0840163 2.4463228 5.1340163 2.4463228 1 P 0
L 5.0840163 2.4623228 5.1340163 2.4623228 2 P 0
L 5.0882843 1.6870548 5.0882843 1.7370548 2 P 0
L 5.0882843 1.6870548 5.1682843 1.6870548 2 P 0
L 5.0882843 1.7370548 5.1682843 1.7370548 2 P 0
L 5.0930163 1.9253228 5.0930163 2.0053228 2 P 0
L 5.1042843 1.6870548 5.1042843 1.7370548 1 P 0
L 5.1112843 1.1790548 5.1112843 1.2290548 2 P 0
L 5.1112843 1.1790548 5.1912843 1.1790548 2 P 0
L 5.1112843 1.2290548 5.1912843 1.2290548 2 P 0
L 5.1234252 3.9462205 5.1234252 4.0262205 2 P 0
L 5.1272843 1.1790548 5.1272843 1.2290548 1 P 0
L 5.1340163 2.3823228 5.1340163 2.4623228 2 P 0
L 5.1522843 1.6870548 5.1522843 1.7370548 1 P 0
L 5.1562843 1.5540548 5.1562843 1.6340548 2 P 0
L 5.1562843 1.5540548 5.2062843 1.5540548 2 P 0
L 5.1562843 1.5700548 5.2062843 1.5700548 1 P 0
L 5.1562843 1.6180548 5.2062843 1.6180548 1 P 0
L 5.1562843 1.6340548 5.2062843 1.6340548 2 P 0
L 5.1640163 1.9223228 5.1640163 2.0023228 2 P 0
L 5.1640163 1.9223228 5.2140163 1.9223228 2 P 0
L 5.1640163 1.9383228 5.2140163 1.9383228 1 P 0
L 5.1640163 1.9863228 5.2140163 1.9863228 1 P 0
L 5.1640163 2.0023228 5.2140163 2.0023228 2 P 0
L 5.1652843 3.2250548 5.1652843 3.2670548 3 P 0
L 5.1652843 3.2250548 5.1702843 3.2250548 3 P 0
L 5.1652843 3.2670548 5.1702843 3.2670548 3 P 0
L 5.1652843 3.3950548 5.1652843 3.4370548 3 P 0
L 5.1652843 3.3950548 5.1702843 3.3950548 3 P 0
L 5.1652843 3.4370548 5.1702843 3.4370548 3 P 0
L 5.1682843 1.6870548 5.1682843 1.7370548 2 P 0
L 5.1702843 3.2120548 5.1702843 3.2800548 2 P 0
L 5.1702843 3.2120548 5.2922843 3.2120548 2 P 0
L 5.1702843 3.2800548 5.2922843 3.2800548 2 P 0
L 5.1702843 3.3820548 5.1702843 3.4500548 2 P 0
L 5.1702843 3.3820548 5.2922843 3.3820548 2 P 0
L 5.1702843 3.4500548 5.2922843 3.4500548 2 P 0
L 5.1752843 1.1790548 5.1752843 1.2290548 1 P 0
L 5.176063 3.9412205 5.206063 3.9412205 2 P 0
L 5.183 0.531 5.183 0.549 1 P 0
L 5.183 0.531 5.205 0.531 1 P 0
L 5.183 0.549 5.205 0.549 1 P 0
L 5.19 0.531 5.19 0.549 1 P 0
L 5.191063 3.9262205 5.191063 3.9562205 2 P 0
L 5.191063 4.0162205 5.191063 4.0462205 2 P 0
L 5.1912843 1.1790548 5.1912843 1.2290548 2 P 0
L 5.196 0.536 5.196 0.544 1 P 0
L 5.2012843 3.1410548 5.2012843 3.1910548 2 P 0
L 5.2012843 3.1410548 5.2812843 3.1410548 2 P 0
L 5.2012843 3.1910548 5.2812843 3.1910548 2 P 0
L 5.2012843 3.5010548 5.2012843 3.5510548 2 P 0
L 5.2012843 3.5010548 5.2812843 3.5010548 2 P 0
L 5.2012843 3.5510548 5.2812843 3.5510548 2 P 0
L 5.205 0.483 5.205 0.597 2 P 0
L 5.205 0.483 5.255 0.483 2 P 0
L 5.205 0.597 5.255 0.597 2 P 0
L 5.2062843 1.5540548 5.2062843 1.6340548 2 P 0
L 5.2070163 0.9143228 5.2070163 0.9943228 2 P 0
L 5.2070163 0.9143228 5.2570163 0.9143228 2 P 0
L 5.2070163 0.9303228 5.2570163 0.9303228 1 P 0
L 5.2070163 0.9783228 5.2570163 0.9783228 1 P 0
L 5.2070163 0.9943228 5.2570163 0.9943228 2 P 0
L 5.2140163 1.9223228 5.2140163 2.0023228 2 P 0
L 5.2172843 3.1410548 5.2172843 3.1910548 1 P 0
L 5.2172843 3.5010548 5.2172843 3.5510548 1 P 0
L 5.221063 3.9462205 5.221063 4.0262205 2 P 0
L 5.221063 3.9462205 5.271063 3.9462205 2 P 0
L 5.221063 3.9622205 5.271063 3.9622205 1 P 0
L 5.221063 4.0102205 5.271063 4.0102205 1 P 0
L 5.221063 4.0262205 5.271063 4.0262205 2 P 0
L 5.2340163 1.9223228 5.2340163 2.0023228 2 P 0
L 5.2340163 1.9223228 5.2840163 1.9223228 2 P 0
L 5.2340163 1.9383228 5.2840163 1.9383228 1 P 0
L 5.2340163 1.9863228 5.2840163 1.9863228 1 P 0
L 5.2340163 2.0023228 5.2840163 2.0023228 2 P 0
L 5.255 0.483 5.255 0.597 2 P 0
L 5.255 0.494 5.277 0.494 1 P 0
L 5.255 0.512 5.277 0.512 1 P 0
L 5.255 0.568 5.277 0.568 1 P 0
L 5.255 0.586 5.277 0.586 1 P 0
L 5.2570163 0.9143228 5.2570163 0.9943228 2 P 0
L 5.264 0.499 5.264 0.507 1 P 0
L 5.264 0.573 5.264 0.581 1 P 0
L 5.2652843 1.5230548 5.2652843 1.5650548 3 P 0
L 5.2652843 1.5230548 5.2702843 1.5230548 3 P 0
L 5.2652843 1.5650548 5.2702843 1.5650548 3 P 0
L 5.2652843 3.1410548 5.2652843 3.1910548 1 P 0
L 5.2652843 3.5010548 5.2652843 3.5510548 1 P 0
L 5.2662843 2.9860548 5.2662843 3.0660548 2 P 0
L 5.2662843 2.9860548 5.3162843 2.9860548 2 P 0
L 5.2662843 3.0020548 5.3162843 3.0020548 1 P 0
L 5.2662843 3.0500548 5.3162843 3.0500548 1 P 0
L 5.2662843 3.0660548 5.3162843 3.0660548 2 P 0
L 5.2670163 2.9073228 5.2670163 2.9573228 2 P 0
L 5.2670163 2.9073228 5.3470163 2.9073228 2 P 0
L 5.2670163 2.9573228 5.3470163 2.9573228 2 P 0
L 5.2672843 3.2120548 5.2672843 3.2800548 3 P 0
L 5.2672843 3.3820548 5.2672843 3.4500548 3 P 0
L 5.27 0.494 5.27 0.512 1 P 0
L 5.27 0.568 5.27 0.586 1 P 0
L 5.2702843 1.5100548 5.2702843 1.5780548 2 P 0
L 5.2702843 1.5100548 5.3922843 1.5100548 2 P 0
L 5.2702843 1.5780548 5.3922843 1.5780548 2 P 0
L 5.271063 3.9462205 5.271063 4.0262205 2 P 0
L 5.2712843 1.1790548 5.2712843 1.2290548 2 P 0
L 5.2712843 1.1790548 5.3512843 1.1790548 2 P 0
L 5.2712843 1.2290548 5.3512843 1.2290548 2 P 0
L 5.2752843 1.6570548 5.2752843 1.7310548 3 P 0
L 5.2752843 1.6570548 5.2802843 1.6570548 3 P 0
L 5.2752843 1.7310548 5.2802843 1.7310548 3 P 0
L 5.277 0.494 5.277 0.512 1 P 0
L 5.277 0.568 5.277 0.586 1 P 0
L 5.2770163 0.9443228 5.2770163 1.0243228 2 P 0
L 5.2770163 0.9443228 5.3270163 0.9443228 2 P 0
L 5.2770163 0.9603228 5.3270163 0.9603228 1 P 0
L 5.2770163 1.0083228 5.3270163 1.0083228 1 P 0
L 5.2770163 1.0243228 5.3270163 1.0243228 2 P 0
L 5.2802843 1.6440548 5.2802843 1.7440548 4 P 0
L 5.2802843 1.6440548 5.4022843 1.6440548 4 P 0
L 5.2802843 1.7440548 5.4022843 1.7440548 4 P 0
L 5.2812843 3.1410548 5.2812843 3.1910548 2 P 0
L 5.2812843 3.5010548 5.2812843 3.5510548 2 P 0
L 5.2830163 2.9073228 5.2830163 2.9573228 1 P 0
L 5.2840163 1.9223228 5.2840163 2.0023228 2 P 0
L 5.2842843 2.5670548 5.3142843 2.5670548 4 P 0
L 5.2872843 1.1790548 5.2872843 1.2290548 1 P 0
L 5.2890163 0.7373228 5.2890163 0.7873228 2 P 0
L 5.2890163 0.7373228 5.3690163 0.7373228 2 P 0
L 5.2890163 0.7873228 5.3690163 0.7873228 2 P 0
L 5.2922843 3.2120548 5.2922843 3.2800548 2 P 0
L 5.2922843 3.2250548 5.2972843 3.2250548 3 P 0
L 5.2922843 3.2670548 5.2972843 3.2670548 3 P 0
L 5.2922843 3.3820548 5.2922843 3.4500548 2 P 0
L 5.2922843 3.3950548 5.2972843 3.3950548 3 P 0
L 5.2922843 3.4370548 5.2972843 3.4370548 3 P 0
L 5.2952843 1.2870548 5.2952843 1.3610548 3 P 0
L 5.2952843 1.2870548 5.3002843 1.2870548 3 P 0
L 5.2952843 1.3610548 5.3002843 1.3610548 3 P 0
L 5.2972843 3.2250548 5.2972843 3.2670548 3 P 0
L 5.2972843 3.3950548 5.2972843 3.4370548 3 P 0
L 5.2992843 2.5520548 5.2992843 2.5820548 4 P 0
L 5.3002843 1.2740548 5.3002843 1.3740548 4 P 0
L 5.3002843 1.2740548 5.4222843 1.2740548 4 P 0
L 5.3002843 1.3740548 5.4222843 1.3740548 4 P 0
L 5.3050163 0.7373228 5.3050163 0.7873228 1 P 0
L 5.3152843 2.3870548 5.3152843 2.5090548 2 P 0
L 5.3152843 2.3870548 5.3832843 2.3870548 2 P 0
L 5.3152843 2.4840548 5.3832843 2.4840548 3 P 0
L 5.3152843 2.5090548 5.3832843 2.5090548 2 P 0
L 5.3162843 2.9860548 5.3162843 3.0660548 2 P 0
L 5.3194882 3.9462205 5.3194882 4.0262205 2 P 0
L 5.3194882 3.9462205 5.3694882 3.9462205 2 P 0
L 5.3194882 3.9622205 5.3694882 3.9622205 1 P 0
L 5.3194882 4.0102205 5.3694882 4.0102205 1 P 0
L 5.3194882 4.0262205 5.3694882 4.0262205 2 P 0
L 5.3242843 2.6280548 5.3242843 2.7080548 2 P 0
L 5.3242843 2.6280548 5.3742843 2.6280548 2 P 0
L 5.3242843 2.6440548 5.3742843 2.6440548 1 P 0
L 5.3242843 2.6920548 5.3742843 2.6920548 1 P 0
L 5.3242843 2.7080548 5.3742843 2.7080548 2 P 0
L 5.3270163 0.9443228 5.3270163 1.0243228 2 P 0
L 5.3282843 1.8070548 5.3282843 1.8570548 2 P 0
L 5.3282843 1.8070548 5.4082843 1.8070548 2 P 0
L 5.3282843 1.8570548 5.4082843 1.8570548 2 P 0
L 5.3282843 2.3820548 5.3282843 2.3870548 3 P 0
L 5.3282843 2.3820548 5.3702843 2.3820548 3 P 0
L 5.3282843 2.5090548 5.3282843 2.5140548 3 P 0
L 5.3282843 2.5140548 5.3702843 2.5140548 3 P 0
L 5.3310163 2.9073228 5.3310163 2.9573228 1 P 0
L 5.3352843 1.1790548 5.3352843 1.2290548 1 P 0
L 5.3352843 3.2960548 5.3652843 3.2960548 4 P 0
L 5.3352843 3.4660548 5.3652843 3.4660548 4 P 0
L 5.3362843 3.1750548 5.3662843 3.1750548 4 P 0
L 5.3442843 1.8070548 5.3442843 1.8570548 1 P 0
L 5.3470163 0.9443228 5.3470163 1.0243228 2 P 0
L 5.3470163 0.9443228 5.3970163 0.9443228 2 P 0
L 5.3470163 0.9603228 5.3970163 0.9603228 1 P 0
L 5.3470163 1.0083228 5.3970163 1.0083228 1 P 0
L 5.3470163 1.0243228 5.3970163 1.0243228 2 P 0
L 5.3470163 2.9073228 5.3470163 2.9573228 2 P 0
L 5.3502843 3.2810548 5.3502843 3.3110548 4 P 0
L 5.3502843 3.4510548 5.3502843 3.4810548 4 P 0
L 5.3512843 1.1790548 5.3512843 1.2290548 2 P 0
L 5.3512843 3.1600548 5.3512843 3.1900548 4 P 0
L 5.353 0.531 5.353 0.549 1 P 0
L 5.353 0.531 5.375 0.531 1 P 0
L 5.353 0.549 5.375 0.549 1 P 0
L 5.3530163 0.7373228 5.3530163 0.7873228 1 P 0
L 5.36 0.531 5.36 0.549 1 P 0
L 5.366 0.536 5.366 0.544 1 P 0
L 5.3672843 1.5100548 5.3672843 1.5780548 3 P 0
L 5.3672843 2.9950548 5.3672843 3.1170548 2 P 0
L 5.3672843 2.9950548 5.4352843 2.9950548 2 P 0
L 5.3672843 3.0920548 5.4352843 3.0920548 3 P 0
L 5.3672843 3.1170548 5.4352843 3.1170548 2 P 0
L 5.3690163 0.7373228 5.3690163 0.7873228 2 P 0
L 5.3694882 3.9462205 5.3694882 4.0262205 2 P 0
L 5.3702843 2.3820548 5.3702843 2.3870548 3 P 0
L 5.3702843 2.5090548 5.3702843 2.5140548 3 P 0
L 5.3742843 2.6280548 5.3742843 2.7080548 2 P 0
L 5.375 0.483 5.375 0.597 2 P 0
L 5.375 0.483 5.425 0.483 2 P 0
L 5.375 0.597 5.425 0.597 2 P 0
L 5.3802843 2.9900548 5.3802843 2.9950548 3 P 0
L 5.3802843 2.9900548 5.4222843 2.9900548 3 P 0
L 5.3802843 3.1170548 5.3802843 3.1220548 3 P 0
L 5.3802843 3.1220548 5.4222843 3.1220548 3 P 0
L 5.3832843 2.3870548 5.3832843 2.5090548 2 P 0
L 5.3922843 1.5100548 5.3922843 1.5780548 2 P 0
L 5.3922843 1.5230548 5.3972843 1.5230548 3 P 0
L 5.3922843 1.5650548 5.3972843 1.5650548 3 P 0
L 5.3922843 1.8070548 5.3922843 1.8570548 1 P 0
L 5.3970163 0.9443228 5.3970163 1.0243228 2 P 0
L 5.3972843 1.5230548 5.3972843 1.5650548 3 P 0
L 5.4022843 1.6440548 5.4022843 1.7440548 4 P 0
L 5.4022843 1.6570548 5.4072843 1.6570548 3 P 0
L 5.4022843 1.7310548 5.4072843 1.7310548 3 P 0
L 5.4042843 2.4780548 5.4042843 2.5580548 2 P 0
L 5.4042843 2.4780548 5.4542843 2.4780548 2 P 0
L 5.4042843 2.4940548 5.4542843 2.4940548 1 P 0
L 5.4042843 2.5420548 5.4542843 2.5420548 1 P 0
L 5.4042843 2.5580548 5.4542843 2.5580548 2 P 0
L 5.4072843 1.6570548 5.4072843 1.7310548 3 P 0
L 5.4080163 3.0263228 5.4080163 3.0763228 2 P 0
L 5.4080163 3.0263228 5.4880163 3.0263228 2 P 0
L 5.4080163 3.0763228 5.4880163 3.0763228 2 P 0
L 5.4082843 1.8070548 5.4082843 1.8570548 2 P 0
L 5.4092843 2.6370548 5.4092843 2.7590548 4 P 0
L 5.4092843 2.6370548 5.5092843 2.6370548 4 P 0
L 5.4092843 2.7590548 5.5092843 2.7590548 4 P 0
L 5.4222843 1.2740548 5.4222843 1.3740548 4 P 0
L 5.4222843 1.2870548 5.4272843 1.2870548 3 P 0
L 5.4222843 1.3610548 5.4272843 1.3610548 3 P 0
L 5.4222843 2.6320548 5.4222843 2.6370548 3 P 0
L 5.4222843 2.6320548 5.4962843 2.6320548 3 P 0
L 5.4222843 2.7590548 5.4222843 2.7640548 3 P 0
L 5.4222843 2.7640548 5.4962843 2.7640548 3 P 0
L 5.4222843 2.9900548 5.4222843 2.9950548 3 P 0
L 5.4222843 3.1170548 5.4222843 3.1220548 3 P 0
L 5.4240163 3.0263228 5.4240163 3.0763228 1 P 0
L 5.425 0.483 5.425 0.597 2 P 0
L 5.425 0.494 5.447 0.494 1 P 0
L 5.425 0.512 5.447 0.512 1 P 0
L 5.425 0.568 5.447 0.568 1 P 0
L 5.425 0.586 5.447 0.586 1 P 0
L 5.4272843 1.2870548 5.4272843 1.3610548 3 P 0
L 5.434 0.499 5.434 0.507 1 P 0
L 5.434 0.573 5.434 0.581 1 P 0
L 5.4352843 1.5940548 5.4652843 1.5940548 4 P 0
L 5.4352843 2.9950548 5.4352843 3.1170548 2 P 0
L 5.44 0.494 5.44 0.512 1 P 0
L 5.44 0.568 5.44 0.586 1 P 0
L 5.447 0.494 5.447 0.512 1 P 0
L 5.447 0.568 5.447 0.586 1 P 0
L 5.4502843 1.5790548 5.4502843 1.6090548 4 P 0
L 5.4542843 2.4780548 5.4542843 2.5580548 2 P 0
L 5.4662843 3.1750548 5.4962843 3.1750548 4 P 0
L 5.467126 3.9462205 5.467126 4.0262205 2 P 0
L 5.467126 3.9462205 5.517126 3.9462205 2 P 0
L 5.467126 3.9622205 5.517126 3.9622205 1 P 0
L 5.467126 4.0102205 5.517126 4.0102205 1 P 0
L 5.467126 4.0262205 5.517126 4.0262205 2 P 0
L 5.4720163 3.0263228 5.4720163 3.0763228 1 P 0
L 5.4762843 3.2960548 5.4762843 3.3760548 2 P 0
L 5.4762843 3.2960548 5.5262843 3.2960548 2 P 0
L 5.4762843 3.3120548 5.5262843 3.3120548 1 P 0
L 5.4762843 3.3600548 5.5262843 3.3600548 1 P 0
L 5.4762843 3.3760548 5.5262843 3.3760548 2 P 0
L 5.4772843 2.0290548 5.4772843 2.1090548 2 P 0
L 5.4772843 2.0290548 5.5272843 2.0290548 2 P 0
L 5.4772843 2.0450548 5.5272843 2.0450548 1 P 0
L 5.4772843 2.0930548 5.5272843 2.0930548 1 P 0
L 5.4772843 2.1090548 5.5272843 2.1090548 2 P 0
L 5.4812843 3.1600548 5.4812843 3.1900548 4 P 0
L 5.4862843 1.3740548 5.4862843 1.4540548 2 P 0
L 5.4862843 1.3740548 5.5362843 1.3740548 2 P 0
L 5.4862843 1.3900548 5.5362843 1.3900548 1 P 0
L 5.4862843 1.4380548 5.5362843 1.4380548 1 P 0
L 5.4862843 1.4540548 5.5362843 1.4540548 2 P 0
L 5.4870163 0.9243228 5.4870163 1.0043228 2 P 0
L 5.4870163 0.9243228 5.5370163 0.9243228 2 P 0
L 5.4870163 0.9403228 5.5370163 0.9403228 1 P 0
L 5.4870163 0.9883228 5.5370163 0.9883228 1 P 0
L 5.4870163 1.0043228 5.5370163 1.0043228 2 P 0
L 5.4880163 3.0263228 5.4880163 3.0763228 2 P 0
L 5.4962843 2.6320548 5.4962843 2.6370548 3 P 0
L 5.4962843 2.7590548 5.4962843 2.7640548 3 P 0
L 5.4972843 2.9950548 5.4972843 3.1170548 2 P 0
L 5.4972843 2.9950548 5.5652843 2.9950548 2 P 0
L 5.4972843 3.0920548 5.5652843 3.0920548 3 P 0
L 5.4972843 3.1170548 5.5652843 3.1170548 2 P 0
L 5.5070163 1.4143228 5.5070163 1.4943228 2 P 0
L 5.5070163 1.4143228 5.5570163 1.4143228 2 P 0
L 5.5070163 1.4303228 5.5570163 1.4303228 1 P 0
L 5.5070163 1.4783228 5.5570163 1.4783228 1 P 0
L 5.5070163 1.4943228 5.5570163 1.4943228 2 P 0
L 5.5092843 2.6370548 5.5092843 2.7590548 4 P 0
L 5.5102843 2.9900548 5.5102843 2.9950548 3 P 0
L 5.5102843 2.9900548 5.5522843 2.9900548 3 P 0
L 5.5102843 3.1170548 5.5102843 3.1220548 3 P 0
L 5.5102843 3.1220548 5.5522843 3.1220548 3 P 0
L 5.517126 3.9462205 5.517126 4.0262205 2 P 0
L 5.5232843 2.3820548 5.5232843 2.5040548 4 P 0
L 5.5232843 2.3820548 5.6232843 2.3820548 4 P 0
L 5.5232843 2.5040548 5.6232843 2.5040548 4 P 0
L 5.5262843 3.2960548 5.5262843 3.3760548 2 P 0
L 5.5272843 2.0290548 5.5272843 2.1090548 2 P 0
L 5.532126 4.0312205 5.562126 4.0312205 2 P 0
L 5.5362843 1.3740548 5.5362843 1.4540548 2 P 0
L 5.5362843 2.3770548 5.5362843 2.3820548 3 P 0
L 5.5362843 2.3770548 5.6102843 2.3770548 3 P 0
L 5.5362843 2.5040548 5.5362843 2.5090548 3 P 0
L 5.5362843 2.5090548 5.6102843 2.5090548 3 P 0
L 5.5370163 0.9243228 5.5370163 1.0043228 2 P 0
L 5.5440163 2.0303228 5.5440163 2.1103228 2 P 0
L 5.5440163 2.0303228 5.5940163 2.0303228 2 P 0
L 5.5440163 2.0463228 5.5940163 2.0463228 1 P 0
L 5.5440163 2.0943228 5.5940163 2.0943228 1 P 0
L 5.5440163 2.1103228 5.5940163 2.1103228 2 P 0
L 5.5470163 2.8973228 5.5470163 2.9473228 2 P 0
L 5.5470163 2.8973228 5.6270163 2.8973228 2 P 0
L 5.5470163 2.9473228 5.6270163 2.9473228 2 P 0
L 5.547126 3.9262205 5.547126 3.9562205 2 P 0
L 5.547126 4.0162205 5.547126 4.0462205 2 P 0
L 5.5482843 2.5830548 5.5482843 2.6630548 2 P 0
L 5.5482843 2.5830548 5.5982843 2.5830548 2 P 0
L 5.5482843 2.5990548 5.5982843 2.5990548 1 P 0
L 5.5482843 2.6470548 5.5982843 2.6470548 1 P 0
L 5.5482843 2.6630548 5.5982843 2.6630548 2 P 0
L 5.5522843 2.9900548 5.5522843 2.9950548 3 P 0
L 5.5522843 3.1170548 5.5522843 3.1220548 3 P 0
L 5.5570163 0.9243228 5.5570163 1.0043228 2 P 0
L 5.5570163 0.9243228 5.6070163 0.9243228 2 P 0
L 5.5570163 0.9403228 5.6070163 0.9403228 1 P 0
L 5.5570163 0.9883228 5.6070163 0.9883228 1 P 0
L 5.5570163 1.0043228 5.6070163 1.0043228 2 P 0
L 5.5570163 1.4143228 5.5570163 1.4943228 2 P 0
L 5.5582843 1.4440548 5.5582843 1.6640548 3 P 0
L 5.5582843 1.4440548 5.5622843 1.4490548 1 P 0
L 5.5582843 1.4440548 5.6842843 1.4440548 3 P 0
L 5.5582843 1.6640548 5.5622843 1.6590548 1 P 0
L 5.5582843 1.6640548 5.6842843 1.6640548 3 P 0
L 5.5622843 1.4490548 5.5622843 1.6590548 1 P 0
L 5.5622843 1.4490548 5.6802843 1.4490548 1 P 0
L 5.5622843 1.4840548 5.6802843 1.4840548 1 P 0
L 5.5622843 1.6590548 5.6802843 1.6590548 1 P 0
L 5.5630163 2.8973228 5.5630163 2.9473228 1 P 0
L 5.5652843 2.9950548 5.5652843 3.1170548 2 P 0
L 5.5655512 3.9462205 5.5655512 4.0262205 2 P 0
L 5.5655512 3.9462205 5.6155512 3.9462205 2 P 0
L 5.5655512 3.9622205 5.6155512 3.9622205 1 P 0
L 5.5655512 4.0102205 5.6155512 4.0102205 1 P 0
L 5.5655512 4.0262205 5.6155512 4.0262205 2 P 0
L 5.5740163 1.4323228 5.5740163 1.5123228 2 P 0
L 5.5740163 1.4323228 5.6240163 1.4323228 2 P 0
L 5.5740163 1.4483228 5.6240163 1.4483228 1 P 0
L 5.5740163 1.4963228 5.6240163 1.4963228 1 P 0
L 5.5740163 1.5123228 5.6240163 1.5123228 2 P 0
L 5.5772843 1.4400548 5.5772843 1.4440548 3 P 0
L 5.5772843 1.4400548 5.6052843 1.4400548 3 P 0
L 5.5772843 1.6640548 5.5772843 1.6680548 3 P 0
L 5.5772843 1.6680548 5.6652843 1.6680548 3 P 0
L 5.5790163 1.5973228 5.5790163 1.6473228 2 P 0
L 5.5790163 1.5973228 5.6590163 1.5973228 2 P 0
L 5.5790163 1.6473228 5.6590163 1.6473228 2 P 0
L 5.5940163 2.0303228 5.5940163 2.1103228 2 P 0
L 5.5950163 1.5973228 5.5950163 1.6473228 1 P 0
L 5.5982843 2.5830548 5.5982843 2.6630548 2 P 0
L 5.6052843 1.4400548 5.6052843 1.4440548 3 P 0
L 5.6070163 0.9243228 5.6070163 1.0043228 2 P 0
L 5.6102843 2.3770548 5.6102843 2.3820548 3 P 0
L 5.6102843 2.5040548 5.6102843 2.5090548 3 P 0
L 5.6110163 2.8973228 5.6110163 2.9473228 1 P 0
L 5.6155512 3.9462205 5.6155512 4.0262205 2 P 0
L 5.6182843 2.8520548 5.6482843 2.8520548 4 P 0
L 5.6212843 3.1510548 5.6212843 3.2010548 2 P 0
L 5.6212843 3.1510548 5.7012843 3.1510548 2 P 0
L 5.6212843 3.2010548 5.7012843 3.2010548 2 P 0
L 5.6232843 2.3820548 5.6232843 2.5040548 4 P 0
L 5.6240163 0.8923228 5.6240163 0.9723228 2 P 0
L 5.6240163 0.8923228 5.6740163 0.8923228 2 P 0
L 5.6240163 0.9083228 5.6740163 0.9083228 1 P 0
L 5.6240163 0.9563228 5.6740163 0.9563228 1 P 0
L 5.6240163 0.9723228 5.6740163 0.9723228 2 P 0
L 5.6240163 1.4323228 5.6240163 1.5123228 2 P 0
L 5.6270163 2.8973228 5.6270163 2.9473228 2 P 0
L 5.6332843 2.8370548 5.6332843 2.8670548 4 P 0
L 5.6372843 1.4400548 5.6372843 1.4440548 3 P 0
L 5.6372843 1.4400548 5.6652843 1.4400548 3 P 0
L 5.6372843 3.1510548 5.6372843 3.2010548 1 P 0
L 5.6430163 1.5973228 5.6430163 1.6473228 1 P 0
L 5.6440163 1.4323228 5.6440163 1.5123228 2 P 0
L 5.6440163 1.4323228 5.6940163 1.4323228 2 P 0
L 5.6440163 1.4483228 5.6940163 1.4483228 1 P 0
L 5.6440163 1.4963228 5.6940163 1.4963228 1 P 0
L 5.6440163 1.5123228 5.6940163 1.5123228 2 P 0
L 5.6492843 2.6720548 5.6492843 2.7940548 2 P 0
L 5.6492843 2.6720548 5.7172843 2.6720548 2 P 0
L 5.6492843 2.7690548 5.7172843 2.7690548 3 P 0
L 5.6492843 2.7940548 5.7172843 2.7940548 2 P 0
L 5.6582843 2.4930548 5.6582843 2.5730548 2 P 0
L 5.6582843 2.4930548 5.7082843 2.4930548 2 P 0
L 5.6582843 2.5090548 5.7082843 2.5090548 1 P 0
L 5.6582843 2.5570548 5.7082843 2.5570548 1 P 0
L 5.6582843 2.5730548 5.7082843 2.5730548 2 P 0
L 5.6590163 1.5973228 5.6590163 1.6473228 2 P 0
L 5.6622843 2.6670548 5.6622843 2.6720548 3 P 0
L 5.6622843 2.6670548 5.7042843 2.6670548 3 P 0
L 5.6622843 2.7940548 5.6622843 2.7990548 3 P 0
L 5.6622843 2.7990548 5.7042843 2.7990548 3 P 0
L 5.6652843 1.4400548 5.6652843 1.4440548 3 P 0
L 5.6652843 1.6640548 5.6652843 1.6680548 3 P 0
L 5.6740163 0.8923228 5.6740163 0.9723228 2 P 0
L 5.6802843 1.4490548 5.6802843 1.6590548 1 P 0
L 5.6802843 1.4490548 5.6842843 1.4440548 1 P 0
L 5.6802843 1.6590548 5.6842843 1.6640548 1 P 0
L 5.6842843 1.4440548 5.6842843 1.6640548 3 P 0
L 5.6852843 3.1510548 5.6852843 3.2010548 1 P 0
L 5.6940163 1.4323228 5.6940163 1.5123228 2 P 0
L 5.7012843 1.3740548 5.7312843 1.3740548 4 P 0
L 5.7012843 3.1510548 5.7012843 3.2010548 2 P 0
L 5.7042843 2.6670548 5.7042843 2.6720548 3 P 0
L 5.7042843 2.7940548 5.7042843 2.7990548 3 P 0
L 5.7082843 2.4930548 5.7082843 2.5730548 2 P 0
L 5.7162843 1.3590548 5.7162843 1.3890548 4 P 0
L 5.7172843 2.6720548 5.7172843 2.7940548 2 P 0
P 0.2303661 3.7899414 7 P 0 0
P 0.6061757 3.246999 7 P 0 0
P 1.1967613 3.2339976 7 P 0 0
P 1.4259767 0.412445 6 P 0 0
P 2.1498575 3.2460568 7 P 0 0
P 2.1498595 3.4160568 7 P 0 0
P 2.2193621 2.49651 6 P 0 0
P 2.2498695 1.5440548 7 P 0 0
P 2.2713621 3.10453 6 P 0 0
P 2.4013621 3.10453 6 P 0 0
P 2.4913841 1.4665574 5 P 0 0
P 2.5533621 2.78153 6 P 0 0
P 2.7560013 0.841872 5 P 0 0
P 3.1971063 3.2460548 7 P 0 0
P 3.1971063 3.4160548 7 P 0 0
P 3.2666153 2.496539 6 P 0 0
P 3.3004683 1.5472448 7 P 0 0
P 3.3186153 3.104541 6 P 0 0
P 3.4486153 3.104541 6 P 0 0
P 3.5386171 1.4665518 5 P 0 0
P 3.6006153 2.781541 6 P 0 0
P 3.7877945 0.9467664 6 P 0 0
P 3.8859697 0.8478198 6 P 0 0
P 4.2482855 3.2460548 7 P 0 0
P 4.2482855 3.4160548 7 P 0 0
P 4.3177861 2.496532 6 P 0 0
P 4.3516475 1.5472448 7 P 0 0
P 4.3697861 3.104532 6 P 0 0
P 4.4997861 3.104532 6 P 0 0
P 4.5898061 1.4665574 5 P 0 0
P 4.6517861 2.781532 6 P 0 0
P 4.7768389 0.9790256 6 P 0 0
P 4.9219437 0.8780464 6 P 0 0
P 5.2797843 3.2460548 7 P 0 0
P 5.2797843 3.4160548 7 P 0 0
P 5.3492933 2.496527 6 P 0 0
P 5.3797843 1.5440548 7 P 0 0
P 5.4012933 3.104527 6 P 0 0
P 5.5312933 3.104527 6 P 0 0
P 5.6213051 1.4665518 5 P 0 0
P 5.6832933 2.781527 6 P 0 0
