#Layer_Color=32768
#
#Feature symbol names
#
$0 r3.937

#
#Feature attribute names
#

#
#Layer features
#
L 14.0259262 10.1044474 14.0259262 10.435156 0 P 0
L 14.0259262 10.1044474 14.2621466 10.1044474 0 P 0
L 14.0259262 10.435156 14.2621466 10.435156 0 P 0
L 14.0259762 10.6952324 14.0259762 11.025941 0 P 0
L 14.0259762 10.6952324 14.2621966 10.6952324 0 P 0
L 14.0259762 11.025941 14.2621966 11.025941 0 P 0
L 14.0329262 11.2819426 14.0329262 11.6126512 0 P 0
L 14.0329262 11.2819426 14.2691466 11.2819426 0 P 0
L 14.0329262 11.6126512 14.2691466 11.6126512 0 P 0
L 14.1243514 10.2698017 14.1637214 10.2698017 0 P 0
L 14.1244014 10.8605867 14.1637714 10.8605867 0 P 0
L 14.1313514 11.4472969 14.1707214 11.4472969 0 P 0
L 14.1440364 10.2501167 14.1440364 10.2894867 0 P 0
L 14.1440864 10.8409017 14.1440864 10.8802717 0 P 0
L 14.1510364 11.4276119 14.1510364 11.4669819 0 P 0
L 14.2621466 10.1044474 14.2621466 10.435156 0 P 0
L 14.2621966 10.6952324 14.2621966 11.025941 0 P 0
L 14.2691466 11.2819426 14.2691466 11.6126512 0 P 0
L 14.3019262 10.1058324 14.3019262 10.436541 0 P 0
L 14.3019262 10.1058324 14.5381466 10.1058324 0 P 0
L 14.3019262 10.436541 14.5381466 10.436541 0 P 0
L 14.3039262 11.2850126 14.3039262 11.6157212 0 P 0
L 14.3039262 11.2850126 14.5401466 11.2850126 0 P 0
L 14.3039262 11.6157212 14.5401466 11.6157212 0 P 0
L 14.3039762 10.6962324 14.3039762 11.026941 0 P 0
L 14.3039762 10.6962324 14.5401966 10.6962324 0 P 0
L 14.3039762 11.026941 14.5401966 11.026941 0 P 0
L 14.4003514 10.2711867 14.4397214 10.2711867 0 P 0
L 14.4023514 11.4503669 14.4417214 11.4503669 0 P 0
L 14.4024014 10.8615867 14.4417714 10.8615867 0 P 0
L 14.4200364 10.2515017 14.4200364 10.2908717 0 P 0
L 14.4220364 11.4306819 14.4220364 11.4700519 0 P 0
L 14.4220864 10.8419017 14.4220864 10.8812717 0 P 0
L 14.5381466 10.1058324 14.5381466 10.436541 0 P 0
L 14.5401466 11.2850126 14.5401466 11.6157212 0 P 0
L 14.5401966 10.6962324 14.5401966 11.026941 0 P 0
L 14.5739262 10.1059024 14.5739262 10.436611 0 P 0
L 14.5739262 10.1059024 14.8101466 10.1059024 0 P 0
L 14.5739262 10.436611 14.8101466 10.436611 0 P 0
L 14.5789762 11.2862326 14.5789762 11.6169412 0 P 0
L 14.5789762 11.2862326 14.8151966 11.2862326 0 P 0
L 14.5789762 11.6169412 14.8151966 11.6169412 0 P 0
L 14.5799762 10.6972324 14.5799762 11.027941 0 P 0
L 14.5799762 10.6972324 14.8161966 10.6972324 0 P 0
L 14.5799762 11.027941 14.8161966 11.027941 0 P 0
L 14.6723514 10.2712567 14.7117214 10.2712567 0 P 0
L 14.6774014 11.4515869 14.7167714 11.4515869 0 P 0
L 14.6784014 10.8625867 14.7177714 10.8625867 0 P 0
L 14.6920364 10.2515717 14.6920364 10.2909417 0 P 0
L 14.6970864 11.4319019 14.6970864 11.4712719 0 P 0
L 14.6980864 10.8429017 14.6980864 10.8822717 0 P 0
L 14.8101466 10.1059024 14.8101466 10.436611 0 P 0
L 14.8151966 11.2862326 14.8151966 11.6169412 0 P 0
L 14.8161966 10.6972324 14.8161966 11.027941 0 P 0
L 14.8509762 10.1052324 14.8509762 10.435941 0 P 0
L 14.8509762 10.1052324 15.0871966 10.1052324 0 P 0
L 14.8509762 10.435941 15.0871966 10.435941 0 P 0
L 14.8549762 11.2862324 14.8549762 11.616941 0 P 0
L 14.8549762 11.2862324 15.0911966 11.2862324 0 P 0
L 14.8549762 11.616941 15.0911966 11.616941 0 P 0
L 14.8569762 10.6942324 14.8569762 11.024941 0 P 0
L 14.8569762 10.6942324 15.0931966 10.6942324 0 P 0
L 14.8569762 11.024941 15.0931966 11.024941 0 P 0
L 14.9494014 10.2705867 14.9887714 10.2705867 0 P 0
L 14.9534014 11.4515867 14.9927714 11.4515867 0 P 0
L 14.9554014 10.8595867 14.9947714 10.8595867 0 P 0
L 14.9690864 10.2509017 14.9690864 10.2902717 0 P 0
L 14.9730864 11.4319017 14.9730864 11.4712717 0 P 0
L 14.9750864 10.8399017 14.9750864 10.8792717 0 P 0
L 15.0871966 10.1052324 15.0871966 10.435941 0 P 0
L 15.0911966 11.2862324 15.0911966 11.616941 0 P 0
L 15.0931966 10.6942324 15.0931966 11.024941 0 P 0
