#Layer_Color=16711935
#
#Feature symbol names
#
$0 r3.937
$1 r39.3701

#
#Feature attribute names
#

#
#Layer features
#
A 29.3414634 23.10151 29.3414634 23.10151 29.3217784 23.10151 0 P 0 N
A 29.6194634 24.84251 29.6194634 24.84251 29.5997784 24.84251 0 P 0 N
A 34.7852822 24.3258801 34.7852822 24.3258801 34.7655972 24.3258801 0 P 0 N
A 35.3052822 24.7658801 35.3052822 24.7658801 35.2855972 24.7658801 0 P 0 N
A 35.3122822 23.8278801 35.3122822 23.8278801 35.2925972 23.8278801 0 P 0 N
A 36.0322822 23.8178801 36.0322822 23.8178801 36.0125972 23.8178801 0 P 0 N
A 36.0352822 24.7658801 36.0352822 24.7658801 36.0155972 24.7658801 0 P 0 N
A 36.7757783 24.7328801 36.7757783 24.7328801 36.7560933 24.7328801 0 P 0 N
A 36.7952744 23.8378801 36.7952744 23.8378801 36.7755894 23.8378801 0 P 0 N
L 29.0085516 21.2707246 29.0085516 27.1762364 1 P 0
L 29.0085516 21.2707246 37.8668193 21.2707246 1 P 0
L 29.0085516 27.1762364 37.8668193 27.1762364 1 P 0
L 29.2843768 23.0168643 29.2843768 23.1389116 0 P 0
L 29.2843768 23.0168643 29.4064241 23.0168643 0 P 0
L 29.2843768 23.1389116 29.4064241 23.1389116 0 P 0
L 29.4064241 23.0168643 29.4064241 23.1389116 0 P 0
L 29.5623768 24.7578643 29.5623768 24.8799116 0 P 0
L 29.5623768 24.7578643 29.6844241 24.7578643 0 P 0
L 29.5623768 24.8799116 29.6844241 24.8799116 0 P 0
L 29.6844241 24.7578643 29.6844241 24.8799116 0 P 0
L 34.7301641 24.1644628 34.7301641 24.3613132 0 P 0
L 34.7301641 24.1644628 34.8876445 24.1644628 0 P 0
L 34.7301641 24.3613132 34.8876445 24.3613132 0 P 0
L 34.8876445 24.1644628 34.8876445 24.3613132 0 P 0
L 35.2501641 24.6044628 35.2501641 24.8013132 0 P 0
L 35.2501641 24.6044628 35.4076445 24.6044628 0 P 0
L 35.2501641 24.8013132 35.4076445 24.8013132 0 P 0
L 35.2571641 23.6664628 35.2571641 23.8633132 0 P 0
L 35.2571641 23.6664628 35.4146445 23.6664628 0 P 0
L 35.2571641 23.8633132 35.4146445 23.8633132 0 P 0
L 35.4076445 24.6044628 35.4076445 24.8013132 0 P 0
L 35.4146445 23.6664628 35.4146445 23.8633132 0 P 0
L 35.9771641 23.6564628 35.9771641 23.8533132 0 P 0
L 35.9771641 23.6564628 36.1346445 23.6564628 0 P 0
L 35.9771641 23.8533132 36.1346445 23.8533132 0 P 0
L 35.9801641 24.6044628 35.9801641 24.8013132 0 P 0
L 35.9801641 24.6044628 36.1376445 24.6044628 0 P 0
L 35.9801641 24.8013132 36.1376445 24.8013132 0 P 0
L 36.1346445 23.6564628 36.1346445 23.8533132 0 P 0
L 36.1376445 24.6044628 36.1376445 24.8013132 0 P 0
L 36.7206602 24.5714628 36.7206602 24.7683132 0 P 0
L 36.7206602 24.5714628 36.8781406 24.5714628 0 P 0
L 36.7206602 24.7683132 36.8781406 24.7683132 0 P 0
L 36.7401563 23.6764628 36.7401563 23.8733132 0 P 0
L 36.7401563 23.6764628 36.8976367 23.6764628 0 P 0
L 36.7401563 23.8733132 36.8976367 23.8733132 0 P 0
L 36.8781406 24.5714628 36.8781406 24.7683132 0 P 0
L 36.8976367 23.6764628 36.8976367 23.8733132 0 P 0
L 37.8668188 21.2707246 37.8668193 27.1762364 1 P 0
