#Layer_Color=32768
#
#Feature symbol names
#
$0 r5
$1 r7
$2 r4
$3 r6
$4 r2
$5 rect25x68_360
$6 rect25x68
$7 rect68x25

#
#Feature attribute names
#

#
#Layer features
#
L 1.204305 1.1640805 1.226305 1.1640805 0 P 0
L 1.204305 1.195842 1.226305 1.195842 0 P 0
L 1.204305 1.267842 1.226305 1.267842 0 P 0
L 1.204305 1.2838955 1.226305 1.2838955 0 P 0
L 1.243805 1.239342 1.243805 1.246342 0 P 0
L 18.3631249 14.8594208 18.3631249 14.8664208 0 P 0
L 20.22585 15.2490785 20.22585 15.2910785 2 P 0
L 20.22585 15.2490785 20.23085 15.2490785 2 P 0
L 20.22585 15.2910785 20.23085 15.2910785 2 P 0
L 20.22585 17.4390785 20.22585 17.4810785 2 P 0
L 20.22585 17.4390785 20.23085 17.4390785 2 P 0
L 20.22585 17.4810785 20.23085 17.4810785 2 P 0
L 20.23085 15.2360785 20.23085 15.3040785 3 P 0
L 20.23085 15.2360785 20.35285 15.2360785 3 P 0
L 20.23085 15.3040785 20.35285 15.3040785 3 P 0
L 20.23085 17.4260785 20.23085 17.4940785 3 P 0
L 20.23085 17.4260785 20.35285 17.4260785 3 P 0
L 20.23085 17.4940785 20.35285 17.4940785 3 P 0
L 20.23585 17.1790785 20.23585 17.2210785 2 P 0
L 20.23585 17.1790785 20.24085 17.1790785 2 P 0
L 20.23585 17.2210785 20.24085 17.2210785 2 P 0
L 20.24085 17.1660785 20.24085 17.2340785 3 P 0
L 20.24085 17.1660785 20.36285 17.1660785 3 P 0
L 20.24085 17.2340785 20.36285 17.2340785 3 P 0
L 20.32785 15.2360785 20.32785 15.3040785 2 P 0
L 20.32785 17.4260785 20.32785 17.4940785 2 P 0
L 20.33785 17.1660785 20.33785 17.2340785 2 P 0
L 20.34785 15.5590785 20.34785 15.6810785 3 P 0
L 20.34785 15.5590785 20.41585 15.5590785 3 P 0
L 20.34785 15.5840785 20.41585 15.5840785 2 P 0
L 20.34785 15.6810785 20.41585 15.6810785 3 P 0
L 20.35285 15.2360785 20.35285 15.3040785 3 P 0
L 20.35285 15.2490785 20.35785 15.2490785 2 P 0
L 20.35285 15.2910785 20.35785 15.2910785 2 P 0
L 20.35285 17.4260785 20.35285 17.4940785 3 P 0
L 20.35285 17.4390785 20.35785 17.4390785 2 P 0
L 20.35285 17.4810785 20.35785 17.4810785 2 P 0
L 20.35785 15.2490785 20.35785 15.2910785 2 P 0
L 20.35785 17.4390785 20.35785 17.4810785 2 P 0
L 20.36085 15.5540785 20.36085 15.5590785 2 P 0
L 20.36085 15.5540785 20.40285 15.5540785 2 P 0
L 20.36085 15.6810785 20.36085 15.6860785 2 P 0
L 20.36085 15.6860785 20.40285 15.6860785 2 P 0
L 20.36285 17.1660785 20.36285 17.2340785 3 P 0
L 20.36285 17.1790785 20.36785 17.1790785 2 P 0
L 20.36285 17.2210785 20.36785 17.2210785 2 P 0
L 20.36785 17.1790785 20.36785 17.2210785 2 P 0
L 20.3823225 16.3243304 20.3823225 16.4043304 3 P 0
L 20.3823225 16.3243304 20.4323225 16.3243304 3 P 0
L 20.3823225 16.3403304 20.4323225 16.3403304 4 P 0
L 20.3823225 16.3883304 20.4323225 16.3883304 4 P 0
L 20.3823225 16.4043304 20.4323225 16.4043304 3 P 0
L 20.39585 15.3200785 20.42585 15.3200785 1 P 0
L 20.39585 17.5100785 20.42585 17.5100785 1 P 0
L 20.40285 15.5540785 20.40285 15.5590785 2 P 0
L 20.40285 15.6810785 20.40285 15.6860785 2 P 0
L 20.40585 17.2500785 20.43585 17.2500785 1 P 0
L 20.4073225 17.4643304 20.4073225 17.5443304 3 P 0
L 20.4073225 17.4643304 20.4573225 17.4643304 3 P 0
L 20.4073225 17.4803304 20.4573225 17.4803304 4 P 0
L 20.4073225 17.5283304 20.4573225 17.5283304 4 P 0
L 20.4073225 17.5443304 20.4573225 17.5443304 3 P 0
L 20.41085 15.3050785 20.41085 15.3350785 1 P 0
L 20.41085 17.4950785 20.41085 17.5250785 1 P 0
L 20.41585 15.5590785 20.41585 15.6810785 3 P 0
L 20.41685 15.5010785 20.44685 15.5010785 1 P 0
L 20.42085 17.2350785 20.42085 17.2650785 1 P 0
L 20.42685 17.1110785 20.42685 17.1910785 3 P 0
L 20.42685 17.1110785 20.47685 17.1110785 3 P 0
L 20.42685 17.1270785 20.47685 17.1270785 4 P 0
L 20.42685 17.1750785 20.47685 17.1750785 4 P 0
L 20.42685 17.1910785 20.47685 17.1910785 3 P 0
L 20.4273225 15.2143304 20.4273225 15.2943304 3 P 0
L 20.4273225 15.2143304 20.4773225 15.2143304 3 P 0
L 20.4273225 15.2303304 20.4773225 15.2303304 4 P 0
L 20.4273225 15.2783304 20.4773225 15.2783304 4 P 0
L 20.4273225 15.2943304 20.4773225 15.2943304 3 P 0
L 20.4273225 15.5643304 20.4273225 15.6443304 3 P 0
L 20.4273225 15.5643304 20.4773225 15.5643304 3 P 0
L 20.4273225 15.5803304 20.4773225 15.5803304 4 P 0
L 20.4273225 15.6283304 20.4773225 15.6283304 4 P 0
L 20.4273225 15.6443304 20.4773225 15.6443304 3 P 0
L 20.43185 15.4860785 20.43185 15.5160785 1 P 0
L 20.4323225 16.3243304 20.4323225 16.4043304 3 P 0
L 20.4573225 17.4643304 20.4573225 17.5443304 3 P 0
L 20.47685 17.1110785 20.47685 17.1910785 3 P 0
L 20.4773225 15.2143304 20.4773225 15.2943304 3 P 0
L 20.4773225 15.5643304 20.4773225 15.6443304 3 P 0
L 20.5273225 15.2143304 20.5273225 15.2943304 3 P 0
L 20.5273225 15.2143304 20.5773225 15.2143304 3 P 0
L 20.5273225 15.2303304 20.5773225 15.2303304 4 P 0
L 20.5273225 15.2783304 20.5773225 15.2783304 4 P 0
L 20.5273225 15.2943304 20.5773225 15.2943304 3 P 0
L 20.5773225 15.2143304 20.5773225 15.2943304 3 P 0
L 20.5773225 17.4643304 20.5773225 17.5443304 3 P 0
L 20.5773225 17.4643304 20.6273225 17.4643304 3 P 0
L 20.5773225 17.4803304 20.6273225 17.4803304 4 P 0
L 20.5773225 17.5283304 20.6273225 17.5283304 4 P 0
L 20.5773225 17.5443304 20.6273225 17.5443304 3 P 0
L 20.6273225 17.4643304 20.6273225 17.5443304 3 P 0
L 21.0723225 17.0693304 21.0723225 17.1193304 3 P 0
L 21.0723225 17.0693304 21.1523225 17.0693304 3 P 0
L 21.0723225 17.1193304 21.1523225 17.1193304 3 P 0
L 21.0883225 17.0693304 21.0883225 17.1193304 4 P 0
L 21.1323225 15.6493304 21.1323225 15.6993304 3 P 0
L 21.1323225 15.6493304 21.2123225 15.6493304 3 P 0
L 21.1323225 15.6993304 21.2123225 15.6993304 3 P 0
L 21.1363225 17.0693304 21.1363225 17.1193304 4 P 0
L 21.1483225 15.6493304 21.1483225 15.6993304 4 P 0
L 21.1523225 17.0693304 21.1523225 17.1193304 3 P 0
L 21.1963225 15.6493304 21.1963225 15.6993304 4 P 0
L 21.2123225 15.6493304 21.2123225 15.6993304 3 P 0
L 21.6773225 17.4643304 21.6773225 17.5443304 3 P 0
L 21.6773225 17.4643304 21.7273225 17.4643304 3 P 0
L 21.6773225 17.4803304 21.7273225 17.4803304 4 P 0
L 21.6773225 17.5283304 21.7273225 17.5283304 4 P 0
L 21.6773225 17.5443304 21.7273225 17.5443304 3 P 0
L 21.7273225 15.2143304 21.7273225 15.2943304 3 P 0
L 21.7273225 15.2143304 21.7773225 15.2143304 3 P 0
L 21.7273225 15.2303304 21.7773225 15.2303304 4 P 0
L 21.7273225 15.2783304 21.7773225 15.2783304 4 P 0
L 21.7273225 15.2943304 21.7773225 15.2943304 3 P 0
L 21.7273225 17.4643304 21.7273225 17.5443304 3 P 0
L 21.7773225 15.2143304 21.7773225 15.2943304 3 P 0
L 21.8273225 15.2143304 21.8273225 15.2943304 3 P 0
L 21.8273225 15.2143304 21.8773225 15.2143304 3 P 0
L 21.8273225 15.2303304 21.8773225 15.2303304 4 P 0
L 21.8273225 15.2783304 21.8773225 15.2783304 4 P 0
L 21.8273225 15.2943304 21.8773225 15.2943304 3 P 0
L 21.8273225 15.5643304 21.8273225 15.6443304 3 P 0
L 21.8273225 15.5643304 21.8773225 15.5643304 3 P 0
L 21.8273225 15.5803304 21.8773225 15.5803304 4 P 0
L 21.8273225 15.6283304 21.8773225 15.6283304 4 P 0
L 21.8273225 15.6443304 21.8773225 15.6443304 3 P 0
L 21.8273225 17.1143304 21.8273225 17.1943304 3 P 0
L 21.8273225 17.1143304 21.8773225 17.1143304 3 P 0
L 21.8273225 17.1303304 21.8773225 17.1303304 4 P 0
L 21.8273225 17.1783304 21.8773225 17.1783304 4 P 0
L 21.8273225 17.1943304 21.8773225 17.1943304 3 P 0
L 21.8473225 16.3343304 21.8473225 16.4143304 3 P 0
L 21.8473225 16.3343304 21.8973225 16.3343304 3 P 0
L 21.8473225 16.3503304 21.8973225 16.3503304 4 P 0
L 21.8473225 16.3983304 21.8973225 16.3983304 4 P 0
L 21.8473225 16.4143304 21.8973225 16.4143304 3 P 0
L 21.86785 15.2500785 21.89785 15.2500785 1 P 0
L 21.86785 15.5100785 21.89785 15.5100785 1 P 0
L 21.86785 17.1500785 21.89785 17.1500785 1 P 0
L 21.8773225 15.2143304 21.8773225 15.2943304 3 P 0
L 21.8773225 15.5643304 21.8773225 15.6443304 3 P 0
L 21.8773225 17.1143304 21.8773225 17.1943304 3 P 0
L 21.88085 17.4640785 21.88085 17.5440785 3 P 0
L 21.88085 17.4640785 21.93085 17.4640785 3 P 0
L 21.88085 17.4800785 21.93085 17.4800785 4 P 0
L 21.88085 17.5280785 21.93085 17.5280785 4 P 0
L 21.88085 17.5440785 21.93085 17.5440785 3 P 0
L 21.88285 15.2350785 21.88285 15.2650785 1 P 0
L 21.88285 15.4950785 21.88285 15.5250785 1 P 0
L 21.88285 17.1350785 21.88285 17.1650785 1 P 0
L 21.8973225 16.3343304 21.8973225 16.4143304 3 P 0
L 21.91785 17.4100785 21.94785 17.4100785 1 P 0
L 21.93085 17.4640785 21.93085 17.5440785 3 P 0
L 21.93285 17.3950785 21.93285 17.4250785 1 P 0
L 21.93585 15.2790785 21.93585 15.3210785 2 P 0
L 21.93585 15.2790785 21.94085 15.2790785 2 P 0
L 21.93585 15.3210785 21.94085 15.3210785 2 P 0
L 21.93585 15.5390785 21.93585 15.5810785 2 P 0
L 21.93585 15.5390785 21.94085 15.5390785 2 P 0
L 21.93585 15.5810785 21.94085 15.5810785 2 P 0
L 21.93585 17.1790785 21.93585 17.2210785 2 P 0
L 21.93585 17.1790785 21.94085 17.1790785 2 P 0
L 21.93585 17.2210785 21.94085 17.2210785 2 P 0
L 21.94085 15.2660785 21.94085 15.3340785 3 P 0
L 21.94085 15.2660785 22.06285 15.2660785 3 P 0
L 21.94085 15.3340785 22.06285 15.3340785 3 P 0
L 21.94085 15.5260785 21.94085 15.5940785 3 P 0
L 21.94085 15.5260785 22.06285 15.5260785 3 P 0
L 21.94085 15.5940785 22.06285 15.5940785 3 P 0
L 21.94085 17.1660785 21.94085 17.2340785 3 P 0
L 21.94085 17.1660785 22.06285 17.1660785 3 P 0
L 21.94085 17.2340785 22.06285 17.2340785 3 P 0
L 21.96585 15.2660785 21.96585 15.3340785 2 P 0
L 21.96585 15.5260785 21.96585 15.5940785 2 P 0
L 21.96585 17.1660785 21.96585 17.2340785 2 P 0
L 21.98585 17.4390785 21.98585 17.4810785 2 P 0
L 21.98585 17.4390785 21.99085 17.4390785 2 P 0
L 21.98585 17.4810785 21.99085 17.4810785 2 P 0
L 21.99085 17.4260785 21.99085 17.4940785 3 P 0
L 21.99085 17.4260785 22.11285 17.4260785 3 P 0
L 21.99085 17.4940785 22.11285 17.4940785 3 P 0
L 22.01585 17.4260785 22.01585 17.4940785 2 P 0
L 22.06285 15.2660785 22.06285 15.3340785 3 P 0
L 22.06285 15.2790785 22.06785 15.2790785 2 P 0
L 22.06285 15.3210785 22.06785 15.3210785 2 P 0
L 22.06285 15.5260785 22.06285 15.5940785 3 P 0
L 22.06285 15.5390785 22.06785 15.5390785 2 P 0
L 22.06285 15.5810785 22.06785 15.5810785 2 P 0
L 22.06285 17.1660785 22.06285 17.2340785 3 P 0
L 22.06285 17.1790785 22.06785 17.1790785 2 P 0
L 22.06285 17.2210785 22.06785 17.2210785 2 P 0
L 22.06785 15.2790785 22.06785 15.3210785 2 P 0
L 22.06785 15.5390785 22.06785 15.5810785 2 P 0
L 22.06785 17.1790785 22.06785 17.2210785 2 P 0
L 22.11285 17.4260785 22.11285 17.4940785 3 P 0
L 22.11285 17.4390785 22.11785 17.4390785 2 P 0
L 22.11285 17.4810785 22.11785 17.4810785 2 P 0
L 22.11785 17.4390785 22.11785 17.4810785 2 P 0
P 20.3399748 17.4600584 5 P 0 0
P 20.3402474 15.2700814 5 P 0 0
P 20.3502392 17.2001026 5 P 0 0
P 20.3819586 15.5716882 7 P 0 0
P 21.95337 17.200001 6 P 0 0
P 21.9533876 15.3000728 6 P 0 0
P 21.9534186 15.5600486 6 P 0 0
P 22.0033868 17.4600614 6 P 0 0
