#Layer_Color=32768
#
#Feature symbol names
#
$0 r8
$1 r7
$2 r4
$3 r6
$4 r2
$5 rect68x25
$6 rect118x35
$7 rect25x68

#
#Feature attribute names
#

#
#Layer features
#
A 6.507 4.921 6.507 4.921 6.501 4.921 0 P 0 N
A 6.666 5.048 6.666 5.048 6.66 5.048 0 P 0 N
A 6.757 4.307 6.757 4.307 6.751 4.307 0 P 0 N
A 7.628 5.3 7.628 5.3 7.622 5.3 0 P 0 N
A 7.633 5.607 7.633 5.607 7.627 5.607 0 P 0 N
A 7.634 5.01 7.634 5.01 7.628 5.01 0 P 0 N
A 7.81 4.307 7.81 4.307 7.804 4.307 0 P 0 N
L 0.44 0.995 0.44 1.045 3 P 0
L 0.44 0.995 0.52 0.995 3 P 0
L 0.44 1.045 0.52 1.045 3 P 0
L 0.456 0.995 0.456 1.045 4 P 0
L 0.504 0.995 0.504 1.045 4 P 0
L 0.52 0.995 0.52 1.045 3 P 0
L 0.5248488 5.7211634 0.5248488 5.8011634 3 P 0
L 0.5248488 5.7211634 0.5748488 5.7211634 3 P 0
L 0.5248488 5.7371634 0.5748488 5.7371634 4 P 0
L 0.5248488 5.7851634 0.5748488 5.7851634 4 P 0
L 0.5248488 5.8011634 0.5748488 5.8011634 3 P 0
L 0.5748488 5.7211634 0.5748488 5.8011634 3 P 0
L 0.5898488 5.8061634 0.6198488 5.8061634 3 P 0
L 0.6048488 5.7011634 0.6048488 5.7311634 3 P 0
L 0.6048488 5.7911634 0.6048488 5.8211634 3 P 0
L 0.64 5.115 0.64 5.165 3 P 0
L 0.64 5.115 0.72 5.115 3 P 0
L 0.64 5.165 0.72 5.165 3 P 0
L 0.6448488 5.7211634 0.6448488 5.8011634 3 P 0
L 0.6448488 5.7211634 0.6948488 5.7211634 3 P 0
L 0.6448488 5.7371634 0.6948488 5.7371634 4 P 0
L 0.6448488 5.7851634 0.6948488 5.7851634 4 P 0
L 0.6448488 5.8011634 0.6948488 5.8011634 3 P 0
L 0.656 5.115 0.656 5.165 4 P 0
L 0.66 4.235 0.66 4.285 3 P 0
L 0.66 4.235 0.74 4.235 3 P 0
L 0.66 4.285 0.74 4.285 3 P 0
L 0.66 4.475 0.66 4.525 3 P 0
L 0.66 4.475 0.74 4.475 3 P 0
L 0.66 4.525 0.74 4.525 3 P 0
L 0.66 4.695 0.66 4.745 3 P 0
L 0.66 4.695 0.74 4.695 3 P 0
L 0.66 4.745 0.74 4.745 3 P 0
L 0.66 4.935 0.66 4.985 3 P 0
L 0.66 4.935 0.74 4.935 3 P 0
L 0.66 4.985 0.74 4.985 3 P 0
L 0.66 5.315 0.66 5.365 3 P 0
L 0.66 5.315 0.74 5.315 3 P 0
L 0.66 5.365 0.74 5.365 3 P 0
L 0.676 4.235 0.676 4.285 4 P 0
L 0.676 4.475 0.676 4.525 4 P 0
L 0.676 4.695 0.676 4.745 4 P 0
L 0.676 4.935 0.676 4.985 4 P 0
L 0.676 5.315 0.676 5.365 4 P 0
L 0.6948488 5.7211634 0.6948488 5.8011634 3 P 0
L 0.704 5.115 0.704 5.165 4 P 0
L 0.7098488 5.8061634 0.7398488 5.8061634 3 P 0
L 0.72 5.115 0.72 5.165 3 P 0
L 0.724 4.235 0.724 4.285 4 P 0
L 0.724 4.475 0.724 4.525 4 P 0
L 0.724 4.695 0.724 4.745 4 P 0
L 0.724 4.935 0.724 4.985 4 P 0
L 0.724 5.315 0.724 5.365 4 P 0
L 0.7248488 5.7011634 0.7248488 5.7311634 3 P 0
L 0.7248488 5.7911634 0.7248488 5.8211634 3 P 0
L 0.74 4.235 0.74 4.285 3 P 0
L 0.74 4.475 0.74 4.525 3 P 0
L 0.74 4.695 0.74 4.745 3 P 0
L 0.74 4.935 0.74 4.985 3 P 0
L 0.74 5.315 0.74 5.365 3 P 0
L 0.7648488 5.7211634 0.7648488 5.8011634 3 P 0
L 0.7648488 5.7211634 0.8148488 5.7211634 3 P 0
L 0.7648488 5.7371634 0.8148488 5.7371634 4 P 0
L 0.7648488 5.7851634 0.8148488 5.7851634 4 P 0
L 0.7648488 5.8011634 0.8148488 5.8011634 3 P 0
L 0.8148488 5.7211634 0.8148488 5.8011634 3 P 0
L 0.8298488 5.8061634 0.8598488 5.8061634 3 P 0
L 0.8448488 5.7011634 0.8448488 5.7311634 3 P 0
L 0.8448488 5.7911634 0.8448488 5.8211634 3 P 0
L 0.8848488 5.7211634 0.8848488 5.8011634 3 P 0
L 0.8848488 5.7211634 0.9348488 5.7211634 3 P 0
L 0.8848488 5.7371634 0.9348488 5.7371634 4 P 0
L 0.8848488 5.7851634 0.9348488 5.7851634 4 P 0
L 0.8848488 5.8011634 0.9348488 5.8011634 3 P 0
L 0.9348488 5.7211634 0.9348488 5.8011634 3 P 0
L 0.9498488 5.8061634 0.9798488 5.8061634 3 P 0
L 0.9648488 5.7011634 0.9648488 5.7311634 3 P 0
L 0.9648488 5.7911634 0.9648488 5.8211634 3 P 0
L 1.0048488 5.7211634 1.0048488 5.8011634 3 P 0
L 1.0048488 5.7211634 1.0548488 5.7211634 3 P 0
L 1.0048488 5.7371634 1.0548488 5.7371634 4 P 0
L 1.0048488 5.7851634 1.0548488 5.7851634 4 P 0
L 1.0048488 5.8011634 1.0548488 5.8011634 3 P 0
L 1.0548488 5.7211634 1.0548488 5.8011634 3 P 0
L 1.0698488 5.8061634 1.0998488 5.8061634 3 P 0
L 1.0848488 5.7011634 1.0848488 5.7311634 3 P 0
L 1.0848488 5.7911634 1.0848488 5.8211634 3 P 0
L 1.1248488 5.7211634 1.1248488 5.8011634 3 P 0
L 1.1248488 5.7211634 1.1748488 5.7211634 3 P 0
L 1.1248488 5.7371634 1.1748488 5.7371634 4 P 0
L 1.1248488 5.7851634 1.1748488 5.7851634 4 P 0
L 1.1248488 5.8011634 1.1748488 5.8011634 3 P 0
L 1.1748488 5.7211634 1.1748488 5.8011634 3 P 0
L 1.1898488 5.8061634 1.2198488 5.8061634 3 P 0
L 1.2048488 5.7011634 1.2048488 5.7311634 3 P 0
L 1.2048488 5.7911634 1.2048488 5.8211634 3 P 0
L 6.182 4.838 6.212 4.838 1 P 0
L 6.197 4.823 6.197 4.853 1 P 0
L 6.25 4.767 6.25 4.809 2 P 0
L 6.25 4.767 6.255 4.767 2 P 0
L 6.25 4.809 6.255 4.809 2 P 0
L 6.255 4.754 6.255 4.822 3 P 0
L 6.255 4.754 6.377 4.754 3 P 0
L 6.255 4.822 6.377 4.822 3 P 0
L 6.28 4.754 6.28 4.822 2 P 0
L 6.332 4.441 6.332 4.483 2 P 0
L 6.332 4.441 6.337 4.441 2 P 0
L 6.332 4.483 6.337 4.483 2 P 0
L 6.337 4.428 6.337 4.496 3 P 0
L 6.337 4.428 6.459 4.428 3 P 0
L 6.337 4.496 6.459 4.496 3 P 0
L 6.34 5.248 6.37 5.248 1 P 0
L 6.355 5.233 6.355 5.263 1 P 0
L 6.377 4.754 6.377 4.822 3 P 0
L 6.377 4.767 6.382 4.767 2 P 0
L 6.377 4.809 6.382 4.809 2 P 0
L 6.382 4.767 6.382 4.809 2 P 0
L 6.387 5.318 6.387 5.538 2 P 0
L 6.387 5.318 6.391 5.323 4 P 0
L 6.387 5.318 6.513 5.318 2 P 0
L 6.387 5.538 6.391 5.533 4 P 0
L 6.387 5.538 6.513 5.538 2 P 0
L 6.391 5.323 6.391 5.533 4 P 0
L 6.391 5.323 6.509 5.323 4 P 0
L 6.391 5.358 6.509 5.358 4 P 0
L 6.391 5.533 6.509 5.533 4 P 0
L 6.406 5.314 6.406 5.318 2 P 0
L 6.406 5.314 6.434 5.314 2 P 0
L 6.406 5.538 6.406 5.542 2 P 0
L 6.406 5.542 6.494 5.542 2 P 0
L 6.434 4.428 6.434 4.496 2 P 0
L 6.434 5.314 6.434 5.318 2 P 0
L 6.459 4.428 6.459 4.496 3 P 0
L 6.459 4.441 6.464 4.441 2 P 0
L 6.459 4.483 6.464 4.483 2 P 0
L 6.464 4.441 6.464 4.483 2 P 0
L 6.466 5.314 6.466 5.318 2 P 0
L 6.466 5.314 6.494 5.314 2 P 0
L 6.494 5.314 6.494 5.318 2 P 0
L 6.494 5.538 6.494 5.542 2 P 0
L 6.497 4.921 6.505 4.921 0 P 0
L 6.501 4.917 6.501 4.925 0 P 0
L 6.502 4.412 6.532 4.412 1 P 0
L 6.509 5.323 6.509 5.533 4 P 0
L 6.509 5.323 6.513 5.318 4 P 0
L 6.509 5.533 6.513 5.538 4 P 0
L 6.513 5.318 6.513 5.538 2 P 0
L 6.517 4.397 6.517 4.427 1 P 0
L 6.533 4.838 6.533 4.856 4 P 0
L 6.533 4.838 6.555 4.838 4 P 0
L 6.533 4.856 6.555 4.856 4 P 0
L 6.533 4.875 6.533 4.893 4 P 0
L 6.533 4.875 6.555 4.875 4 P 0
L 6.533 4.893 6.555 4.893 4 P 0
L 6.533 4.912 6.533 4.93 4 P 0
L 6.533 4.912 6.555 4.912 4 P 0
L 6.533 4.93 6.555 4.93 4 P 0
L 6.534 5.039 6.534 5.057 4 P 0
L 6.534 5.039 6.556 5.039 4 P 0
L 6.534 5.057 6.556 5.057 4 P 0
L 6.534 5.113 6.534 5.131 4 P 0
L 6.534 5.113 6.556 5.113 4 P 0
L 6.534 5.131 6.556 5.131 4 P 0
L 6.537 4.848 6.537 4.898 3 P 0
L 6.537 4.848 6.617 4.848 3 P 0
L 6.537 4.898 6.617 4.898 3 P 0
L 6.538 5.164 6.538 5.214 3 P 0
L 6.538 5.164 6.618 5.164 3 P 0
L 6.538 5.214 6.618 5.214 3 P 0
L 6.54 4.759 6.54 4.809 3 P 0
L 6.54 4.759 6.62 4.759 3 P 0
L 6.54 4.809 6.62 4.809 3 P 0
L 6.54 4.838 6.54 4.856 4 P 0
L 6.54 4.875 6.54 4.893 4 P 0
L 6.54 4.912 6.54 4.93 4 P 0
L 6.541 5.039 6.541 5.057 4 P 0
L 6.541 5.113 6.541 5.131 4 P 0
L 6.542 5.059 6.542 5.109 3 P 0
L 6.542 5.059 6.622 5.059 3 P 0
L 6.542 5.109 6.622 5.109 3 P 0
L 6.546 4.843 6.546 4.851 4 P 0
L 6.546 4.88 6.546 4.888 4 P 0
L 6.546 4.917 6.546 4.925 4 P 0
L 6.547 5.044 6.547 5.052 4 P 0
L 6.547 5.118 6.547 5.126 4 P 0
L 6.553 4.848 6.553 4.898 4 P 0
L 6.554 5.164 6.554 5.214 4 P 0
L 6.555 4.827 6.555 4.941 3 P 0
L 6.555 4.827 6.605 4.827 3 P 0
L 6.555 4.941 6.605 4.941 3 P 0
L 6.556 4.759 6.556 4.809 4 P 0
L 6.556 5.028 6.556 5.142 3 P 0
L 6.556 5.028 6.606 5.028 3 P 0
L 6.556 5.142 6.606 5.142 3 P 0
L 6.558 5.059 6.558 5.109 4 P 0
L 6.601 4.848 6.601 4.898 4 P 0
L 6.602 5.164 6.602 5.214 4 P 0
L 6.604 4.759 6.604 4.809 4 P 0
L 6.605 4.827 6.605 4.941 3 P 0
L 6.605 4.838 6.627 4.838 4 P 0
L 6.605 4.856 6.627 4.856 4 P 0
L 6.605 4.912 6.627 4.912 4 P 0
L 6.605 4.93 6.627 4.93 4 P 0
L 6.606 5.028 6.606 5.142 3 P 0
L 6.606 5.039 6.628 5.039 4 P 0
L 6.606 5.057 6.628 5.057 4 P 0
L 6.606 5.059 6.606 5.109 4 P 0
L 6.606 5.076 6.628 5.076 4 P 0
L 6.606 5.094 6.628 5.094 4 P 0
L 6.606 5.113 6.628 5.113 4 P 0
L 6.606 5.131 6.628 5.131 4 P 0
L 6.614 4.843 6.614 4.851 4 P 0
L 6.614 4.917 6.614 4.925 4 P 0
L 6.615 5.044 6.615 5.052 4 P 0
L 6.615 5.081 6.615 5.089 4 P 0
L 6.615 5.118 6.615 5.126 4 P 0
L 6.617 4.848 6.617 4.898 3 P 0
L 6.618 5.164 6.618 5.214 3 P 0
L 6.62 4.759 6.62 4.809 3 P 0
L 6.62 4.838 6.62 4.856 4 P 0
L 6.62 4.912 6.62 4.93 4 P 0
L 6.621 5.039 6.621 5.057 4 P 0
L 6.621 5.076 6.621 5.094 4 P 0
L 6.621 5.113 6.621 5.131 4 P 0
L 6.622 5.059 6.622 5.109 3 P 0
L 6.625 4.298 6.625 4.316 4 P 0
L 6.625 4.298 6.647 4.298 4 P 0
L 6.625 4.316 6.647 4.316 4 P 0
L 6.625 4.372 6.625 4.39 4 P 0
L 6.625 4.372 6.647 4.372 4 P 0
L 6.625 4.39 6.647 4.39 4 P 0
L 6.627 4.838 6.627 4.856 4 P 0
L 6.627 4.912 6.627 4.93 4 P 0
L 6.628 5.039 6.628 5.057 4 P 0
L 6.628 5.076 6.628 5.094 4 P 0
L 6.628 5.113 6.628 5.131 4 P 0
L 6.631 4.305 6.631 4.355 3 P 0
L 6.631 4.305 6.711 4.305 3 P 0
L 6.631 4.355 6.711 4.355 3 P 0
L 6.632 4.298 6.632 4.316 4 P 0
L 6.632 4.372 6.632 4.39 4 P 0
L 6.633 4.437 6.633 4.487 3 P 0
L 6.633 4.437 6.713 4.437 3 P 0
L 6.633 4.487 6.713 4.487 3 P 0
L 6.638 4.303 6.638 4.311 4 P 0
L 6.638 4.377 6.638 4.385 4 P 0
L 6.647 4.287 6.647 4.401 3 P 0
L 6.647 4.287 6.697 4.287 3 P 0
L 6.647 4.305 6.647 4.355 4 P 0
L 6.647 4.401 6.697 4.401 3 P 0
L 6.649 4.437 6.649 4.487 4 P 0
L 6.656 5.048 6.664 5.048 0 P 0
L 6.66 5.044 6.66 5.052 0 P 0
L 6.695 4.305 6.695 4.355 4 P 0
L 6.697 4.287 6.697 4.401 3 P 0
L 6.697 4.298 6.719 4.298 4 P 0
L 6.697 4.316 6.719 4.316 4 P 0
L 6.697 4.335 6.719 4.335 4 P 0
L 6.697 4.353 6.719 4.353 4 P 0
L 6.697 4.372 6.719 4.372 4 P 0
L 6.697 4.39 6.719 4.39 4 P 0
L 6.697 4.437 6.697 4.487 4 P 0
L 6.706 4.303 6.706 4.311 4 P 0
L 6.706 4.34 6.706 4.348 4 P 0
L 6.706 4.377 6.706 4.385 4 P 0
L 6.711 4.305 6.711 4.355 3 P 0
L 6.712 4.298 6.712 4.316 4 P 0
L 6.712 4.335 6.712 4.353 4 P 0
L 6.712 4.372 6.712 4.39 4 P 0
L 6.713 4.437 6.713 4.487 3 P 0
L 6.719 4.298 6.719 4.316 4 P 0
L 6.719 4.335 6.719 4.353 4 P 0
L 6.719 4.372 6.719 4.39 4 P 0
L 6.747 4.307 6.755 4.307 0 P 0
L 6.751 4.303 6.751 4.311 0 P 0
L 7.618 5.3 7.626 5.3 0 P 0
L 7.622 5.296 7.622 5.304 0 P 0
L 7.623 5.607 7.631 5.607 0 P 0
L 7.624 5.01 7.632 5.01 0 P 0
L 7.627 5.603 7.627 5.611 0 P 0
L 7.628 5.006 7.628 5.014 0 P 0
L 7.654 5.217 7.654 5.235 4 P 0
L 7.654 5.217 7.676 5.217 4 P 0
L 7.654 5.235 7.676 5.235 4 P 0
L 7.654 5.254 7.654 5.272 4 P 0
L 7.654 5.254 7.676 5.254 4 P 0
L 7.654 5.272 7.676 5.272 4 P 0
L 7.654 5.291 7.654 5.309 4 P 0
L 7.654 5.291 7.676 5.291 4 P 0
L 7.654 5.309 7.676 5.309 4 P 0
L 7.659 5.137 7.659 5.187 3 P 0
L 7.659 5.137 7.739 5.137 3 P 0
L 7.659 5.187 7.739 5.187 3 P 0
L 7.659 5.524 7.659 5.542 4 P 0
L 7.659 5.524 7.681 5.524 4 P 0
L 7.659 5.542 7.681 5.542 4 P 0
L 7.659 5.561 7.659 5.579 4 P 0
L 7.659 5.561 7.681 5.561 4 P 0
L 7.659 5.579 7.681 5.579 4 P 0
L 7.659 5.598 7.659 5.616 4 P 0
L 7.659 5.598 7.681 5.598 4 P 0
L 7.659 5.616 7.681 5.616 4 P 0
L 7.66 4.927 7.66 4.945 4 P 0
L 7.66 4.927 7.682 4.927 4 P 0
L 7.66 4.945 7.682 4.945 4 P 0
L 7.66 4.964 7.66 4.982 4 P 0
L 7.66 4.964 7.682 4.964 4 P 0
L 7.66 4.982 7.682 4.982 4 P 0
L 7.66 5.001 7.66 5.019 4 P 0
L 7.66 5.001 7.682 5.001 4 P 0
L 7.66 5.019 7.682 5.019 4 P 0
L 7.66 5.227 7.66 5.277 3 P 0
L 7.66 5.227 7.74 5.227 3 P 0
L 7.66 5.277 7.74 5.277 3 P 0
L 7.661 5.217 7.661 5.235 4 P 0
L 7.661 5.254 7.661 5.272 4 P 0
L 7.661 5.291 7.661 5.309 4 P 0
L 7.663 4.931 7.663 4.981 3 P 0
L 7.663 4.931 7.743 4.931 3 P 0
L 7.663 4.981 7.743 4.981 3 P 0
L 7.664 5.438 7.664 5.488 3 P 0
L 7.664 5.438 7.744 5.438 3 P 0
L 7.664 5.488 7.744 5.488 3 P 0
L 7.665 5.54 7.665 5.59 3 P 0
L 7.665 5.54 7.745 5.54 3 P 0
L 7.665 5.59 7.745 5.59 3 P 0
L 7.666 4.846 7.666 4.896 3 P 0
L 7.666 4.846 7.746 4.846 3 P 0
L 7.666 4.896 7.746 4.896 3 P 0
L 7.666 5.524 7.666 5.542 4 P 0
L 7.666 5.561 7.666 5.579 4 P 0
L 7.666 5.598 7.666 5.616 4 P 0
L 7.667 4.927 7.667 4.945 4 P 0
L 7.667 4.964 7.667 4.982 4 P 0
L 7.667 5.001 7.667 5.019 4 P 0
L 7.667 5.222 7.667 5.23 4 P 0
L 7.667 5.259 7.667 5.267 4 P 0
L 7.667 5.296 7.667 5.304 4 P 0
L 7.672 5.529 7.672 5.537 4 P 0
L 7.672 5.566 7.672 5.574 4 P 0
L 7.672 5.603 7.672 5.611 4 P 0
L 7.673 4.932 7.673 4.94 4 P 0
L 7.673 4.969 7.673 4.977 4 P 0
L 7.673 5.006 7.673 5.014 4 P 0
L 7.675 5.137 7.675 5.187 4 P 0
L 7.676 5.206 7.676 5.32 3 P 0
L 7.676 5.206 7.726 5.206 3 P 0
L 7.676 5.227 7.676 5.277 4 P 0
L 7.676 5.32 7.726 5.32 3 P 0
L 7.678 4.298 7.678 4.316 4 P 0
L 7.678 4.298 7.7 4.298 4 P 0
L 7.678 4.316 7.7 4.316 4 P 0
L 7.678 4.372 7.678 4.39 4 P 0
L 7.678 4.372 7.7 4.372 4 P 0
L 7.678 4.39 7.7 4.39 4 P 0
L 7.679 4.931 7.679 4.981 4 P 0
L 7.68 5.438 7.68 5.488 4 P 0
L 7.681 5.513 7.681 5.627 3 P 0
L 7.681 5.513 7.731 5.513 3 P 0
L 7.681 5.54 7.681 5.59 4 P 0
L 7.681 5.627 7.731 5.627 3 P 0
L 7.682 4.846 7.682 4.896 4 P 0
L 7.682 4.916 7.682 5.03 3 P 0
L 7.682 4.916 7.732 4.916 3 P 0
L 7.682 5.03 7.732 5.03 3 P 0
L 7.684 4.436 7.684 4.486 3 P 0
L 7.684 4.436 7.764 4.436 3 P 0
L 7.684 4.486 7.764 4.486 3 P 0
L 7.685 4.298 7.685 4.316 4 P 0
L 7.685 4.319 7.685 4.369 3 P 0
L 7.685 4.319 7.765 4.319 3 P 0
L 7.685 4.369 7.765 4.369 3 P 0
L 7.685 4.372 7.685 4.39 4 P 0
L 7.691 4.303 7.691 4.311 4 P 0
L 7.691 4.377 7.691 4.385 4 P 0
L 7.7 4.287 7.7 4.401 3 P 0
L 7.7 4.287 7.75 4.287 3 P 0
L 7.7 4.401 7.75 4.401 3 P 0
L 7.7 4.436 7.7 4.486 4 P 0
L 7.701 4.319 7.701 4.369 4 P 0
L 7.723 5.137 7.723 5.187 4 P 0
L 7.724 5.227 7.724 5.277 4 P 0
L 7.726 5.206 7.726 5.32 3 P 0
L 7.726 5.217 7.748 5.217 4 P 0
L 7.726 5.235 7.748 5.235 4 P 0
L 7.726 5.291 7.748 5.291 4 P 0
L 7.726 5.309 7.748 5.309 4 P 0
L 7.727 4.931 7.727 4.981 4 P 0
L 7.728 5.438 7.728 5.488 4 P 0
L 7.729 5.54 7.729 5.59 4 P 0
L 7.73 4.846 7.73 4.896 4 P 0
L 7.731 5.513 7.731 5.627 3 P 0
L 7.731 5.524 7.753 5.524 4 P 0
L 7.731 5.542 7.753 5.542 4 P 0
L 7.731 5.598 7.753 5.598 4 P 0
L 7.731 5.616 7.753 5.616 4 P 0
L 7.732 4.916 7.732 5.03 3 P 0
L 7.732 4.927 7.754 4.927 4 P 0
L 7.732 4.945 7.754 4.945 4 P 0
L 7.732 5.001 7.754 5.001 4 P 0
L 7.732 5.019 7.754 5.019 4 P 0
L 7.735 5.222 7.735 5.23 4 P 0
L 7.735 5.296 7.735 5.304 4 P 0
L 7.739 5.137 7.739 5.187 3 P 0
L 7.74 5.227 7.74 5.277 3 P 0
L 7.74 5.529 7.74 5.537 4 P 0
L 7.74 5.603 7.74 5.611 4 P 0
L 7.741 4.932 7.741 4.94 4 P 0
L 7.741 5.006 7.741 5.014 4 P 0
L 7.741 5.217 7.741 5.235 4 P 0
L 7.741 5.291 7.741 5.309 4 P 0
L 7.743 4.931 7.743 4.981 3 P 0
L 7.744 5.438 7.744 5.488 3 P 0
L 7.745 5.54 7.745 5.59 3 P 0
L 7.746 4.846 7.746 4.896 3 P 0
L 7.746 5.524 7.746 5.542 4 P 0
L 7.746 5.598 7.746 5.616 4 P 0
L 7.747 4.927 7.747 4.945 4 P 0
L 7.747 5.001 7.747 5.019 4 P 0
L 7.748 4.436 7.748 4.486 4 P 0
L 7.748 5.217 7.748 5.235 4 P 0
L 7.748 5.291 7.748 5.309 4 P 0
L 7.749 4.319 7.749 4.369 4 P 0
L 7.75 4.287 7.75 4.401 3 P 0
L 7.75 4.298 7.772 4.298 4 P 0
L 7.75 4.316 7.772 4.316 4 P 0
L 7.75 4.335 7.772 4.335 4 P 0
L 7.75 4.353 7.772 4.353 4 P 0
L 7.75 4.372 7.772 4.372 4 P 0
L 7.75 4.39 7.772 4.39 4 P 0
L 7.753 5.524 7.753 5.542 4 P 0
L 7.753 5.598 7.753 5.616 4 P 0
L 7.754 4.927 7.754 4.945 4 P 0
L 7.754 5.001 7.754 5.019 4 P 0
L 7.759 4.303 7.759 4.311 4 P 0
L 7.759 4.34 7.759 4.348 4 P 0
L 7.759 4.377 7.759 4.385 4 P 0
L 7.764 4.436 7.764 4.486 3 P 0
L 7.765 4.298 7.765 4.316 4 P 0
L 7.765 4.319 7.765 4.369 3 P 0
L 7.765 4.335 7.765 4.353 4 P 0
L 7.765 4.372 7.765 4.39 4 P 0
L 7.772 4.298 7.772 4.316 4 P 0
L 7.772 4.335 7.772 4.353 4 P 0
L 7.772 4.372 7.772 4.39 4 P 0
L 7.8 4.307 7.808 4.307 0 P 0
L 7.804 4.303 7.804 4.311 0 P 0
L 7.889 4.278 7.919 4.278 1 P 0
L 7.89 4.75 7.89 4.872 3 P 0
L 7.89 4.75 7.958 4.75 3 P 0
L 7.89 4.847 7.958 4.847 2 P 0
L 7.89 4.872 7.958 4.872 3 P 0
L 7.891 5.469 7.891 5.689 2 P 0
L 7.891 5.469 7.895 5.474 4 P 0
L 7.891 5.469 8.017 5.469 2 P 0
L 7.891 5.689 7.895 5.684 4 P 0
L 7.891 5.689 8.017 5.689 2 P 0
L 7.895 5.474 7.895 5.684 4 P 0
L 7.895 5.474 8.013 5.474 4 P 0
L 7.895 5.509 8.013 5.509 4 P 0
L 7.895 5.684 8.013 5.684 4 P 0
L 7.903 4.745 7.903 4.75 2 P 0
L 7.903 4.745 7.945 4.745 2 P 0
L 7.903 4.872 7.903 4.877 2 P 0
L 7.903 4.877 7.945 4.877 2 P 0
L 7.904 4.263 7.904 4.293 1 P 0
L 7.91 5.465 7.91 5.469 2 P 0
L 7.91 5.465 7.938 5.465 2 P 0
L 7.91 5.689 7.91 5.693 2 P 0
L 7.91 5.693 7.998 5.693 2 P 0
L 7.917 5.159 7.917 5.281 3 P 0
L 7.917 5.159 7.985 5.159 3 P 0
L 7.917 5.184 7.985 5.184 2 P 0
L 7.917 5.281 7.985 5.281 3 P 0
L 7.92 4.336 7.92 4.458 3 P 0
L 7.92 4.336 7.988 4.336 3 P 0
L 7.92 4.361 7.988 4.361 2 P 0
L 7.92 4.458 7.988 4.458 3 P 0
L 7.93 5.154 7.93 5.159 2 P 0
L 7.93 5.154 7.972 5.154 2 P 0
L 7.93 5.281 7.93 5.286 2 P 0
L 7.93 5.286 7.972 5.286 2 P 0
L 7.933 4.331 7.933 4.336 2 P 0
L 7.933 4.331 7.975 4.331 2 P 0
L 7.933 4.458 7.933 4.463 2 P 0
L 7.933 4.463 7.975 4.463 2 P 0
L 7.938 5.465 7.938 5.469 2 P 0
L 7.945 4.745 7.945 4.75 2 P 0
L 7.945 4.872 7.945 4.877 2 P 0
L 7.958 4.75 7.958 4.872 3 P 0
L 7.959 4.93 7.989 4.93 1 P 0
L 7.97 5.465 7.97 5.469 2 P 0
L 7.97 5.465 7.998 5.465 2 P 0
L 7.972 5.154 7.972 5.159 2 P 0
L 7.972 5.281 7.972 5.286 2 P 0
L 7.974 4.915 7.974 4.945 1 P 0
L 7.975 4.331 7.975 4.336 2 P 0
L 7.975 4.458 7.975 4.463 2 P 0
L 7.985 5.159 7.985 5.281 3 P 0
L 7.986 5.101 8.016 5.101 1 P 0
L 7.988 4.336 7.988 4.458 3 P 0
L 7.998 5.465 7.998 5.469 2 P 0
L 7.998 5.689 7.998 5.693 2 P 0
L 8.001 5.086 8.001 5.116 1 P 0
L 8.013 5.474 8.013 5.684 4 P 0
L 8.013 5.474 8.017 5.469 4 P 0
L 8.013 5.684 8.017 5.689 4 P 0
L 8.017 5.469 8.017 5.689 2 P 0
L 8.034 5.399 8.064 5.399 1 P 0
L 8.049 5.384 8.049 5.414 1 P 0
P 6.2675 4.788 7 P 0 0
P 6.4465 4.462 7 P 0 0
P 6.45 5.3405 6 P 0 0
P 7.924 4.8595 5 P 0 0
P 7.951 5.1714928 5 P 0 0
P 7.954 4.3485 5 P 0 0
P 7.954 5.4915 6 P 0 0
