#Layer_Color=32768
#
#Feature symbol names
#
$0 r3.937

#
#Feature attribute names
#

#
#Layer features
#
L 2.9062363 2.8569291 2.9062363 3.1443309 0 P 0
L 2.9062363 2.8569291 3.3432442 2.8569292 0 P 0
L 2.9062363 3.1443309 3.3432442 3.1443308 0 P 0
L 2.907181 2.1647243 2.907181 2.4521261 0 P 0
L 2.907181 2.1647243 3.3441889 2.1647244 0 P 0
L 2.907181 2.4521261 3.3441889 2.452126 0 P 0
L 3.1050552 3.00063 3.1444253 3.00063 0 P 0
L 3.1059999 2.3084252 3.14537 2.3084252 0 P 0
L 3.1247403 2.980945 3.1247403 3.0203151 0 P 0
L 3.125685 2.2887402 3.125685 2.3281103 0 P 0
L 3.3432442 2.8569292 3.3432442 3.1443308 0 P 0
L 3.3441889 2.1647244 3.3441889 2.452126 0 P 0
L 5.2140629 3.2677638 5.214063 2.8307559 0 P 0
L 5.2140629 3.2677638 5.5014647 3.2677638 0 P 0
L 5.214063 2.8307559 5.5014646 2.8307559 0 P 0
L 5.3380788 3.0492598 5.3774489 3.0492598 0 P 0
L 5.3577638 3.0295748 5.3577638 3.0689449 0 P 0
L 5.5014646 2.8307559 5.5014647 3.2677638 0 P 0
L 5.6078898 1.3936457 5.6078898 1.7243543 0 P 0
L 5.6078898 1.3936457 5.8441102 1.3936457 0 P 0
L 5.6078898 1.7243543 5.8441102 1.7243543 0 P 0
L 5.706315 1.559 5.745685 1.559 0 P 0
L 5.726 1.539315 5.726 1.578685 0 P 0
L 5.8441102 1.3936457 5.8441102 1.7243543 0 P 0
L 5.9619291 3.287874 5.9619292 2.8508661 0 P 0
L 5.9619291 3.287874 6.2493309 3.287874 0 P 0
L 5.9619292 2.8508661 6.2493308 2.8508661 0 P 0
L 6.085945 3.06937 6.1253151 3.06937 0 P 0
L 6.10563 3.049685 6.10563 3.0890551 0 P 0
L 6.2493308 2.8508661 6.2493309 3.287874 0 P 0
L 6.6739842 2.8848662 6.6739842 3.3218741 0 P 0
L 6.6739842 2.8848662 6.9613858 2.8848662 0 P 0
L 6.6739842 3.3218741 6.9613858 3.3218741 0 P 0
L 6.798 3.1033701 6.8373701 3.1033701 0 P 0
L 6.817685 3.0836851 6.817685 3.1230552 0 P 0
L 6.9613858 2.8848662 6.9613858 3.3218741 0 P 0
L 7.435433 0.4944882 7.435433 0.8055118 0 P 0
L 7.435433 0.4944882 7.5771653 0.4944882 0 P 0
L 7.435433 0.8055118 7.5771653 0.8055118 0 P 0
L 7.4380315 0.1323622 7.4380315 0.4276378 0 P 0
L 7.4380315 0.1323622 7.6545669 0.1323622 0 P 0
L 7.4380315 0.4276378 7.6545669 0.4276378 0 P 0
L 7.4866141 0.65 7.5259842 0.65 0 P 0
L 7.5062991 0.630315 7.5062991 0.6696851 0 P 0
L 7.5266142 0.28 7.5659842 0.28 0 P 0
L 7.5462992 0.260315 7.5462992 0.299685 0 P 0
L 7.5771653 0.4944882 7.5771653 0.8055118 0 P 0
L 7.6545669 0.1323622 7.6545669 0.4276378 0 P 0
