#Layer_Color=32768
#
#Feature symbol names
#
$0 r3.937

#
#Feature attribute names
#

#
#Layer features
#
L 20.1063074 14.6601969 20.1063074 14.8531103 0 P 0
L 20.1063074 14.6601969 20.2992208 14.6601969 0 P 0
L 20.1063074 14.8531103 20.2992208 14.8531103 0 P 0
L 20.1830791 14.7566536 20.2224492 14.7566536 0 P 0
L 20.2027641 14.7369685 20.2027641 14.7763386 0 P 0
L 20.2992208 14.6601969 20.2992208 14.8531103 0 P 0
L 20.5605827 12.1259449 20.5605827 12.8109843 0 P 0
L 20.5605827 12.1259449 21.2456221 12.1259449 0 P 0
L 20.5605827 12.8109843 21.2456221 12.8109843 0 P 0
L 20.589756 12.9391181 20.589756 13.895811 0 P 0
L 20.589756 12.9391181 21.5464489 12.9391181 0 P 0
L 20.589756 13.895811 21.5464489 13.895811 0 P 0
L 20.7293782 14.6627166 20.7293782 14.85563 0 P 0
L 20.7293782 14.6627166 20.9222916 14.6627166 0 P 0
L 20.7293782 14.85563 20.9222916 14.85563 0 P 0
L 20.7878977 14.2241733 20.7878977 14.4407087 0 P 0
L 20.7878977 14.2241733 21.0831733 14.2241733 0 P 0
L 20.7878977 14.4407087 21.0831733 14.4407087 0 P 0
L 20.8061499 14.7591733 20.84552 14.7591733 0 P 0
L 20.8258349 14.7394882 20.8258349 14.7788583 0 P 0
L 20.8834174 12.4684646 20.9227874 12.4684646 0 P 0
L 20.9031024 12.4487796 20.9031024 12.4881496 0 P 0
L 20.9158504 14.332441 20.9552205 14.332441 0 P 0
L 20.9222916 14.6627166 20.9222916 14.85563 0 P 0
L 20.9355355 14.312756 20.9355355 14.352126 0 P 0
L 21.0484174 13.4174646 21.0877875 13.4174646 0 P 0
L 21.0681025 13.3977795 21.0681025 13.4371496 0 P 0
L 21.0831733 14.2241733 21.0831733 14.4407087 0 P 0
L 21.2378977 14.2241733 21.2378977 14.4407087 0 P 0
L 21.2378977 14.2241733 21.5331733 14.2241733 0 P 0
L 21.2378977 14.4407087 21.5331733 14.4407087 0 P 0
L 21.2456221 12.1259449 21.2456221 12.8109843 0 P 0
L 21.2797483 12.6623544 21.2797483 12.8985748 0 P 0
L 21.2797483 12.6623544 21.6104569 12.6623544 0 P 0
L 21.2797483 12.8985748 21.6104569 12.8985748 0 P 0
L 21.3658504 14.332441 21.4052205 14.332441 0 P 0
L 21.3855355 14.312756 21.3855355 14.352126 0 P 0
L 21.4094569 14.6601969 21.4094569 14.8531103 0 P 0
L 21.4094569 14.6601969 21.6023703 14.6601969 0 P 0
L 21.4094569 14.8531103 21.6023703 14.8531103 0 P 0
L 21.4254176 12.7804646 21.4647876 12.7804646 0 P 0
L 21.4451026 12.7607796 21.4451026 12.8001496 0 P 0
L 21.4862286 14.7566536 21.5255987 14.7566536 0 P 0
L 21.5059136 14.7369685 21.5059136 14.7763386 0 P 0
L 21.5287483 12.9793544 21.5287483 13.2155748 0 P 0
L 21.5287483 12.9793544 21.8594569 12.9793544 0 P 0
L 21.5287483 13.2155748 21.8594569 13.2155748 0 P 0
L 21.5331733 14.2241733 21.5331733 14.4407087 0 P 0
L 21.5464489 12.9391181 21.5464489 13.895811 0 P 0
L 21.6023703 14.6601969 21.6023703 14.8531103 0 P 0
L 21.6104569 12.6623544 21.6104569 12.8985748 0 P 0
L 21.6744176 13.0974646 21.7137876 13.0974646 0 P 0
L 21.6941026 13.0777796 21.6941026 13.1171496 0 P 0
L 21.8594569 12.9793544 21.8594569 13.2155748 0 P 0
L 23.2712756 12.7616378 23.2712756 13.0332914 0 P 0
L 23.2712756 12.7616378 23.5429292 12.7616378 0 P 0
L 23.2712756 13.0332914 23.5429292 13.0332914 0 P 0
L 23.3874174 12.8974646 23.4267874 12.8974646 0 P 0
L 23.4071024 12.8777796 23.4071024 12.9171496 0 P 0
L 23.5429292 12.7616378 23.5429292 13.0332914 0 P 0
