#Layer_Color=16711935
#
#Feature symbol names
#
$0 r8
$1 r10
$2 r30
$3 r2

#
#Feature attribute names
#

#
#Layer features
#
A -0.1968586 -6.4123955 1.220464 -6.4123955 0.5118027 -6.4120121 2 P 0 N
A 0.476102 -3.8601778 0.5661028 -3.8601778 0.5211024 -3.8601778 1 P 0 N
A 0.476102 -5.4241778 0.5661028 -5.4241778 0.5211024 -5.4241778 1 P 0 N
A 0.5661028 -1.3298222 0.476102 -1.3298222 0.5211024 -1.3298222 1 P 0 N
A 0.5661028 -4.0978222 0.476102 -4.0978222 0.5211024 -4.0978222 1 P 0 N
A 0.9361024 -3.8681778 1.0161024 -3.8681778 0.9761024 -3.8681778 1 P 0 N
A 0.9361024 -5.4241778 1.0161024 -5.4241778 0.9761024 -5.4241778 1 P 0 N
A 1.0161024 -1.4138222 0.9361024 -1.4138222 0.9761024 -1.4138222 1 P 0 N
A 1.0161024 -4.0918222 0.9361024 -4.0918222 0.9761024 -4.0918222 1 P 0 N
A 5.9679587 -6.4124023 5.9692579 -6.4185118 5.9829737 -6.4124023 0 P 0 N
A 5.9692579 -6.4185118 7.4165814 -6.4124036 6.6929051 -6.4120121 0 P 0 N
A 5.9842438 -6.4123955 7.4015664 -6.4123955 6.6929051 -6.4120121 2 P 0 N
A 5.9842518 -6.4173228 7.4015748 -6.4173228 6.6929133 -6.4173228 1 P 0 N
A 5.9979887 -0.7480315 5.9679587 -0.7480315 5.9829737 -0.7480315 0 P 0 N
A 7.4056952 -5.5089523 7.4015748 -5.506796 7.4015748 -5.511811 0 P 0 N
A 7.4078515 -5.5130727 7.4056952 -5.5089523 7.4028365 -5.5130727 0 P 0 N
A 7.4165814 -6.4123955 7.4078515 -6.3987592 7.4015664 -6.4123955 0 P 0 N
L 0 0 1.023534 0 2 P 0
L 0 -0.5511811 0 0 2 P 0
L -0.0012783 -0.5511811 0 -0.5511811 2 P 0
L 0.1535433 -0.1938976 0.8690945 -0.1938976 3 P 0
L 0.1574803 -0.2824803 0.1574813 -0.2381885 3 P 0
L 0.1574803 -0.2824803 0.8690945 -0.2824803 3 P 0
L -0.1981287 -0.7480315 -0.0012783 -0.5511811 2 P 0
L -0.1981287 -6.4124023 -0.1981287 -0.7480315 2 P 0
L -0.1988976 -1.23 -0.1988976 -1.18 1 P 0
L 0.4761024 -3.86 0.4761024 -1.33 1 P 0
L 0.4761024 -5.426 0.4761024 -4.096 1 P 0
L 0.5661024 -3.86 0.5661024 -1.33 1 P 0
L 0.5661024 -5.425 0.5661024 -4.096 1 P 0
L 0.8690945 -0.2824803 0.8690945 -0.1938976 3 P 0
L 0.9361024 -3.868 0.9361024 -1.414 1 P 0
L 0.9361024 -5.427 0.9361024 -4.092 1 P 0
L 1.0161024 -3.868 1.0161024 -1.414 1 P 0
L 1.0161024 -5.426 1.0161024 -4.092 1 P 0
L 1.023534 -0.5511811 1.023534 0 2 P 0
L 1.023622 -0.5511811 1.2204724 -0.7480315 2 P 0
L 1.2204724 -1.970066 1.2204724 -0.7480315 2 P 0
L 1.2204724 -1.970066 3.667536 -1.970066 2 P 0
L 1.2217341 -2.2524016 3.667536 -2.2524016 2 P 0
L 1.2217341 -6.4124023 1.2217341 -2.2525217 2 P 0
L 10.0088416 -1.83227 10.5625376 -2.385966 0 P 0
L 10.0485822 -2.385966 10.6022782 -1.83227 0 P 0
L 10.0936944 -1.83227 10.6473904 -2.385966 0 P 0
L 10.133435 -2.385966 10.687131 -1.83227 0 P 0
L 10.1785472 -1.83227 10.7322432 -2.385966 0 P 0
L 10.2182878 -2.385966 10.7719838 -1.83227 0 P 0
L 10.2634 -1.83227 10.7985504 -2.3674204 0 P 0
L 10.2634001 -1.83227 10.7985504 -2.3674203 0 P 0
L 10.3031406 -2.385966 10.7985504 -1.8905562 0 P 0
L 10.3482529 -1.83227 10.7985504 -2.2825675 0 P 0
L 10.3879934 -2.385966 10.7985504 -1.975409 0 P 0
L 10.4331057 -1.83227 10.7985504 -2.1977147 0 P 0
L 10.4728462 -2.385966 10.7985504 -2.0602618 0 P 0
L 10.5179585 -1.83227 10.7985504 -2.1128619 0 P 0
L 10.557699 -2.385966 10.7985504 -2.1451146 0 P 0
L 10.6028113 -1.83227 10.7985504 -2.0280091 0 P 0
L 10.6425518 -2.385966 10.7985504 -2.2299674 0 P 0
L 10.6876641 -1.83227 10.7985504 -1.9431563 0 P 0
L 10.7274046 -2.385966 10.7985504 -2.3148202 0 P 0
L 10.7725169 -1.83227 10.7985504 -1.8583035 0 P 0
L 10.7985504 -2.385966 10.7985504 -1.83227 2 P 0
L 10.7985504 -2.385966 10.7985504 -1.83227 0 P 0
L 3.667536 -1.83227 4.617448 -1.83227 2 P 0
L 3.667536 -1.970066 3.667536 -1.83227 2 P 0
L 3.667536 -2.385966 3.667536 -2.2524016 2 P 0
L 3.667536 -2.385966 4.617448 -2.385966 2 P 0
L 4.617448 -2.385966 4.617448 -1.83227 2 P 0
L 5.9679587 -0.7612363 5.9979887 -0.7912663 0 P 0
L 5.9679587 -0.781452 5.9979887 -0.751422 0 P 0
L 5.9679587 -0.8460891 5.9979887 -0.8761191 0 P 0
L 5.9679587 -0.8663048 5.9979887 -0.8362748 0 P 0
L 5.9679587 -0.9309419 5.9979887 -0.9609719 0 P 0
L 5.9679587 -0.9511576 5.9979887 -0.9211276 0 P 0
L 5.9679587 -1.0157947 5.9979887 -1.0458247 0 P 0
L 5.9679587 -1.0360104 5.9979887 -1.0059804 0 P 0
L 5.9679587 -1.1006475 5.9979887 -1.1306775 0 P 0
L 5.9679587 -1.1208632 5.9979887 -1.0908332 0 P 0
L 5.9679587 -1.1855003 5.9979887 -1.2155303 0 P 0
L 5.9679587 -1.205716 5.9979887 -1.175686 0 P 0
L 5.9679587 -1.2703531 5.9979887 -1.3003831 0 P 0
L 5.9679587 -1.2905688 5.9979887 -1.2605388 0 P 0
L 5.9679587 -1.3552059 5.9979887 -1.3852359 0 P 0
L 5.9679587 -1.3754216 5.9979887 -1.3453916 0 P 0
L 5.9679587 -1.4400587 5.9979887 -1.4700887 0 P 0
L 5.9679587 -1.4602744 5.9979887 -1.4302444 0 P 0
L 5.9679587 -1.5249115 5.9979887 -1.5549415 0 P 0
L 5.9679587 -1.5451272 5.9979887 -1.5150972 0 P 0
L 5.9679587 -1.6097643 5.9979887 -1.6397943 0 P 0
L 5.9679587 -1.62998 5.9979887 -1.59995 0 P 0
L 5.9679587 -1.6946171 5.9979887 -1.7246471 0 P 0
L 5.9679587 -1.7148328 5.9979887 -1.6848028 0 P 0
L 5.9679587 -1.7794699 5.9979887 -1.8094999 0 P 0
L 5.9679587 -1.7996856 5.9979887 -1.7696556 0 P 0
L 5.9679587 -1.8643227 5.9979887 -1.8943527 0 P 0
L 5.9679587 -1.8845384 5.9979887 -1.8545084 0 P 0
L 5.9679587 -1.9491755 5.9979887 -1.9792055 0 P 0
L 5.9679587 -1.9693912 5.9979887 -1.9393612 0 P 0
L 5.9679587 -2.0340283 5.9979887 -2.0640583 0 P 0
L 5.9679587 -2.054244 5.9979887 -2.024214 0 P 0
L 5.9679587 -2.1188811 5.9979887 -2.1489111 0 P 0
L 5.9679587 -2.1390968 5.9979887 -2.1090668 0 P 0
L 5.9679587 -2.2037339 5.9979887 -2.2337639 0 P 0
L 5.9679587 -2.2239496 5.9979887 -2.1939196 0 P 0
L 5.9679587 -2.2885867 5.9979887 -2.3186167 0 P 0
L 5.9679587 -2.3088024 5.9979887 -2.2787724 0 P 0
L 5.9679587 -2.3734395 5.9979887 -2.4034695 0 P 0
L 5.9679587 -2.3936552 5.9979887 -2.3636252 0 P 0
L 5.9679587 -2.4582923 5.9979887 -2.4883223 0 P 0
L 5.9679587 -2.478508 5.9979887 -2.448478 0 P 0
L 5.9679587 -2.5431451 5.9979887 -2.5731751 0 P 0
L 5.9679587 -2.5633608 5.9979887 -2.5333308 0 P 0
L 5.9679587 -2.6279979 5.9979887 -2.6580279 0 P 0
L 5.9679587 -2.6482136 5.9979887 -2.6181836 0 P 0
L 5.9679587 -2.7128507 5.9979887 -2.7428807 0 P 0
L 5.9679587 -2.7330664 5.9979887 -2.7030364 0 P 0
L 5.9679587 -2.7977035 5.9979887 -2.8277335 0 P 0
L 5.9679587 -2.8179192 5.9979887 -2.7878892 0 P 0
L 5.9679587 -2.8825563 5.9979887 -2.9125863 0 P 0
L 5.9679587 -2.902772 5.9979887 -2.872742 0 P 0
L 5.9679587 -2.9674091 5.9979887 -2.9974391 0 P 0
L 5.9679587 -2.9876248 5.9979887 -2.9575948 0 P 0
L 5.9679587 -3.0522619 5.9979887 -3.0822919 0 P 0
L 5.9679587 -3.0724776 5.9979887 -3.0424476 0 P 0
L 5.9679587 -3.1371147 5.9979887 -3.1671447 0 P 0
L 5.9679587 -3.1573304 5.9979887 -3.1273004 0 P 0
L 5.9679587 -3.2219675 5.9979887 -3.2519975 0 P 0
L 5.9679587 -3.2421832 5.9979887 -3.2121532 0 P 0
L 5.9679587 -3.3068203 5.9979887 -3.3368503 0 P 0
L 5.9679587 -3.327036 5.9979887 -3.297006 0 P 0
L 5.9679587 -3.3916731 5.9979887 -3.4217031 0 P 0
L 5.9679587 -3.4118888 5.9979887 -3.3818588 0 P 0
L 5.9679587 -3.4765259 5.9979887 -3.5065559 0 P 0
L 5.9679587 -3.4967416 5.9979887 -3.4667116 0 P 0
L 5.9679587 -3.5613787 5.9979887 -3.5914087 0 P 0
L 5.9679587 -3.5815944 5.9979887 -3.5515644 0 P 0
L 5.9679587 -3.6462315 5.9979887 -3.6762615 0 P 0
L 5.9679587 -3.6664472 5.9979887 -3.6364172 0 P 0
L 5.9679587 -3.7310843 5.9979887 -3.7611143 0 P 0
L 5.9679587 -3.7513 5.9979887 -3.72127 0 P 0
L 5.9679587 -3.8159371 5.9979887 -3.8459671 0 P 0
L 5.9679587 -3.8361528 5.9979887 -3.8061228 0 P 0
L 5.9679587 -3.9007899 5.9979887 -3.9308199 0 P 0
L 5.9679587 -3.9210056 5.9979887 -3.8909756 0 P 0
L 5.9679587 -3.9856427 5.9979887 -4.0156727 0 P 0
L 5.9679587 -4.0058584 5.9979887 -3.9758284 0 P 0
L 5.9679587 -4.0704955 5.9979887 -4.1005255 0 P 0
L 5.9679587 -4.0907112 5.9979887 -4.0606812 0 P 0
L 5.9679587 -4.1553483 5.9979887 -4.1853783 0 P 0
L 5.9679587 -4.175564 5.9979887 -4.145534 0 P 0
L 5.9679587 -4.2402011 5.9979887 -4.2702311 0 P 0
L 5.9679587 -4.2604168 5.9979887 -4.2303868 0 P 0
L 5.9679587 -4.3250539 5.9979887 -4.3550839 0 P 0
L 5.9679587 -4.3452696 5.9979887 -4.3152396 0 P 0
L 5.9679587 -4.4099067 5.9979887 -4.4399367 0 P 0
L 5.9679587 -4.4301224 5.9979887 -4.4000924 0 P 0
L 5.9679587 -4.4947595 5.9979887 -4.5247895 0 P 0
L 5.9679587 -4.5149752 5.9979887 -4.4849452 0 P 0
L 5.9679587 -4.5796123 5.9979887 -4.6096423 0 P 0
L 5.9679587 -4.599828 5.9979887 -4.569798 0 P 0
L 5.9679587 -4.6644651 5.9979887 -4.6944951 0 P 0
L 5.9679587 -4.6846808 5.9979887 -4.6546508 0 P 0
L 5.9679587 -4.7493179 5.9979887 -4.7793479 0 P 0
L 5.9679587 -4.7695336 5.9979887 -4.7395036 0 P 0
L 5.9679587 -4.8341707 5.9979887 -4.8642007 0 P 0
L 5.9679587 -4.8543864 5.9979887 -4.8243564 0 P 0
L 5.9679587 -4.9190235 5.9979887 -4.9490535 0 P 0
L 5.9679587 -4.9392392 5.9979887 -4.9092092 0 P 0
L 5.9679587 -5.0038763 5.9979887 -5.0339063 0 P 0
L 5.9679587 -5.024092 5.9979887 -4.994062 0 P 0
L 5.9679587 -5.0887291 5.9979887 -5.1187591 0 P 0
L 5.9679587 -5.1089448 5.9979887 -5.0789148 0 P 0
L 5.9679587 -5.1735819 5.9979887 -5.2036119 0 P 0
L 5.9679587 -5.1937976 5.9979887 -5.1637676 0 P 0
L 5.9679587 -5.2584347 5.9979887 -5.2884647 0 P 0
L 5.9679587 -5.2786504 5.9979887 -5.2486204 0 P 0
L 5.9679587 -5.3432875 5.9979887 -5.3733175 0 P 0
L 5.9679587 -5.3635032 5.9979887 -5.3334732 0 P 0
L 5.9679587 -5.4281403 5.9979887 -5.4581703 0 P 0
L 5.9679587 -5.448356 5.9979887 -5.418326 0 P 0
L 5.9679587 -5.5129931 7.2842017 -6.8292361 0 P 0
L 5.9679587 -5.5332088 5.9979887 -5.5031788 0 P 0
L 5.9679587 -5.5978459 7.2472833 -6.8771705 0 P 0
L 5.9679587 -5.6180616 6.0792243 -5.506796 0 P 0
L 5.9679587 -5.6826987 7.2068004 -6.9215404 0 P 0
L 5.9679587 -5.682699 7.2068003 -6.9215406 0 P 0
L 5.9679587 -5.7029144 6.1640771 -5.506796 0 P 0
L 5.9679587 -5.7675518 7.1627937 -6.9623868 0 P 0
L 5.9679587 -5.7877672 6.2489299 -5.506796 0 P 0
L 5.9679587 -5.8524046 7.1152302 -6.9996761 0 P 0
L 5.9679587 -5.87262 6.3337827 -5.506796 0 P 0
L 5.9679587 -5.9372574 7.0639995 -7.0332982 0 P 0
L 5.9679587 -5.9574728 6.4186355 -5.506796 0 P 0
L 5.9679587 -6.0221102 7.0089013 -7.0630528 0 P 0
L 5.9679587 -6.0423256 6.5034883 -5.506796 0 P 0
L 5.9679587 -6.106963 6.9496205 -7.0886248 0 P 0
L 5.9679587 -6.1271784 6.5883411 -5.506796 0 P 0
L 5.9679587 -6.1918158 6.8856824 -7.1095395 0 P 0
L 5.9679587 -6.2120312 6.6731939 -5.506796 0 P 0
L 5.9679587 -6.2766686 6.816369 -7.1250789 0 P 0
L 5.9679587 -6.296884 6.7580467 -5.506796 0 P 0
L 5.9679587 -6.3615214 6.7405553 -7.134118 0 P 0
L 5.9679587 -6.3817368 6.8428995 -5.506796 0 P 0
L 5.9679587 -6.4124023 5.9679587 -0.7480315 0 P 0
L 5.9701526 -6.4485681 6.6563491 -7.1347646 0 P 0
L 5.9710617 -6.4634866 6.9277523 -5.506796 0 P 0
L 5.980449 -6.5389521 7.0126051 -5.506796 0 P 0
L 5.981512 -6.5447803 6.5601369 -7.1234052 0 P 0
L 5.9829737 -0.7480315 6.1798241 -0.5511811 2 P 0
L 5.9829737 -6.4124023 5.9829737 -0.7480315 2 P 0
L 5.9842518 -5.5118112 5.984252 -5.511811 1 P 0
L 5.9842518 -6.4173228 5.9842518 -5.5118112 1 P 0
L 5.984252 -1.1811024 7.4015748 -1.1811024 0 P 0
L 5.984252 -1.1894222 5.9925718 -1.1811024 0 P 0
L 5.984252 -1.2017931 6.6479462 -1.8654873 0 P 0
L 5.984252 -1.274275 6.0774246 -1.1811024 0 P 0
L 5.984252 -1.2866459 6.6479332 -1.9503271 0 P 0
L 5.984252 -1.3591278 6.1622774 -1.1811024 0 P 0
L 5.984252 -1.3714987 6.6479201 -2.0351668 0 P 0
L 5.984252 -1.4439806 6.2471302 -1.1811024 0 P 0
L 5.984252 -1.4563515 6.6479071 -2.1200066 0 P 0
L 5.984252 -1.5288334 6.331983 -1.1811024 0 P 0
L 5.984252 -1.5412043 6.6478941 -2.2048464 0 P 0
L 5.984252 -1.6136862 6.4168358 -1.1811024 0 P 0
L 5.984252 -1.6260571 6.647881 -2.2896861 0 P 0
L 5.984252 -1.698539 6.5016886 -1.1811024 0 P 0
L 5.984252 -1.7109099 6.647868 -2.3745259 0 P 0
L 5.984252 -1.7833918 6.5865414 -1.1811024 0 P 0
L 5.984252 -1.7957627 6.647855 -2.4593657 0 P 0
L 5.984252 -1.8682446 6.6713942 -1.1811024 0 P 0
L 5.984252 -1.8806155 6.6478419 -2.5442054 0 P 0
L 5.984252 -1.9530974 6.756247 -1.1811024 0 P 0
L 5.984252 -1.9654683 6.6478289 -2.6290452 0 P 0
L 5.984252 -2.0379502 6.6480217 -1.3741805 0 P 0
L 5.984252 -2.0503211 6.6478159 -2.713885 0 P 0
L 5.984252 -2.122803 6.6480086 -1.4590464 0 P 0
L 5.984252 -2.1351739 6.6478028 -2.7987247 0 P 0
L 5.984252 -2.2076558 6.6479956 -1.5439122 0 P 0
L 5.984252 -2.2200267 6.6477898 -2.8835645 0 P 0
L 5.984252 -2.220027 6.6477898 -2.8835648 0 P 0
L 5.984252 -2.2925086 6.6479826 -1.628778 0 P 0
L 5.984252 -2.3048798 6.6477768 -2.9684046 0 P 0
L 5.984252 -2.3773614 6.6479695 -1.7136439 0 P 0
L 5.984252 -2.3897326 6.6477638 -3.0532444 0 P 0
L 5.984252 -2.4622142 6.6479565 -1.7985097 0 P 0
L 5.984252 -2.4745854 6.6477507 -3.1380841 0 P 0
L 5.984252 -2.547067 6.6479435 -1.8833755 0 P 0
L 5.984252 -2.5594382 6.6477377 -3.2229239 0 P 0
L 5.984252 -2.6319198 6.6479304 -1.9682414 0 P 0
L 5.984252 -2.644291 6.6477247 -3.3077637 0 P 0
L 5.984252 -2.7167726 6.6479174 -2.0531072 0 P 0
L 5.984252 -2.7291438 6.6477116 -3.3926034 0 P 0
L 5.984252 -2.8016254 6.6479043 -2.1379731 0 P 0
L 5.984252 -2.8139966 6.6476986 -3.4774432 0 P 0
L 5.984252 -2.8864782 6.6478913 -2.2228389 0 P 0
L 5.984252 -2.8988494 6.6476856 -3.562283 0 P 0
L 5.984252 -2.971331 6.6478783 -2.3077047 0 P 0
L 5.984252 -2.9837022 6.6476725 -3.6471227 0 P 0
L 5.984252 -3.0561838 6.6478652 -2.3925706 0 P 0
L 5.984252 -3.068555 6.6476595 -3.7319625 0 P 0
L 5.984252 -3.1410366 6.6478522 -2.4774364 0 P 0
L 5.984252 -3.1534078 6.6476465 -3.8168023 0 P 0
L 5.984252 -3.2258894 6.6478392 -2.5623022 0 P 0
L 5.984252 -3.2382606 6.7617394 -4.015748 0 P 0
L 5.984252 -3.3107422 6.6478261 -2.6471681 0 P 0
L 5.984252 -3.3231134 6.6768866 -4.015748 0 P 0
L 5.984252 -3.395595 6.6478131 -2.7320339 0 P 0
L 5.984252 -3.4079662 6.5920338 -4.015748 0 P 0
L 5.984252 -3.4804478 6.6478001 -2.8168997 0 P 0
L 5.984252 -3.492819 6.507181 -4.015748 0 P 0
L 5.984252 -3.5653006 6.647787 -2.9017656 0 P 0
L 5.984252 -3.5776718 6.4223282 -4.015748 0 P 0
L 5.984252 -3.6501534 6.647774 -2.9866314 0 P 0
L 5.984252 -3.6625246 6.3374754 -4.015748 0 P 0
L 5.984252 -3.7350062 6.6477609 -3.0714973 0 P 0
L 5.984252 -3.7473774 6.2526226 -4.015748 0 P 0
L 5.984252 -3.819859 6.6477479 -3.1563631 0 P 0
L 5.984252 -3.8322302 6.1677698 -4.015748 0 P 0
L 5.984252 -3.9047118 6.6477349 -3.2412289 0 P 0
L 5.984252 -3.917083 6.082917 -4.015748 0 P 0
L 5.984252 -3.9895646 6.6477218 -3.3260948 0 P 0
L 5.984252 -3.9895646 6.6477218 -3.3260948 0 P 0
L 5.984252 -4.0019358 5.9980642 -4.015748 0 P 0
L 5.984252 -4.015748 5.984252 -1.1811024 0 P 0
L 5.984252 -4.015748 7.4015748 -4.015748 0 P 0
L 5.984252 -5.511811 7.4015748 -5.511811 1 P 0
L 5.984252 -5.511811 7.4015748 -5.511811 1 P 0
L 5.984252 -6.4173228 5.984252 -5.511811 1 P 0
L 5.9962688 -6.6079851 7.0974579 -5.506796 0 P 0
L 5.9979887 -5.506796 5.9979887 -0.7480315 0 P 0
L 5.9979887 -5.506796 7.4015748 -5.506796 0 P 0
L 6.0137193 -6.6618404 6.4430768 -7.0911979 0 P 0
L 6.0174219 -6.6716848 7.1823107 -5.506796 0 P 0
L 6.0429214 -4.015748 6.6477088 -3.4109606 0 P 0
L 6.0432047 -6.7307548 7.2671635 -5.506796 0 P 0
L 6.0466144 -5.506796 7.3174367 -6.7776183 0 P 0
L 6.0484141 -1.1811024 6.6479592 -1.7806475 0 P 0
L 6.0731517 -6.7856606 7.3520163 -5.506796 0 P 0
L 6.1069542 -6.8367109 7.4078515 -5.5358136 0 P 0
L 6.1161702 -6.8491441 6.2557731 -6.988747 0 P 0
L 6.1277742 -4.015748 6.6476958 -3.4958264 0 P 0
L 6.1314672 -5.506796 7.3467775 -6.7221063 0 P 0
L 6.1332669 -1.1811024 6.6479723 -1.6958078 0 P 0
L 6.1444168 -6.8841011 7.4078515 -5.6206664 0 P 0
L 6.1798241 -0.5511811 6.1811024 -0.5511811 2 P 0
L 6.1811024 0 7.2046364 0 2 P 0
L 6.1811024 0 7.2047244 0 0 P 0
L 6.1811024 -0.0409983 6.6912852 -0.5511811 0 P 0
L 6.1811024 -0.0591905 6.2402929 0 0 P 0
L 6.1811024 -0.1258511 6.6064324 -0.5511811 0 P 0
L 6.1811024 -0.1440433 6.3251457 0 0 P 0
L 6.1811024 -0.2107039 6.5215796 -0.5511811 0 P 0
L 6.1811024 -0.2288961 6.4099985 0 0 P 0
L 6.1811024 -0.2955567 6.4367268 -0.5511811 0 P 0
L 6.1811024 -0.3137489 6.4948513 0 0 P 0
L 6.1811024 -0.3804095 6.351874 -0.5511811 0 P 0
L 6.1811024 -0.3986017 6.5797041 0 0 P 0
L 6.1811024 -0.4652623 6.2670212 -0.5511811 0 P 0
L 6.1811024 -0.4834545 6.6645569 0 0 P 0
L 6.1811024 -0.4834545 6.6645569 0 0 P 0
L 6.1811024 -0.5511811 6.1811024 0 2 P 0
L 6.1811024 -0.5511811 6.1811024 0 0 P 0
L 6.1811024 -0.5511811 7.2047244 -0.5511811 0 P 0
L 6.1854328 -6.9279379 7.4078515 -5.7055192 0 P 0
L 6.1854328 -6.9279379 7.4078515 -5.7055192 0 P 0
L 6.1982286 -0.5511811 6.7494097 0 0 P 0
L 6.212627 -4.015748 6.6476827 -3.5806923 0 P 0
L 6.21632 -5.506796 7.3718954 -6.6623714 0 P 0
L 6.2181197 -1.1811024 6.6479853 -1.610968 0 P 0
L 6.2249569 0 6.776138 -0.5511811 0 P 0
L 6.2299729 -6.9682506 7.4078515 -5.790372 0 P 0
L 6.2780813 -7.004995 7.4078515 -5.8752248 0 P 0
L 6.2830814 -0.5511811 6.8342625 0 0 P 0
L 6.2974798 -4.015748 6.6476697 -3.6655581 0 P 0
L 6.3011728 -5.506796 7.3922951 -6.5979183 0 P 0
L 6.3029725 -1.1811024 6.6479983 -1.5261282 0 P 0
L 6.3098097 0 6.8609908 -0.5511811 0 P 0
L 6.329881 -7.0380481 7.4078515 -5.9600776 0 P 0
L 6.3679342 -0.5511811 6.9191153 0 0 P 0
L 6.3823326 -4.015748 6.6476567 -3.7504239 0 P 0
L 6.3855877 -7.0671942 7.4078515 -6.0449304 0 P 0
L 6.3860256 -5.506796 7.4072265 -6.5279969 0 P 0
L 6.3878253 -1.1811024 6.6480114 -1.4412885 0 P 0
L 6.3946625 0 6.9458436 -0.5511811 0 P 0
L 6.4455369 -7.0920978 7.4078515 -6.1297832 0 P 0
L 6.452787 -0.5511811 7.0039681 0 0 P 0
L 6.4671854 -4.015748 6.6476436 -3.8352898 0 P 0
L 6.4708784 -5.506796 7.4155074 -6.451425 0 P 0
L 6.4726781 -1.1811024 6.6480244 -1.3564487 0 P 0
L 6.4795153 0 7.0306964 -0.5511811 0 P 0
L 6.5102336 -7.1122539 7.4078515 -6.214636 0 P 0
L 6.5376398 -0.5511811 7.0888209 0 0 P 0
L 6.5520382 -4.015748 6.666623 -3.9011632 0 P 0
L 6.5557312 -5.506796 7.4078515 -6.3589163 0 P 0
L 6.5575309 -1.1811024 6.6658548 -1.2894263 0 P 0
L 6.5643681 0 7.1155492 -0.5511811 0 P 0
L 6.5804436 -7.1268967 7.4078515 -6.2994888 0 P 0
L 6.6224926 -0.5511811 7.1736737 0 0 P 0
L 6.636891 -4.015748 7.1077288 -3.5449102 0 P 0
L 6.640584 -5.506796 7.4078515 -6.2740635 0 P 0
L 6.6423837 -1.1811024 7.1079958 -1.6467145 0 P 0
L 6.6476398 -3.8601764 6.6480281 -1.3323506 0 P 0
L 6.6477183 -1.3286244 6.6492649 -1.3168769 0 P 0
L 6.6477183 -3.8613755 6.6492649 -3.8731231 0 P 0
L 6.6492209 0 7.200402 -0.5511811 0 P 0
L 6.649221 0 7.2004021 -0.5511811 0 P 0
L 6.6498849 -1.3145631 6.6544192 -1.3036162 0 P 0
L 6.6498849 -3.8754369 6.6544192 -3.8863838 0 P 0
L 6.655617 -1.3015416 6.66283 -1.2921413 0 P 0
L 6.655617 -3.8884584 6.6628301 -3.8978587 0 P 0
L 6.6573772 -7.1348159 7.4078515 -6.3843416 0 P 0
L 6.6645239 -1.2904475 6.6739242 -1.2832344 0 P 0
L 6.6645239 -3.8995526 6.6739242 -3.9067656 0 P 0
L 6.6759988 -1.2820366 6.6869457 -1.2775023 0 P 0
L 6.6759988 -3.9079634 6.6869457 -3.9124977 0 P 0
L 6.6892595 -1.2768823 6.7010071 -1.2753357 0 P 0
L 6.6892595 -3.9131177 6.701007 -3.9146643 0 P 0
L 6.7034025 -3.9146643 6.7151501 -3.9131177 0 P 0
L 6.7034026 -1.2753357 6.7151501 -1.2768823 0 P 0
L 6.7073454 -0.5511811 7.2047244 -0.0538021 0 P 0
L 6.7174639 -1.2775023 6.7284108 -1.2820366 0 P 0
L 6.7174639 -3.9124977 6.7284108 -3.9079634 0 P 0
L 6.7217438 -4.015748 7.1077168 -3.629775 0 P 0
L 6.7254368 -5.506796 7.4078515 -6.1892107 0 P 0
L 6.7272365 -1.1811024 7.1080077 -1.5618736 0 P 0
L 6.7304854 -1.2832344 6.7398857 -1.2904474 0 P 0
L 6.7304854 -3.9067656 6.7398857 -3.8995525 0 P 0
L 6.7340738 0 7.2047244 -0.4706506 0 P 0
L 6.7345166 -3.9036724 6.8465922 -4.015748 0 P 0
L 6.735285 -1.2869172 6.8410998 -1.1811024 0 P 0
L 6.7415795 -1.2921413 6.7487926 -1.3015416 0 P 0
L 6.7415796 -3.8978587 6.7487926 -3.8884584 0 P 0
L 6.7431003 -7.1339456 7.4148386 -6.4622073 0 P 0
L 6.7499904 -1.3036162 6.7545247 -1.3145631 0 P 0
L 6.7499904 -3.8863838 6.7545247 -3.8754369 0 P 0
L 6.7551447 -1.3168769 6.7566913 -1.3286245 0 P 0
L 6.7551447 -3.8731231 6.7566913 -3.8613756 0 P 0
L 6.7563811 -1.3506739 6.9259526 -1.1811024 0 P 0
L 6.7563811 -1.3799526 7.1079838 -1.7315553 0 P 0
L 6.7563811 -1.4355267 7.0108054 -1.1811024 0 P 0
L 6.7563811 -1.4648054 7.1079719 -1.8163962 0 P 0
L 6.7563811 -1.5203795 7.0956582 -1.1811024 0 P 0
L 6.7563811 -1.5496582 7.10796 -1.9012371 0 P 0
L 6.7563811 -1.6052323 7.180511 -1.1811024 0 P 0
L 6.7563811 -1.634511 7.107948 -1.9860779 0 P 0
L 6.7563811 -1.6900851 7.2653638 -1.1811024 0 P 0
L 6.7563811 -1.7193638 7.1079361 -2.0709188 0 P 0
L 6.7563811 -1.7749379 7.1080272 -1.4232918 0 P 0
L 6.7563811 -1.8042166 7.1079242 -2.1557597 0 P 0
L 6.7563811 -1.8597907 7.1080153 -1.5081565 0 P 0
L 6.7563811 -1.8890694 7.1079122 -2.2406005 0 P 0
L 6.7563811 -1.9446435 7.1080033 -1.5930213 0 P 0
L 6.7563811 -1.9739222 7.1079003 -2.3254414 0 P 0
L 6.7563811 -2.0294963 7.1079914 -1.677886 0 P 0
L 6.7563811 -2.058775 7.1078884 -2.4102823 0 P 0
L 6.7563811 -2.1143491 7.1079795 -1.7627507 0 P 0
L 6.7563811 -2.1436278 7.1078764 -2.4951231 0 P 0
L 6.7563811 -2.1992019 7.1079675 -1.8476155 0 P 0
L 6.7563811 -2.2284806 7.1078645 -2.579964 0 P 0
L 6.7563811 -2.2840547 7.1079556 -1.9324802 0 P 0
L 6.7563811 -2.3133334 7.1078526 -2.6648049 0 P 0
L 6.7563811 -2.3689075 7.1079436 -2.017345 0 P 0
L 6.7563811 -2.3981862 7.1078406 -2.7496457 0 P 0
L 6.7563811 -2.4537603 7.1079317 -2.1022097 0 P 0
L 6.7563811 -2.483039 7.1078287 -2.8344866 0 P 0
L 6.7563811 -2.5386131 7.1079198 -2.1870744 0 P 0
L 6.7563811 -2.5678918 7.1078168 -2.9193275 0 P 0
L 6.7563811 -2.6234659 7.1079078 -2.2719392 0 P 0
L 6.7563811 -2.6527446 7.1078048 -3.0041683 0 P 0
L 6.7563811 -2.7083187 7.1078959 -2.3568039 0 P 0
L 6.7563811 -2.7375974 7.1077929 -3.0890092 0 P 0
L 6.7563811 -2.7931715 7.107884 -2.4416686 0 P 0
L 6.7563811 -2.8224502 7.107781 -3.1738501 0 P 0
L 6.7563811 -2.8780243 7.107872 -2.5265334 0 P 0
L 6.7563811 -2.907303 7.107769 -3.2586909 0 P 0
L 6.7563811 -2.9628771 7.1078601 -2.6113981 0 P 0
L 6.7563811 -2.9921558 7.1077571 -3.3435318 0 P 0
L 6.7563811 -2.9921561 7.1077571 -3.3435321 0 P 0
L 6.7563811 -3.0477299 7.1078481 -2.6962629 0 P 0
L 6.7563811 -3.0770089 7.1077452 -3.428373 0 P 0
L 6.7563811 -3.1325827 7.1078362 -2.7811276 0 P 0
L 6.7563811 -3.1618617 7.1077332 -3.5132138 0 P 0
L 6.7563811 -3.2174355 7.1078243 -2.8659923 0 P 0
L 6.7563811 -3.2174355 7.1078243 -2.8659923 0 P 0
L 6.7563811 -3.2467145 7.1077213 -3.5980547 0 P 0
L 6.7563811 -3.3022883 7.1078123 -2.9508571 0 P 0
L 6.7563811 -3.3315673 7.1077094 -3.6828956 0 P 0
L 6.7563811 -3.3871411 7.1078004 -3.0357218 0 P 0
L 6.7563811 -3.4164201 7.1076974 -3.7677364 0 P 0
L 6.7563811 -3.4719939 7.1077885 -3.1205865 0 P 0
L 6.7563811 -3.5012729 7.1076855 -3.8525773 0 P 0
L 6.7563811 -3.5568467 7.1077765 -3.2054513 0 P 0
L 6.7563811 -3.5861257 7.1860034 -4.015748 0 P 0
L 6.7563811 -3.6416995 7.1077646 -3.290316 0 P 0
L 6.7563811 -3.6709785 7.1011506 -4.015748 0 P 0
L 6.7563811 -3.7265523 7.1077526 -3.3751808 0 P 0
L 6.7563811 -3.7558313 7.0162978 -4.015748 0 P 0
L 6.7563811 -3.8114051 7.1077407 -3.4600455 0 P 0
L 6.7563811 -3.8406841 6.931445 -4.015748 0 P 0
L 6.7563811 -3.8576487 6.7563811 -1.3323513 0 P 0
L 6.7921982 -0.5511811 7.2047244 -0.1386549 0 P 0
L 6.8065966 -4.015748 7.1077049 -3.7146397 0 P 0
L 6.8102896 -5.506796 7.4078515 -6.1043579 0 P 0
L 6.8120893 -1.1811024 7.1080197 -1.4770328 0 P 0
L 6.8189266 0 7.2047244 -0.3857978 0 P 0
L 6.8416648 -7.1202339 7.4011269 -6.5607718 0 P 0
L 6.877051 -0.5511811 7.2047244 -0.2235077 0 P 0
L 6.8914494 -4.015748 7.107693 -3.7995044 0 P 0
L 6.8951424 -5.506796 7.4078515 -6.0195051 0 P 0
L 6.8969421 -1.1811024 7.1114997 -1.39566 0 P 0
L 6.9037794 0 7.2047244 -0.300945 0 P 0
L 6.9619038 -0.5511811 7.2047244 -0.3083605 0 P 0
L 6.9635954 -7.0831561 7.3640491 -6.6827024 0 P 0
L 6.9763022 -4.015748 7.109804 -3.8822462 0 P 0
L 6.9799952 -5.506796 7.4078515 -5.9346523 0 P 0
L 6.9817949 -1.1811024 7.1660828 -1.3653903 0 P 0
L 6.9886322 0 7.2047244 -0.2160922 0 P 0
L 7.0467566 -0.5511811 7.2047244 -0.3932133 0 P 0
L 7.061155 -4.015748 7.1594156 -3.9174874 0 P 0
L 7.064848 -5.506796 7.4078515 -5.8497995 0 P 0
L 7.0666477 -1.1811024 7.4015748 -1.5160295 0 P 0
L 7.073485 0 7.2047244 -0.1312394 0 P 0
L 7.1076833 -3.8681765 7.1080282 -1.4162624 0 P 0
L 7.1077618 -1.4126245 7.1091365 -1.4021824 0 P 0
L 7.1077618 -3.8693755 7.1091365 -3.8798176 0 P 0
L 7.1097565 -1.3998685 7.113787 -1.390138 0 P 0
L 7.1097565 -3.8821315 7.113787 -3.891862 0 P 0
L 7.1149847 -1.3880634 7.1213963 -1.3797077 0 P 0
L 7.1149848 -3.8939366 7.1213963 -3.9022924 0 P 0
L 7.1230902 -1.3780137 7.131446 -1.3716022 0 P 0
L 7.1230903 -3.9039863 7.131446 -3.9103979 0 P 0
L 7.1316094 -0.5511811 7.2047244 -0.4780661 0 P 0
L 7.1335206 -1.3704044 7.1432511 -1.3663739 0 P 0
L 7.1335206 -3.9115956 7.1432511 -3.9156261 0 P 0
L 7.145565 -1.3657539 7.1560071 -1.3643792 0 P 0
L 7.145565 -3.9162461 7.1560071 -3.9176208 0 P 0
L 7.1460078 -4.015748 7.4015748 -3.760181 0 P 0
L 7.1497008 -5.506796 7.4078515 -5.7649467 0 P 0
L 7.1515005 -1.1811024 7.4015748 -1.4311767 0 P 0
L 7.1583378 0 7.2047244 -0.0463866 0 P 0
L 7.1584025 -1.3643792 7.1688446 -1.3657539 0 P 0
L 7.1584025 -3.9176208 7.1688446 -3.9162461 0 P 0
L 7.1659466 -1.3653724 7.3502166 -1.1811024 0 P 0
L 7.1711585 -1.3663739 7.180889 -1.3704044 0 P 0
L 7.1711585 -3.9156261 7.180889 -3.9115956 0 P 0
L 7.1829636 -1.3716021 7.1913193 -1.3780137 0 P 0
L 7.1829636 -3.9103978 7.1913194 -3.9039863 0 P 0
L 7.1930133 -1.3797076 7.1994248 -1.3880634 0 P 0
L 7.1930133 -3.9022923 7.1994249 -3.8939366 0 P 0
L 7.2006226 -1.390138 7.2046531 -1.3998685 0 P 0
L 7.2006226 -3.891862 7.2046531 -3.8821315 0 P 0
L 7.2046364 -0.5511811 7.2046364 0 2 P 0
L 7.2047244 -0.5511811 7.2047244 0 0 P 0
L 7.2047244 -0.5511811 7.4015748 -0.7480315 2 P 0
L 7.2052731 -1.4021824 7.2066478 -1.4126245 0 P 0
L 7.2052731 -3.8798176 7.2066478 -3.8693755 0 P 0
L 7.2056367 -1.4049442 7.4015748 -1.6008823 0 P 0
L 7.2062871 -1.4098847 7.4015748 -1.214597 0 P 0
L 7.2063814 -3.8657376 7.2067263 -1.4138235 0 P 0
L 7.2063927 -3.7856575 7.4015748 -3.5904754 0 P 0
L 7.2063932 -3.7815794 7.4015748 -3.976761 0 P 0
L 7.2064046 -3.7007928 7.4015748 -3.5056226 0 P 0
L 7.2064052 -3.6967386 7.4015748 -3.8919082 0 P 0
L 7.2064165 -3.6159281 7.4015748 -3.4207698 0 P 0
L 7.2064171 -3.6118977 7.4015748 -3.8070554 0 P 0
L 7.2064285 -3.5310633 7.4015748 -3.335917 0 P 0
L 7.206429 -3.5270568 7.4015748 -3.7222026 0 P 0
L 7.2064404 -3.4461986 7.4015748 -3.2510642 0 P 0
L 7.206441 -3.4422157 7.4015748 -3.6373495 0 P 0
L 7.206441 -3.442216 7.4015748 -3.6373498 0 P 0
L 7.2064524 -3.3613338 7.4015748 -3.1662114 0 P 0
L 7.2064529 -3.3573748 7.4015748 -3.5524967 0 P 0
L 7.2064643 -3.2764691 7.4015748 -3.0813586 0 P 0
L 7.2064648 -3.2725339 7.4015748 -3.4676439 0 P 0
L 7.2064762 -3.1916044 7.4015748 -2.9965058 0 P 0
L 7.2064768 -3.1876931 7.4015748 -3.3827911 0 P 0
L 7.2064882 -3.1067396 7.4015748 -2.911653 0 P 0
L 7.2064887 -3.1028522 7.4015748 -3.2979383 0 P 0
L 7.2065001 -3.0218749 7.4015748 -2.8268002 0 P 0
L 7.2065006 -3.0180113 7.4015748 -3.2130855 0 P 0
L 7.206512 -2.9370102 7.4015748 -2.7419474 0 P 0
L 7.2065126 -2.9331705 7.4015748 -3.1282327 0 P 0
L 7.2065144 -3.8703886 7.4015748 -3.6753282 0 P 0
L 7.206524 -2.8521454 7.4015748 -2.6570946 0 P 0
L 7.2065245 -2.8483296 7.4015748 -3.0433799 0 P 0
L 7.2065359 -2.7672807 7.4015748 -2.5722418 0 P 0
L 7.2065359 -2.7672807 7.4015748 -2.5722418 0 P 0
L 7.2065364 -2.7634887 7.4015748 -2.9585271 0 P 0
L 7.2065479 -2.6824159 7.4015748 -2.487389 0 P 0
L 7.2065484 -2.6786479 7.4015748 -2.8736743 0 P 0
L 7.2065598 -2.5975512 7.4015748 -2.4025362 0 P 0
L 7.2065603 -2.593807 7.4015748 -2.7888215 0 P 0
L 7.2065717 -2.5126865 7.4015748 -2.3176834 0 P 0
L 7.2065723 -2.5089662 7.4015748 -2.7039687 0 P 0
L 7.2065837 -2.4278217 7.6643394 -1.970066 0 P 0
L 7.2065842 -2.4241253 7.4015748 -2.6191159 0 P 0
L 7.2065956 -2.342957 7.5794866 -1.970066 0 P 0
L 7.2065961 -2.3392844 7.4015748 -2.5342631 0 P 0
L 7.2066075 -2.2580923 7.4946338 -1.970066 0 P 0
L 7.2066081 -2.2544436 7.4015748 -2.4494103 0 P 0
L 7.2066195 -2.1732275 7.409781 -1.970066 0 P 0
L 7.20662 -2.1696027 7.4015748 -2.3645575 0 P 0
L 7.2066314 -2.0883628 7.4015748 -1.8934194 0 P 0
L 7.2066319 -2.0847618 7.4015748 -2.2797047 0 P 0
L 7.2066434 -2.003498 7.4015748 -1.8085666 0 P 0
L 7.2066439 -1.999921 7.4508174 -2.2440945 0 P 0
L 7.2066553 -1.9186333 7.4015748 -1.7237138 0 P 0
L 7.2066558 -1.9150801 7.5356702 -2.2440945 0 P 0
L 7.2066672 -1.8337686 7.4015748 -1.638861 0 P 0
L 7.2066677 -1.8302392 7.620523 -2.2440945 0 P 0
L 7.2066792 -1.7489038 7.4015748 -1.5540082 0 P 0
L 7.2066797 -1.7453984 7.4015748 -1.9402935 0 P 0
L 7.2066911 -1.6640391 7.4015748 -1.4691554 0 P 0
L 7.2066916 -1.6605575 7.4015748 -1.8554407 0 P 0
L 7.206703 -1.5791744 7.4015748 -1.3843026 0 P 0
L 7.2067035 -1.5757166 7.4015748 -1.7705879 0 P 0
L 7.206715 -1.4943096 7.4015748 -1.2994498 0 P 0
L 7.2067155 -1.4908758 7.4015748 -1.6857351 0 P 0
L 7.2308606 -4.015748 7.4015748 -3.8450338 0 P 0
L 7.2345536 -5.506796 7.4078515 -5.6800939 0 P 0
L 7.2363533 -1.1811024 7.4015748 -1.3463239 0 P 0
L 7.3157134 -4.015748 7.4015748 -3.9298866 0 P 0
L 7.3194064 -5.506796 7.4078515 -5.5952411 0 P 0
L 7.3212061 -1.1811024 7.4015748 -1.2614711 0 P 0
L 7.4015748 -1.970066 7.4015748 -0.7480315 2 P 0
L 7.4015748 -1.970066 7.4015748 -1.1811024 0 P 0
L 7.4015748 -1.970066 7.7543434 -1.970066 0 P 0
L 7.4015748 -1.970066 9.8486384 -1.970066 2 P 0
L 7.4015748 -4.015748 7.4015748 -2.2536633 0 P 0
L 7.4015748 -5.511811 7.4028365 -5.5130727 1 P 0
L 7.4015748 -6.4123871 7.4015748 -5.511811 1 P 0
L 7.4028365 -2.2524016 7.4111436 -2.2440945 0 P 0
L 7.4028365 -2.2524016 9.8486384 -2.2524016 2 P 0
L 7.4028365 -6.4123871 7.4028365 -2.2525217 2 P 0
L 7.4028365 -6.4123871 7.4028365 -5.5130727 1 P 0
L 7.4078515 -6.3987592 7.4078515 -5.5130727 0 P 0
L 7.4111436 -2.2440945 7.7559055 -2.2440945 0 P 0
L 7.4313473 -1.970066 7.7053758 -2.2440945 0 P 0
L 7.4751637 -2.2440945 7.7491922 -1.970066 0 P 0
L 7.5162001 -1.970066 7.7559055 -2.2097714 0 P 0
L 7.5600165 -2.2440945 7.7559055 -2.0482055 0 P 0
L 7.6010529 -1.970066 7.7559055 -2.1249186 0 P 0
L 7.6448693 -2.2440945 7.7559055 -2.1330583 0 P 0
L 7.6859057 -1.970066 7.7559055 -2.0400658 0 P 0
L 7.7297221 -2.2440945 7.7559055 -2.2179111 0 P 0
L 7.7297221 -2.2440945 7.7559055 -2.2179111 0 P 0
L 7.7559055 -2.2440945 7.7559055 -1.9685039 0 P 0
L 9.8486384 -1.83227 10.7985504 -1.83227 2 P 0
L 9.8486384 -1.83227 10.7985504 -1.83227 0 P 0
L 9.8486384 -1.8417724 10.392832 -2.385966 0 P 0
L 9.8486384 -1.9070874 9.9234558 -1.83227 0 P 0
L 9.8486384 -1.9266252 10.3079792 -2.385966 0 P 0
L 9.8486384 -1.970066 9.8486384 -1.83227 2 P 0
L 9.8486384 -1.9919402 10.0083086 -1.83227 0 P 0
L 9.8486384 -2.011478 10.2231264 -2.385966 0 P 0
L 9.8486384 -2.076793 10.0931614 -1.83227 0 P 0
L 9.8486384 -2.0963308 10.1382736 -2.385966 0 P 0
L 9.8486384 -2.1616458 10.1780142 -1.83227 0 P 0
L 9.8486384 -2.1811836 10.0534208 -2.385966 0 P 0
L 9.8486384 -2.2464986 10.262867 -1.83227 0 P 0
L 9.8486384 -2.2660364 9.968568 -2.385966 0 P 0
L 9.8486384 -2.3313514 10.3477198 -1.83227 0 P 0
L 9.8486384 -2.3508892 9.8837152 -2.385966 0 P 0
L 9.8486384 -2.385966 10.7985504 -2.385966 0 P 0
L 9.8486384 -2.385966 10.7985504 -2.385966 2 P 0
L 9.8486384 -2.385966 9.8486384 -1.83227 0 P 0
L 9.8486384 -2.385966 9.8486384 -2.2524016 2 P 0
L 9.8788766 -2.385966 10.4325726 -1.83227 0 P 0
L 9.8788766 -2.385966 10.4325726 -1.83227 0 P 0
L 9.9239888 -1.83227 10.4776848 -2.385966 0 P 0
L 9.9637294 -2.385966 10.5174254 -1.83227 0 P 0
