#Layer_Color=32768
#
#Feature symbol names
#
$0 r6
$1 r2
$2 r7
$3 r4
$4 rect118x35
$5 rect35x118
$6 rect68x25
$7 rect25x68

#
#Feature attribute names
#

#
#Layer features
#
L 0.3290945 3.4011811 0.3290945 3.4511811 0 P 0
L 0.3290945 3.4011811 0.4090945 3.4011811 0 P 0
L 0.3290945 3.4511811 0.4090945 3.4511811 0 P 0
L 0.335 3.52 0.335 3.57 0 P 0
L 0.335 3.52 0.415 3.52 0 P 0
L 0.335 3.57 0.415 3.57 0 P 0
L 0.3450945 3.4011811 0.3450945 3.4511811 1 P 0
L 0.351 3.52 0.351 3.57 1 P 0
L 0.3930945 3.4011811 0.3930945 3.4511811 1 P 0
L 0.399 3.52 0.399 3.57 1 P 0
L 0.4090945 3.4011811 0.4090945 3.4511811 0 P 0
L 0.415 3.52 0.415 3.57 0 P 0
L 0.741 1.2046562 0.741 1.2546562 0 P 0
L 0.741 1.2046562 0.821 1.2046562 0 P 0
L 0.741 1.2546562 0.821 1.2546562 0 P 0
L 0.741 1.2688786 0.741 1.3188786 0 P 0
L 0.741 1.2688786 0.821 1.2688786 0 P 0
L 0.741 1.3188786 0.821 1.3188786 0 P 0
L 0.741 1.3340606 0.741 1.3840606 0 P 0
L 0.741 1.3340606 0.821 1.3340606 0 P 0
L 0.741 1.3840606 0.821 1.3840606 0 P 0
L 0.741 1.3973334 0.741 1.4473334 0 P 0
L 0.741 1.3973334 0.821 1.3973334 0 P 0
L 0.741 1.4473334 0.821 1.4473334 0 P 0
L 0.757 1.2046562 0.757 1.2546562 1 P 0
L 0.757 1.2688786 0.757 1.3188786 1 P 0
L 0.757 1.3340606 0.757 1.3840606 1 P 0
L 0.757 1.3973334 0.757 1.4473334 1 P 0
L 0.805 1.2046562 0.805 1.2546562 1 P 0
L 0.805 1.2688786 0.805 1.3188786 1 P 0
L 0.805 1.3340606 0.805 1.3840606 1 P 0
L 0.805 1.3973334 0.805 1.4473334 1 P 0
L 0.821 1.2046562 0.821 1.2546562 0 P 0
L 0.821 1.2688786 0.821 1.3188786 0 P 0
L 0.821 1.3340606 0.821 1.3840606 0 P 0
L 0.821 1.3973334 0.821 1.4473334 0 P 0
L 0.871 1.2821367 0.871 1.3621367 0 P 0
L 0.871 1.2821367 0.921 1.2821367 0 P 0
L 0.871 1.2981367 0.921 1.2981367 1 P 0
L 0.871 1.3461367 0.921 1.3461367 1 P 0
L 0.871 1.3621367 0.921 1.3621367 0 P 0
L 0.921 1.2821367 0.921 1.3621367 0 P 0
L 1.07 1.055 1.07 1.135 0 P 0
L 1.07 1.055 1.12 1.055 0 P 0
L 1.07 1.071 1.12 1.071 1 P 0
L 1.07 1.119 1.12 1.119 1 P 0
L 1.07 1.135 1.12 1.135 0 P 0
L 1.086 1.556 1.086 1.606 0 P 0
L 1.086 1.556 1.166 1.556 0 P 0
L 1.086 1.606 1.166 1.606 0 P 0
L 1.087 1.622 1.087 1.672 0 P 0
L 1.087 1.622 1.167 1.622 0 P 0
L 1.087 1.672 1.167 1.672 0 P 0
L 1.0884142 1.688 1.0884142 1.738 0 P 0
L 1.0884142 1.688 1.1684142 1.688 0 P 0
L 1.0884142 1.738 1.1684142 1.738 0 P 0
L 1.089 1.752 1.089 1.802 0 P 0
L 1.089 1.752 1.169 1.752 0 P 0
L 1.089 1.802 1.169 1.802 0 P 0
L 1.102 1.556 1.102 1.606 1 P 0
L 1.103 1.622 1.103 1.672 1 P 0
L 1.104 1.215 1.104 1.295 0 P 0
L 1.104 1.215 1.154 1.215 0 P 0
L 1.104 1.231 1.154 1.231 1 P 0
L 1.104 1.279 1.154 1.279 1 P 0
L 1.104 1.295 1.154 1.295 0 P 0
L 1.1044142 1.688 1.1044142 1.738 1 P 0
L 1.105 1.752 1.105 1.802 1 P 0
L 1.12 1.055 1.12 1.135 0 P 0
L 1.15 1.556 1.15 1.606 1 P 0
L 1.151 1.622 1.151 1.672 1 P 0
L 1.1524142 1.688 1.1524142 1.738 1 P 0
L 1.153 1.752 1.153 1.802 1 P 0
L 1.154 1.215 1.154 1.295 0 P 0
L 1.166 1.556 1.166 1.606 0 P 0
L 1.167 1.622 1.167 1.672 0 P 0
L 1.1684142 1.688 1.1684142 1.738 0 P 0
L 1.169 1.752 1.169 1.802 0 P 0
L 1.279 1.394 1.279 1.444 0 P 0
L 1.279 1.394 1.359 1.394 0 P 0
L 1.279 1.444 1.359 1.444 0 P 0
L 1.295 1.394 1.295 1.444 1 P 0
L 1.327 1.1651967 1.327 1.2151967 0 P 0
L 1.327 1.1651967 1.407 1.1651967 0 P 0
L 1.327 1.2151967 1.407 1.2151967 0 P 0
L 1.327 1.23 1.327 1.28 0 P 0
L 1.327 1.23 1.407 1.23 0 P 0
L 1.327 1.28 1.407 1.28 0 P 0
L 1.327 1.2951181 1.327 1.3451181 0 P 0
L 1.327 1.2951181 1.407 1.2951181 0 P 0
L 1.327 1.3451181 1.407 1.3451181 0 P 0
L 1.343 1.1651967 1.343 1.2151967 1 P 0
L 1.343 1.23 1.343 1.28 1 P 0
L 1.343 1.2951181 1.343 1.3451181 1 P 0
L 1.343 1.394 1.343 1.444 1 P 0
L 1.352 1.687 1.352 1.767 0 P 0
L 1.352 1.687 1.402 1.687 0 P 0
L 1.352 1.703 1.402 1.703 1 P 0
L 1.352 1.751 1.402 1.751 1 P 0
L 1.352 1.767 1.402 1.767 0 P 0
L 1.359 1.394 1.359 1.444 0 P 0
L 1.381 0.536 1.381 0.624 3 P 0
L 1.381 0.536 1.385 0.536 3 P 0
L 1.381 0.624 1.385 0.624 3 P 0
L 1.385 0.517 1.385 0.643 3 P 0
L 1.385 0.517 1.39 0.521 1 P 0
L 1.385 0.517 1.605 0.517 3 P 0
L 1.385 0.643 1.39 0.639 1 P 0
L 1.385 0.643 1.605 0.643 3 P 0
L 1.39 0.521 1.39 0.639 1 P 0
L 1.39 0.521 1.6 0.521 1 P 0
L 1.39 0.639 1.6 0.639 1 P 0
L 1.391 1.1651967 1.391 1.2151967 1 P 0
L 1.391 1.23 1.391 1.28 1 P 0
L 1.391 1.2951181 1.391 1.3451181 1 P 0
L 1.402 1.687 1.402 1.767 0 P 0
L 1.407 1.1651967 1.407 1.2151967 0 P 0
L 1.407 1.23 1.407 1.28 0 P 0
L 1.407 1.2951181 1.407 1.3451181 0 P 0
L 1.474 0.719 1.474 0.761 3 P 0
L 1.474 0.719 1.479 0.719 3 P 0
L 1.474 0.761 1.479 0.761 3 P 0
L 1.479 0.706 1.479 0.774 0 P 0
L 1.479 0.706 1.601 0.706 0 P 0
L 1.479 0.774 1.601 0.774 0 P 0
L 1.491 2.753 1.491 2.803 0 P 0
L 1.491 2.753 1.571 2.753 0 P 0
L 1.491 2.803 1.571 2.803 0 P 0
L 1.507 2.753 1.507 2.803 1 P 0
L 1.555 2.753 1.555 2.803 1 P 0
L 1.565 0.521 1.565 0.639 1 P 0
L 1.571 2.753 1.571 2.803 0 P 0
L 1.576 0.706 1.576 0.774 3 P 0
L 1.579 1.406 1.579 1.486 0 P 0
L 1.579 1.406 1.629 1.406 0 P 0
L 1.579 1.422 1.629 1.422 1 P 0
L 1.579 1.47 1.629 1.47 1 P 0
L 1.579 1.486 1.629 1.486 0 P 0
L 1.6 0.521 1.6 0.639 1 P 0
L 1.6 0.521 1.605 0.517 1 P 0
L 1.6 0.639 1.605 0.643 1 P 0
L 1.601 0.706 1.601 0.774 0 P 0
L 1.601 0.719 1.606 0.719 3 P 0
L 1.601 0.761 1.606 0.761 3 P 0
L 1.605 0.517 1.605 0.643 3 P 0
L 1.605 0.536 1.609 0.536 3 P 0
L 1.605 0.564 1.609 0.564 3 P 0
L 1.605 0.596 1.609 0.596 3 P 0
L 1.605 0.624 1.609 0.624 3 P 0
L 1.606 0.719 1.606 0.761 3 P 0
L 1.609 0.536 1.609 0.564 3 P 0
L 1.609 0.596 1.609 0.624 3 P 0
L 1.629 1.406 1.629 1.486 0 P 0
L 1.644 0.69 1.674 0.69 2 P 0
L 1.659 0.675 1.659 0.705 2 P 0
L 1.66 0.485 1.69 0.485 2 P 0
L 1.675 0.47 1.675 0.5 2 P 0
L 1.7600036 3.531 1.7600036 3.611 0 P 0
L 1.7600036 3.531 1.8100036 3.531 0 P 0
L 1.7600036 3.547 1.8100036 3.547 1 P 0
L 1.7600036 3.595 1.8100036 3.595 1 P 0
L 1.7600036 3.611 1.8100036 3.611 0 P 0
L 1.8100036 3.531 1.8100036 3.611 0 P 0
L 1.8250036 3.53 1.8250036 3.61 0 P 0
L 1.8250036 3.53 1.8750036 3.53 0 P 0
L 1.8250036 3.546 1.8750036 3.546 1 P 0
L 1.8250036 3.594 1.8750036 3.594 1 P 0
L 1.8250036 3.61 1.8750036 3.61 0 P 0
L 1.8750036 3.53 1.8750036 3.61 0 P 0
L 1.8880036 3.529 1.8880036 3.609 0 P 0
L 1.8880036 3.529 1.9380036 3.529 0 P 0
L 1.8880036 3.545 1.9380036 3.545 1 P 0
L 1.8880036 3.593 1.9380036 3.593 1 P 0
L 1.8880036 3.609 1.9380036 3.609 0 P 0
L 1.9380036 3.529 1.9380036 3.609 0 P 0
L 1.9570588 3.531 1.9570588 3.611 0 P 0
L 1.9570588 3.531 2.0070588 3.531 0 P 0
L 1.9570588 3.547 2.0070588 3.547 1 P 0
L 1.9570588 3.595 2.0070588 3.595 1 P 0
L 1.9570588 3.611 2.0070588 3.611 0 P 0
L 2.0070588 3.531 2.0070588 3.611 0 P 0
L 2.0230036 3.532 2.0230036 3.612 0 P 0
L 2.0230036 3.532 2.0730036 3.532 0 P 0
L 2.0230036 3.548 2.0730036 3.548 1 P 0
L 2.0230036 3.596 2.0730036 3.596 1 P 0
L 2.0230036 3.612 2.0730036 3.612 0 P 0
L 2.0730036 3.532 2.0730036 3.612 0 P 0
L 2.0870036 3.532 2.0870036 3.612 0 P 0
L 2.0870036 3.532 2.1370036 3.532 0 P 0
L 2.0870036 3.548 2.1370036 3.548 1 P 0
L 2.0870036 3.596 2.1370036 3.596 1 P 0
L 2.0870036 3.612 2.1370036 3.612 0 P 0
L 2.1370036 3.532 2.1370036 3.612 0 P 0
L 2.334 3.564 2.334 3.644 0 P 0
L 2.334 3.564 2.384 3.564 0 P 0
L 2.334 3.58 2.384 3.58 1 P 0
L 2.334 3.628 2.384 3.628 1 P 0
L 2.334 3.644 2.384 3.644 0 P 0
L 2.384 3.564 2.384 3.644 0 P 0
L 2.4 3.565 2.4 3.645 0 P 0
L 2.4 3.565 2.45 3.565 0 P 0
L 2.4 3.581 2.45 3.581 1 P 0
L 2.4 3.629 2.45 3.629 1 P 0
L 2.4 3.645 2.45 3.645 0 P 0
L 2.45 3.565 2.45 3.645 0 P 0
L 2.465 3.563 2.465 3.643 0 P 0
L 2.465 3.563 2.515 3.563 0 P 0
L 2.465 3.579 2.515 3.579 1 P 0
L 2.465 3.627 2.515 3.627 1 P 0
L 2.465 3.643 2.515 3.643 0 P 0
L 2.515 3.563 2.515 3.643 0 P 0
L 2.5372058 3.564 2.5372058 3.644 0 P 0
L 2.5372058 3.564 2.5872058 3.564 0 P 0
L 2.5372058 3.58 2.5872058 3.58 1 P 0
L 2.5372058 3.628 2.5872058 3.628 1 P 0
L 2.5372058 3.644 2.5872058 3.644 0 P 0
L 2.5872058 3.564 2.5872058 3.644 0 P 0
L 2.709 2.21 2.709 2.26 0 P 0
L 2.709 2.21 2.789 2.21 0 P 0
L 2.709 2.26 2.789 2.26 0 P 0
L 2.71 2.112 2.71 2.162 0 P 0
L 2.71 2.112 2.79 2.112 0 P 0
L 2.71 2.162 2.79 2.162 0 P 0
L 2.716 1.975 2.716 2.025 0 P 0
L 2.716 1.975 2.796 1.975 0 P 0
L 2.716 2.025 2.796 2.025 0 P 0
L 2.717 1.907 2.717 1.957 0 P 0
L 2.717 1.907 2.797 1.907 0 P 0
L 2.717 1.957 2.797 1.957 0 P 0
L 2.717 2.044 2.717 2.094 0 P 0
L 2.717 2.044 2.797 2.044 0 P 0
L 2.717 2.094 2.797 2.094 0 P 0
L 2.719 1.839 2.719 1.889 0 P 0
L 2.719 1.839 2.799 1.839 0 P 0
L 2.719 1.889 2.799 1.889 0 P 0
L 2.725 2.21 2.725 2.26 1 P 0
L 2.726 2.112 2.726 2.162 1 P 0
L 2.732 1.975 2.732 2.025 1 P 0
L 2.733 1.907 2.733 1.957 1 P 0
L 2.733 2.044 2.733 2.094 1 P 0
L 2.735 1.839 2.735 1.889 1 P 0
L 2.773 2.21 2.773 2.26 1 P 0
L 2.774 2.112 2.774 2.162 1 P 0
L 2.78 1.975 2.78 2.025 1 P 0
L 2.781 1.907 2.781 1.957 1 P 0
L 2.781 2.044 2.781 2.094 1 P 0
L 2.783 1.839 2.783 1.889 1 P 0
L 2.789 2.21 2.789 2.26 0 P 0
L 2.79 2.112 2.79 2.162 0 P 0
L 2.796 1.975 2.796 2.025 0 P 0
L 2.797 1.907 2.797 1.957 0 P 0
L 2.797 2.044 2.797 2.094 0 P 0
L 2.799 1.839 2.799 1.889 0 P 0
L 3.0629284 3.217 3.0629284 3.267 0 P 0
L 3.0629284 3.217 3.1429284 3.217 0 P 0
L 3.0629284 3.267 3.1429284 3.267 0 P 0
L 3.064 3.283 3.064 3.333 0 P 0
L 3.064 3.283 3.144 3.283 0 P 0
L 3.064 3.333 3.144 3.333 0 P 0
L 3.0789284 3.217 3.0789284 3.267 1 P 0
L 3.08 3.283 3.08 3.333 1 P 0
L 3.1269284 3.217 3.1269284 3.267 1 P 0
L 3.128 3.283 3.128 3.333 1 P 0
L 3.1429284 3.217 3.1429284 3.267 0 P 0
L 3.144 3.283 3.144 3.333 0 P 0
L 3.255 1.2046562 3.255 1.2546562 0 P 0
L 3.255 1.2046562 3.335 1.2046562 0 P 0
L 3.255 1.2546562 3.335 1.2546562 0 P 0
L 3.255 1.2688786 3.255 1.3188786 0 P 0
L 3.255 1.2688786 3.335 1.2688786 0 P 0
L 3.255 1.3188786 3.335 1.3188786 0 P 0
L 3.255 1.3340606 3.255 1.3840606 0 P 0
L 3.255 1.3340606 3.335 1.3340606 0 P 0
L 3.255 1.3840606 3.335 1.3840606 0 P 0
L 3.255 1.3973334 3.255 1.4473334 0 P 0
L 3.255 1.3973334 3.335 1.3973334 0 P 0
L 3.255 1.4473334 3.335 1.4473334 0 P 0
L 3.258 3.059 3.258 3.109 0 P 0
L 3.258 3.059 3.338 3.059 0 P 0
L 3.258 3.109 3.338 3.109 0 P 0
L 3.271 1.2046562 3.271 1.2546562 1 P 0
L 3.271 1.2688786 3.271 1.3188786 1 P 0
L 3.271 1.3340606 3.271 1.3840606 1 P 0
L 3.271 1.3973334 3.271 1.4473334 1 P 0
L 3.274 3.059 3.274 3.109 1 P 0
L 3.319 1.2046562 3.319 1.2546562 1 P 0
L 3.319 1.2688786 3.319 1.3188786 1 P 0
L 3.319 1.3340606 3.319 1.3840606 1 P 0
L 3.319 1.3973334 3.319 1.4473334 1 P 0
L 3.322 3.059 3.322 3.109 1 P 0
L 3.335 1.2046562 3.335 1.2546562 0 P 0
L 3.335 1.2688786 3.335 1.3188786 0 P 0
L 3.335 1.3340606 3.335 1.3840606 0 P 0
L 3.335 1.3973334 3.335 1.4473334 0 P 0
L 3.338 3.059 3.338 3.109 0 P 0
L 3.385 1.2821367 3.385 1.3621367 0 P 0
L 3.385 1.2821367 3.435 1.2821367 0 P 0
L 3.385 1.2981367 3.435 1.2981367 1 P 0
L 3.385 1.3461367 3.435 1.3461367 1 P 0
L 3.385 1.3621367 3.435 1.3621367 0 P 0
L 3.39 0.729 3.39 0.747 1 P 0
L 3.39 0.729 3.412 0.729 1 P 0
L 3.39 0.747 3.412 0.747 1 P 0
L 3.397 0.729 3.397 0.747 1 P 0
L 3.403 0.734 3.403 0.742 1 P 0
L 3.412 0.681 3.412 0.795 0 P 0
L 3.412 0.681 3.462 0.681 0 P 0
L 3.412 0.795 3.462 0.795 0 P 0
L 3.435 1.2821367 3.435 1.3621367 0 P 0
L 3.462 0.681 3.462 0.795 0 P 0
L 3.462 0.692 3.484 0.692 1 P 0
L 3.462 0.71 3.484 0.71 1 P 0
L 3.462 0.766 3.484 0.766 1 P 0
L 3.462 0.784 3.484 0.784 1 P 0
L 3.471 0.697 3.471 0.705 1 P 0
L 3.471 0.771 3.471 0.779 1 P 0
L 3.477 0.692 3.477 0.71 1 P 0
L 3.477 0.766 3.477 0.784 1 P 0
L 3.484 0.692 3.484 0.71 1 P 0
L 3.484 0.766 3.484 0.784 1 P 0
L 3.559 3.237 3.559 3.287 0 P 0
L 3.559 3.237 3.639 3.237 0 P 0
L 3.559 3.287 3.639 3.287 0 P 0
L 3.5604142 3.161 3.5604142 3.211 0 P 0
L 3.5604142 3.161 3.6404142 3.161 0 P 0
L 3.5604142 3.211 3.6404142 3.211 0 P 0
L 3.561 0.73 3.561 0.748 1 P 0
L 3.561 0.73 3.583 0.73 1 P 0
L 3.561 0.748 3.583 0.748 1 P 0
L 3.568 0.73 3.568 0.748 1 P 0
L 3.574 0.735 3.574 0.743 1 P 0
L 3.575 3.237 3.575 3.287 1 P 0
L 3.5764142 3.161 3.5764142 3.211 1 P 0
L 3.583 0.682 3.583 0.796 0 P 0
L 3.583 0.682 3.633 0.682 0 P 0
L 3.583 0.796 3.633 0.796 0 P 0
L 3.584 1.055 3.584 1.135 0 P 0
L 3.584 1.055 3.634 1.055 0 P 0
L 3.584 1.071 3.634 1.071 1 P 0
L 3.584 1.119 3.634 1.119 1 P 0
L 3.584 1.135 3.634 1.135 0 P 0
L 3.601 1.554 3.601 1.604 0 P 0
L 3.601 1.554 3.681 1.554 0 P 0
L 3.601 1.604 3.681 1.604 0 P 0
L 3.601 1.619 3.601 1.669 0 P 0
L 3.601 1.619 3.681 1.619 0 P 0
L 3.601 1.669 3.681 1.669 0 P 0
L 3.6024142 1.685 3.6024142 1.735 0 P 0
L 3.6024142 1.685 3.6824142 1.685 0 P 0
L 3.6024142 1.735 3.6824142 1.735 0 P 0
L 3.603 1.748 3.603 1.798 0 P 0
L 3.603 1.748 3.683 1.748 0 P 0
L 3.603 1.798 3.683 1.798 0 P 0
L 3.617 1.554 3.617 1.604 1 P 0
L 3.617 1.619 3.617 1.669 1 P 0
L 3.618 1.215 3.618 1.295 0 P 0
L 3.618 1.215 3.668 1.215 0 P 0
L 3.618 1.231 3.668 1.231 1 P 0
L 3.618 1.279 3.668 1.279 1 P 0
L 3.618 1.295 3.668 1.295 0 P 0
L 3.6184142 1.685 3.6184142 1.735 1 P 0
L 3.619 1.748 3.619 1.798 1 P 0
L 3.623 3.237 3.623 3.287 1 P 0
L 3.6244142 3.161 3.6244142 3.211 1 P 0
L 3.633 0.682 3.633 0.796 0 P 0
L 3.633 0.693 3.655 0.693 1 P 0
L 3.633 0.711 3.655 0.711 1 P 0
L 3.633 0.767 3.655 0.767 1 P 0
L 3.633 0.785 3.655 0.785 1 P 0
L 3.634 1.055 3.634 1.135 0 P 0
L 3.639 3.237 3.639 3.287 0 P 0
L 3.6404142 3.161 3.6404142 3.211 0 P 0
L 3.642 0.698 3.642 0.706 1 P 0
L 3.642 0.772 3.642 0.78 1 P 0
L 3.648 0.693 3.648 0.711 1 P 0
L 3.648 0.767 3.648 0.785 1 P 0
L 3.655 0.693 3.655 0.711 1 P 0
L 3.655 0.767 3.655 0.785 1 P 0
L 3.665 1.554 3.665 1.604 1 P 0
L 3.665 1.619 3.665 1.669 1 P 0
L 3.6664142 1.685 3.6664142 1.735 1 P 0
L 3.667 1.748 3.667 1.798 1 P 0
L 3.668 1.215 3.668 1.295 0 P 0
L 3.681 1.554 3.681 1.604 0 P 0
L 3.681 1.619 3.681 1.669 0 P 0
L 3.6824142 1.685 3.6824142 1.735 0 P 0
L 3.683 1.748 3.683 1.798 0 P 0
L 3.791 1.449 3.791 1.499 0 P 0
L 3.791 1.449 3.871 1.449 0 P 0
L 3.791 1.499 3.871 1.499 0 P 0
L 3.807 1.449 3.807 1.499 1 P 0
L 3.841 1.1651967 3.841 1.2151967 0 P 0
L 3.841 1.1651967 3.921 1.1651967 0 P 0
L 3.841 1.2151967 3.921 1.2151967 0 P 0
L 3.841 1.23 3.841 1.28 0 P 0
L 3.841 1.23 3.921 1.23 0 P 0
L 3.841 1.28 3.921 1.28 0 P 0
L 3.841 1.2951181 3.841 1.3451181 0 P 0
L 3.841 1.2951181 3.921 1.2951181 0 P 0
L 3.841 1.3451181 3.921 1.3451181 0 P 0
L 3.855 1.449 3.855 1.499 1 P 0
L 3.857 1.1651967 3.857 1.2151967 1 P 0
L 3.857 1.23 3.857 1.28 1 P 0
L 3.857 1.2951181 3.857 1.3451181 1 P 0
L 3.866 1.687 3.866 1.767 0 P 0
L 3.866 1.687 3.916 1.687 0 P 0
L 3.866 1.703 3.916 1.703 1 P 0
L 3.866 1.751 3.916 1.751 1 P 0
L 3.866 1.767 3.916 1.767 0 P 0
L 3.871 1.449 3.871 1.499 0 P 0
L 3.905 1.1651967 3.905 1.2151967 1 P 0
L 3.905 1.23 3.905 1.28 1 P 0
L 3.905 1.2951181 3.905 1.3451181 1 P 0
L 3.916 1.687 3.916 1.767 0 P 0
L 3.921 1.1651967 3.921 1.2151967 0 P 0
L 3.921 1.23 3.921 1.28 0 P 0
L 3.921 1.2951181 3.921 1.3451181 0 P 0
L 4.075 0.62 4.075 0.7 0 P 0
L 4.075 0.62 4.125 0.62 0 P 0
L 4.075 0.636 4.125 0.636 1 P 0
L 4.075 0.684 4.125 0.684 1 P 0
L 4.075 0.7 4.125 0.7 0 P 0
L 4.093 1.406 4.093 1.486 0 P 0
L 4.093 1.406 4.143 1.406 0 P 0
L 4.093 1.422 4.143 1.422 1 P 0
L 4.093 1.47 4.143 1.47 1 P 0
L 4.093 1.486 4.143 1.486 0 P 0
L 4.125 0.62 4.125 0.7 0 P 0
L 4.143 1.406 4.143 1.486 0 P 0
L 4.175 0.501 4.205 0.501 2 P 0
L 4.19 0.486 4.19 0.516 2 P 0
L 4.206 0.559 4.206 0.681 0 P 0
L 4.206 0.559 4.274 0.559 0 P 0
L 4.206 0.584 4.274 0.584 3 P 0
L 4.206 0.681 4.274 0.681 0 P 0
L 4.219 0.554 4.219 0.559 3 P 0
L 4.219 0.554 4.261 0.554 3 P 0
L 4.219 0.681 4.219 0.686 3 P 0
L 4.219 0.686 4.261 0.686 3 P 0
L 4.261 0.554 4.261 0.559 3 P 0
L 4.261 0.681 4.261 0.686 3 P 0
L 4.274 0.559 4.274 0.681 0 P 0
L 4.366 0.554 4.366 0.676 0 P 0
L 4.366 0.554 4.434 0.554 0 P 0
L 4.366 0.651 4.434 0.651 3 P 0
L 4.366 0.676 4.434 0.676 0 P 0
L 4.379 0.549 4.379 0.554 3 P 0
L 4.379 0.549 4.421 0.549 3 P 0
L 4.379 0.676 4.379 0.681 3 P 0
L 4.379 0.681 4.421 0.681 3 P 0
L 4.421 0.549 4.421 0.554 3 P 0
L 4.421 0.676 4.421 0.681 3 P 0
L 4.434 0.554 4.434 0.676 0 P 0
L 4.435 0.734 4.465 0.734 2 P 0
L 4.45 0.719 4.45 0.749 2 P 0
L 4.48 0.4963936 4.51 0.4963936 2 P 0
L 4.495 0.4813936 4.495 0.5113936 2 P 0
L 4.511 0.5543936 4.511 0.6763936 0 P 0
L 4.511 0.5543936 4.579 0.5543936 0 P 0
L 4.511 0.5793936 4.579 0.5793936 3 P 0
L 4.511 0.6763936 4.579 0.6763936 0 P 0
L 4.524 0.5493936 4.524 0.5543936 3 P 0
L 4.524 0.5493936 4.566 0.5493936 3 P 0
L 4.524 0.6763936 4.524 0.6813936 3 P 0
L 4.524 0.6813936 4.566 0.6813936 3 P 0
L 4.566 0.5493936 4.566 0.5543936 3 P 0
L 4.566 0.6763936 4.566 0.6813936 3 P 0
L 4.579 0.5543936 4.579 0.6763936 0 P 0
L 5.005 0.495 5.005 0.575 0 P 0
L 5.005 0.495 5.055 0.495 0 P 0
L 5.005 0.511 5.055 0.511 1 P 0
L 5.005 0.559 5.055 0.559 1 P 0
L 5.005 0.575 5.055 0.575 0 P 0
L 5.055 0.495 5.055 0.575 0 P 0
L 5.08 0.495 5.08 0.575 0 P 0
L 5.08 0.495 5.13 0.495 0 P 0
L 5.08 0.511 5.13 0.511 1 P 0
L 5.08 0.559 5.13 0.559 1 P 0
L 5.08 0.575 5.13 0.575 0 P 0
L 5.13 0.495 5.13 0.575 0 P 0
L 5.143 1.733 5.143 1.813 0 P 0
L 5.143 1.733 5.193 1.733 0 P 0
L 5.143 1.749 5.193 1.749 1 P 0
L 5.143 1.797 5.193 1.797 1 P 0
L 5.143 1.813 5.193 1.813 0 P 0
L 5.155 0.496 5.155 0.576 0 P 0
L 5.155 0.496 5.205 0.496 0 P 0
L 5.155 0.512 5.205 0.512 1 P 0
L 5.155 0.56 5.205 0.56 1 P 0
L 5.155 0.576 5.205 0.576 0 P 0
L 5.193 1.733 5.193 1.813 0 P 0
L 5.205 0.496 5.205 0.576 0 P 0
L 5.211 1.733 5.211 1.813 0 P 0
L 5.211 1.733 5.261 1.733 0 P 0
L 5.211 1.749 5.261 1.749 1 P 0
L 5.211 1.797 5.261 1.797 1 P 0
L 5.211 1.813 5.261 1.813 0 P 0
L 5.261 1.733 5.261 1.813 0 P 0
L 5.295 1.732 5.295 1.812 0 P 0
L 5.295 1.732 5.345 1.732 0 P 0
L 5.295 1.748 5.345 1.748 1 P 0
L 5.295 1.796 5.345 1.796 1 P 0
L 5.295 1.812 5.345 1.812 0 P 0
L 5.299 1.274 5.329 1.274 2 P 0
L 5.314 1.259 5.314 1.289 2 P 0
L 5.345 1.732 5.345 1.812 0 P 0
L 5.346 0.984 5.346 1.204 3 P 0
L 5.346 0.984 5.35 0.989 1 P 0
L 5.346 0.984 5.472 0.984 3 P 0
L 5.346 1.204 5.35 1.199 1 P 0
L 5.346 1.204 5.472 1.204 3 P 0
L 5.35 0.989 5.35 1.199 1 P 0
L 5.35 0.989 5.468 0.989 1 P 0
L 5.35 1.164 5.468 1.164 1 P 0
L 5.35 1.199 5.468 1.199 1 P 0
L 5.365 0.98 5.365 0.984 3 P 0
L 5.365 0.98 5.453 0.98 3 P 0
L 5.365 1.204 5.365 1.208 3 P 0
L 5.365 1.208 5.393 1.208 3 P 0
L 5.393 1.204 5.393 1.208 3 P 0
L 5.425 1.204 5.425 1.208 3 P 0
L 5.425 1.208 5.453 1.208 3 P 0
L 5.453 0.98 5.453 0.984 3 P 0
L 5.453 1.204 5.453 1.208 3 P 0
L 5.468 0.989 5.468 1.199 1 P 0
L 5.468 0.989 5.472 0.984 1 P 0
L 5.468 1.199 5.472 1.204 1 P 0
L 5.472 0.984 5.472 1.204 3 P 0
L 5.49 1.39 5.52 1.39 2 P 0
L 5.505 1.375 5.505 1.405 2 P 0
L 5.537 1.1 5.537 1.32 3 P 0
L 5.537 1.1 5.541 1.105 1 P 0
L 5.537 1.1 5.663 1.1 3 P 0
L 5.537 1.32 5.541 1.315 1 P 0
L 5.537 1.32 5.663 1.32 3 P 0
L 5.541 1.105 5.541 1.315 1 P 0
L 5.541 1.105 5.659 1.105 1 P 0
L 5.541 1.28 5.659 1.28 1 P 0
L 5.541 1.315 5.659 1.315 1 P 0
L 5.556 1.096 5.556 1.1 3 P 0
L 5.556 1.096 5.644 1.096 3 P 0
L 5.556 1.32 5.556 1.324 3 P 0
L 5.556 1.324 5.584 1.324 3 P 0
L 5.584 1.32 5.584 1.324 3 P 0
L 5.616 1.32 5.616 1.324 3 P 0
L 5.616 1.324 5.644 1.324 3 P 0
L 5.644 1.096 5.644 1.1 3 P 0
L 5.644 1.32 5.644 1.324 3 P 0
L 5.659 1.105 5.659 1.315 1 P 0
L 5.659 1.105 5.663 1.1 1 P 0
L 5.659 1.315 5.663 1.32 1 P 0
L 5.663 1.1 5.663 1.32 3 P 0
L 5.71 0.825 5.71 0.875 0 P 0
L 5.71 0.825 5.79 0.825 0 P 0
L 5.71 0.875 5.79 0.875 0 P 0
L 5.71 0.89 5.71 0.94 0 P 0
L 5.71 0.89 5.79 0.89 0 P 0
L 5.71 0.94 5.79 0.94 0 P 0
L 5.726 0.825 5.726 0.875 1 P 0
L 5.726 0.89 5.726 0.94 1 P 0
L 5.774 0.825 5.774 0.875 1 P 0
L 5.774 0.89 5.774 0.94 1 P 0
L 5.79 0.825 5.79 0.875 0 P 0
L 5.79 0.89 5.79 0.94 0 P 0
P 1.5825586 0.5800002 5 P 0 0
P 1.5885 0.74 7 P 0 0
P 4.24 0.571503 6 P 0 0
P 4.4 0.6634988 6 P 0 0
P 4.5450024 0.5668936 6 P 0 0
P 5.409055 1.181488 4 P 0 0
P 5.6000638 1.297528 4 P 0 0
