#Layer_Color=32768
#
#Feature symbol names
#
$0 r2
$1 r6
$2 r7
$3 r4
$4 rect25x68
$5 rect25x68_360

#
#Feature attribute names
#

#
#Layer features
#
L 22.4570315 15.2892598 22.4570315 15.3392598 1 P 0
L 22.4570315 15.2892598 22.5370315 15.2892598 1 P 0
L 22.4570315 15.3392598 22.5370315 15.3392598 1 P 0
L 22.4650315 15.5242598 22.4650315 15.5742598 1 P 0
L 22.4650315 15.5242598 22.5450315 15.5242598 1 P 0
L 22.4650315 15.5742598 22.5450315 15.5742598 1 P 0
L 22.4730315 15.2892598 22.4730315 15.3392598 0 P 0
L 22.4780315 16.2632598 22.4780315 16.3132598 1 P 0
L 22.4780315 16.2632598 22.5580315 16.2632598 1 P 0
L 22.4780315 16.3132598 22.5580315 16.3132598 1 P 0
L 22.4810315 15.5242598 22.4810315 15.5742598 0 P 0
L 22.4810315 17.4732598 22.4810315 17.5232598 1 P 0
L 22.4810315 17.4732598 22.5610315 17.4732598 1 P 0
L 22.4810315 17.5232598 22.5610315 17.5232598 1 P 0
L 22.4850315 16.4992598 22.4850315 16.5492598 1 P 0
L 22.4850315 16.4992598 22.5650315 16.4992598 1 P 0
L 22.4850315 16.5492598 22.5650315 16.5492598 1 P 0
L 22.4880315 18.2122598 22.4880315 18.2622598 1 P 0
L 22.4880315 18.2122598 22.5680315 18.2122598 1 P 0
L 22.4880315 18.2622598 22.5680315 18.2622598 1 P 0
L 22.4890315 17.2382598 22.4890315 17.2882598 1 P 0
L 22.4890315 17.2382598 22.5690315 17.2382598 1 P 0
L 22.4890315 17.2882598 22.5690315 17.2882598 1 P 0
L 22.4940315 16.2632598 22.4940315 16.3132598 0 P 0
L 22.4950315 18.4492598 22.4950315 18.4992598 1 P 0
L 22.4950315 18.4492598 22.5750315 18.4492598 1 P 0
L 22.4950315 18.4992598 22.5750315 18.4992598 1 P 0
L 22.4970315 17.4732598 22.4970315 17.5232598 0 P 0
L 22.5010315 16.4992598 22.5010315 16.5492598 0 P 0
L 22.5040315 18.2122598 22.5040315 18.2622598 0 P 0
L 22.5050315 17.2382598 22.5050315 17.2882598 0 P 0
L 22.5110315 18.4492598 22.5110315 18.4992598 0 P 0
L 22.5210315 15.2892598 22.5210315 15.3392598 0 P 0
L 22.5290315 15.5242598 22.5290315 15.5742598 0 P 0
L 22.5370315 15.2892598 22.5370315 15.3392598 1 P 0
L 22.5420315 16.2632598 22.5420315 16.3132598 0 P 0
L 22.5450315 15.5242598 22.5450315 15.5742598 1 P 0
L 22.5450315 17.4732598 22.5450315 17.5232598 0 P 0
L 22.5490315 16.4992598 22.5490315 16.5492598 0 P 0
L 22.5520315 18.2122598 22.5520315 18.2622598 0 P 0
L 22.5530315 17.2382598 22.5530315 17.2882598 0 P 0
L 22.5580315 16.2632598 22.5580315 16.3132598 1 P 0
L 22.5590315 18.4492598 22.5590315 18.4992598 0 P 0
L 22.5610315 17.4732598 22.5610315 17.5232598 1 P 0
L 22.5650315 16.4992598 22.5650315 16.5492598 1 P 0
L 22.5680315 18.2122598 22.5680315 18.2622598 1 P 0
L 22.5690315 17.2382598 22.5690315 17.2882598 1 P 0
L 22.5750315 18.4492598 22.5750315 18.4992598 1 P 0
L 22.6771418 15.729622 22.6771418 15.779622 1 P 0
L 22.6771418 15.729622 22.7571418 15.729622 1 P 0
L 22.6771418 15.779622 22.7571418 15.779622 1 P 0
L 22.6821418 15.729622 22.6821418 15.779622 1 P 0
L 22.6821418 15.729622 22.7621418 15.729622 1 P 0
L 22.6821418 15.779622 22.7621418 15.779622 1 P 0
L 22.6821418 15.819622 22.6821418 15.869622 1 P 0
L 22.6821418 15.819622 22.7621418 15.819622 1 P 0
L 22.6821418 15.869622 22.7621418 15.869622 1 P 0
L 22.6871418 15.817622 22.6871418 15.867622 1 P 0
L 22.6871418 15.817622 22.7671418 15.817622 1 P 0
L 22.6871418 15.867622 22.7671418 15.867622 1 P 0
L 22.6931418 15.729622 22.6931418 15.779622 0 P 0
L 22.6981418 15.729622 22.6981418 15.779622 0 P 0
L 22.6981418 15.819622 22.6981418 15.869622 0 P 0
L 22.7031418 15.817622 22.7031418 15.867622 0 P 0
L 22.720315 16.3768346 22.720315 16.4368346 1 P 0
L 22.720315 16.3768346 22.840315 16.3768346 1 P 0
L 22.720315 16.4368346 22.840315 16.4368346 1 P 0
L 22.731315 16.1788346 22.731315 16.2588346 1 P 0
L 22.731315 16.1788346 22.781315 16.1788346 1 P 0
L 22.731315 16.1948346 22.781315 16.1948346 0 P 0
L 22.731315 16.2428346 22.781315 16.2428346 0 P 0
L 22.731315 16.2588346 22.781315 16.2588346 1 P 0
L 22.740315 16.3768346 22.740315 16.4368346 0 P 0
L 22.7411418 15.729622 22.7411418 15.779622 0 P 0
L 22.7461418 15.729622 22.7461418 15.779622 0 P 0
L 22.7461418 15.819622 22.7461418 15.869622 0 P 0
L 22.7511418 15.817622 22.7511418 15.867622 0 P 0
L 22.7521418 15.539622 22.7521418 15.619622 1 P 0
L 22.7521418 15.539622 22.8021418 15.539622 1 P 0
L 22.7521418 15.555622 22.8021418 15.555622 0 P 0
L 22.7521418 15.603622 22.8021418 15.603622 0 P 0
L 22.7521418 15.619622 22.8021418 15.619622 1 P 0
L 22.7571418 15.729622 22.7571418 15.779622 1 P 0
L 22.7621418 15.729622 22.7621418 15.779622 1 P 0
L 22.7621418 15.819622 22.7621418 15.869622 1 P 0
L 22.7671418 15.817622 22.7671418 15.867622 1 P 0
L 22.781315 16.1788346 22.781315 16.2588346 1 P 0
L 22.8021418 15.539622 22.8021418 15.619622 1 P 0
L 22.820315 16.3768346 22.820315 16.4368346 0 P 0
L 22.8300315 17.2072598 22.8600315 17.2072598 2 P 0
L 22.840315 16.3768346 22.840315 16.4368346 1 P 0
L 22.8410315 17.6382598 22.8710315 17.6382598 2 P 0
L 22.8450315 17.1922598 22.8450315 17.2222598 2 P 0
L 22.8560315 17.6232598 22.8560315 17.6532598 2 P 0
L 22.8871418 15.809622 22.8871418 15.859622 1 P 0
L 22.8871418 15.809622 22.9671418 15.809622 1 P 0
L 22.8871418 15.859622 22.9671418 15.859622 1 P 0
L 22.8980315 17.1362598 22.8980315 17.1782598 3 P 0
L 22.8980315 17.1362598 22.9030315 17.1362598 3 P 0
L 22.8980315 17.1782598 22.9030315 17.1782598 3 P 0
L 22.900315 16.1718346 22.900315 16.2218346 1 P 0
L 22.900315 16.1718346 22.980315 16.1718346 1 P 0
L 22.900315 16.2218346 22.980315 16.2218346 1 P 0
L 22.9030315 17.1232598 22.9030315 17.1912598 1 P 0
L 22.9030315 17.1232598 23.0250315 17.1232598 1 P 0
L 22.9030315 17.1912598 23.0250315 17.1912598 1 P 0
L 22.9031418 15.809622 22.9031418 15.859622 0 P 0
L 22.9090315 17.5672598 22.9090315 17.6092598 3 P 0
L 22.9090315 17.5672598 22.9140315 17.5672598 3 P 0
L 22.9090315 17.6092598 22.9140315 17.6092598 3 P 0
L 22.9140315 17.5542598 22.9140315 17.6222598 1 P 0
L 22.9140315 17.5542598 23.0360315 17.5542598 1 P 0
L 22.9140315 17.6222598 23.0360315 17.6222598 1 P 0
L 22.916315 16.1718346 22.916315 16.2218346 0 P 0
L 22.9280315 17.1232598 22.9280315 17.1912598 3 P 0
L 22.9390315 17.5542598 22.9390315 17.6222598 3 P 0
L 22.9511418 15.809622 22.9511418 15.859622 0 P 0
L 22.964315 16.1718346 22.964315 16.2218346 0 P 0
L 22.9671418 15.809622 22.9671418 15.859622 1 P 0
L 22.9741418 16.379622 22.9741418 16.439622 1 P 0
L 22.9741418 16.379622 23.0941418 16.379622 1 P 0
L 22.9741418 16.439622 23.0941418 16.439622 1 P 0
L 22.980315 16.1718346 22.980315 16.2218346 1 P 0
L 22.985315 16.2668346 22.985315 16.3468346 1 P 0
L 22.985315 16.2668346 23.035315 16.2668346 1 P 0
L 22.985315 16.2828346 23.035315 16.2828346 0 P 0
L 22.985315 16.3308346 23.035315 16.3308346 0 P 0
L 22.985315 16.3468346 23.035315 16.3468346 1 P 0
L 22.9941418 16.379622 22.9941418 16.439622 0 P 0
L 22.9971418 15.644622 22.9971418 15.724622 1 P 0
L 22.9971418 15.644622 23.0471418 15.644622 1 P 0
L 22.9971418 15.660622 23.0471418 15.660622 0 P 0
L 22.9971418 15.708622 23.0471418 15.708622 0 P 0
L 22.9971418 15.724622 23.0471418 15.724622 1 P 0
L 23.0250315 17.1232598 23.0250315 17.1912598 1 P 0
L 23.0250315 17.1362598 23.0300315 17.1362598 3 P 0
L 23.0250315 17.1782598 23.0300315 17.1782598 3 P 0
L 23.0300315 17.1362598 23.0300315 17.1782598 3 P 0
L 23.035315 16.1768346 23.035315 16.2268346 1 P 0
L 23.035315 16.1768346 23.115315 16.1768346 1 P 0
L 23.035315 16.2268346 23.115315 16.2268346 1 P 0
L 23.035315 16.2418346 23.035315 16.2918346 1 P 0
L 23.035315 16.2418346 23.115315 16.2418346 1 P 0
L 23.035315 16.2668346 23.035315 16.3468346 1 P 0
L 23.035315 16.2918346 23.115315 16.2918346 1 P 0
L 23.035315 16.3068346 23.035315 16.3568346 1 P 0
L 23.035315 16.3068346 23.115315 16.3068346 1 P 0
L 23.035315 16.3568346 23.115315 16.3568346 1 P 0
L 23.0360315 17.5542598 23.0360315 17.6222598 1 P 0
L 23.0360315 17.5672598 23.0410315 17.5672598 3 P 0
L 23.0360315 17.6092598 23.0410315 17.6092598 3 P 0
L 23.0410315 17.5672598 23.0410315 17.6092598 3 P 0
L 23.0471418 15.644622 23.0471418 15.724622 1 P 0
L 23.051315 16.1768346 23.051315 16.2268346 0 P 0
L 23.051315 16.2418346 23.051315 16.2918346 0 P 0
L 23.051315 16.3068346 23.051315 16.3568346 0 P 0
L 23.0741418 16.379622 23.0741418 16.439622 0 P 0
L 23.080315 16.4668346 23.080315 16.5168346 1 P 0
L 23.080315 16.4668346 23.160315 16.4668346 1 P 0
L 23.080315 16.5168346 23.160315 16.5168346 1 P 0
L 23.0871418 15.724622 23.0871418 15.774622 1 P 0
L 23.0871418 15.724622 23.1671418 15.724622 1 P 0
L 23.0871418 15.774622 23.1671418 15.774622 1 P 0
L 23.0871418 15.804622 23.0871418 15.854622 1 P 0
L 23.0871418 15.804622 23.1671418 15.804622 1 P 0
L 23.0871418 15.854622 23.1671418 15.854622 1 P 0
L 23.0941418 16.379622 23.0941418 16.439622 1 P 0
L 23.096315 16.4668346 23.096315 16.5168346 0 P 0
L 23.099315 16.1768346 23.099315 16.2268346 0 P 0
L 23.099315 16.2418346 23.099315 16.2918346 0 P 0
L 23.099315 16.3068346 23.099315 16.3568346 0 P 0
L 23.1021418 15.204622 23.1021418 15.284622 1 P 0
L 23.1021418 15.204622 23.1521418 15.204622 1 P 0
L 23.1021418 15.220622 23.1521418 15.220622 0 P 0
L 23.1021418 15.268622 23.1521418 15.268622 0 P 0
L 23.1021418 15.284622 23.1521418 15.284622 1 P 0
L 23.1031418 15.724622 23.1031418 15.774622 0 P 0
L 23.1031418 15.804622 23.1031418 15.854622 0 P 0
L 23.115315 16.1768346 23.115315 16.2268346 1 P 0
L 23.115315 16.2418346 23.115315 16.2918346 1 P 0
L 23.115315 16.3068346 23.115315 16.3568346 1 P 0
L 23.144315 16.4668346 23.144315 16.5168346 0 P 0
L 23.1511418 15.724622 23.1511418 15.774622 0 P 0
L 23.1511418 15.804622 23.1511418 15.854622 0 P 0
L 23.1521418 15.204622 23.1521418 15.284622 1 P 0
L 23.160315 16.4668346 23.160315 16.5168346 1 P 0
L 23.1671418 15.724622 23.1671418 15.774622 1 P 0
L 23.1671418 15.804622 23.1671418 15.854622 1 P 0
L 24.4650315 17.3232598 24.4650315 17.3732598 1 P 0
L 24.4650315 17.3232598 24.5450315 17.3232598 1 P 0
L 24.4650315 17.3732598 24.5450315 17.3732598 1 P 0
L 24.4810315 17.3232598 24.4810315 17.3732598 0 P 0
L 24.5290315 17.3232598 24.5290315 17.3732598 0 P 0
L 24.5450315 17.3232598 24.5450315 17.3732598 1 P 0
L 24.5570315 16.9692598 24.5570315 17.0112598 3 P 0
L 24.5570315 16.9692598 24.5620315 16.9692598 3 P 0
L 24.5570315 17.0112598 24.5620315 17.0112598 3 P 0
L 24.5620315 16.9562598 24.5620315 17.0242598 1 P 0
L 24.5620315 16.9562598 24.6840315 16.9562598 1 P 0
L 24.5620315 17.0242598 24.6840315 17.0242598 1 P 0
L 24.5860315 17.0602598 24.5860315 17.1102598 1 P 0
L 24.5860315 17.0602598 24.6660315 17.0602598 1 P 0
L 24.5860315 17.1102598 24.6660315 17.1102598 1 P 0
L 24.5880315 16.8582598 24.5880315 16.9082598 1 P 0
L 24.5880315 16.8582598 24.6680315 16.8582598 1 P 0
L 24.5880315 16.9082598 24.6680315 16.9082598 1 P 0
L 24.6020315 17.0602598 24.6020315 17.1102598 0 P 0
L 24.6040315 16.8582598 24.6040315 16.9082598 0 P 0
L 24.6500315 17.0602598 24.6500315 17.1102598 0 P 0
L 24.6520315 16.8582598 24.6520315 16.9082598 0 P 0
L 24.6590315 16.9562598 24.6590315 17.0242598 3 P 0
L 24.6660315 17.0602598 24.6660315 17.1102598 1 P 0
L 24.6680315 16.8582598 24.6680315 16.9082598 1 P 0
L 24.6800315 17.4112598 24.6800315 17.4612598 1 P 0
L 24.6800315 17.4112598 24.7600315 17.4112598 1 P 0
L 24.6800315 17.4612598 24.7600315 17.4612598 1 P 0
L 24.6840315 16.9562598 24.6840315 17.0242598 1 P 0
L 24.6840315 16.9692598 24.6890315 16.9692598 3 P 0
L 24.6840315 17.0112598 24.6890315 17.0112598 3 P 0
L 24.6890315 16.9692598 24.6890315 17.0112598 3 P 0
L 24.6960315 17.4112598 24.6960315 17.4612598 0 P 0
L 24.7270315 16.9402598 24.7570315 16.9402598 2 P 0
L 24.7420315 16.9252598 24.7420315 16.9552598 2 P 0
L 24.7440315 17.4112598 24.7440315 17.4612598 0 P 0
L 24.7600315 17.4112598 24.7600315 17.4612598 1 P 0
L 25.3640315 15.6372598 25.3640315 15.6872598 1 P 0
L 25.3640315 15.6372598 25.4780315 15.6372598 1 P 0
L 25.3640315 15.6872598 25.4780315 15.6872598 1 P 0
L 25.3750315 15.6152598 25.3750315 15.6372598 0 P 0
L 25.3750315 15.6152598 25.3930315 15.6152598 0 P 0
L 25.3750315 15.6222598 25.3930315 15.6222598 0 P 0
L 25.3800315 15.6282598 25.3880315 15.6282598 0 P 0
L 25.3930315 15.6152598 25.3930315 15.6372598 0 P 0
L 25.4120315 15.6872598 25.4120315 15.7092598 0 P 0
L 25.4120315 15.7022598 25.4300315 15.7022598 0 P 0
L 25.4120315 15.7092598 25.4300315 15.7092598 0 P 0
L 25.4170315 15.6962598 25.4250315 15.6962598 0 P 0
L 25.4300315 15.6872598 25.4300315 15.7092598 0 P 0
L 25.4490315 15.6152598 25.4490315 15.6372598 0 P 0
L 25.4490315 15.6152598 25.4670315 15.6152598 0 P 0
L 25.4490315 15.6222598 25.4670315 15.6222598 0 P 0
L 25.4540315 15.6282598 25.4620315 15.6282598 0 P 0
L 25.4670315 15.6152598 25.4670315 15.6372598 0 P 0
L 25.4780315 15.6372598 25.4780315 15.6872598 1 P 0
L 25.6480315 15.7672598 25.6480315 15.8472598 1 P 0
L 25.6480315 15.7672598 25.6980315 15.7672598 1 P 0
L 25.6480315 15.7832598 25.6980315 15.7832598 0 P 0
L 25.6480315 15.8312598 25.6980315 15.8312598 0 P 0
L 25.6480315 15.8472598 25.6980315 15.8472598 1 P 0
L 25.6980315 15.7672598 25.6980315 15.8472598 1 P 0
L 26.0170315 17.8432598 26.0170315 17.9232598 1 P 0
L 26.0170315 17.8432598 26.0670315 17.8432598 1 P 0
L 26.0170315 17.8592598 26.0670315 17.8592598 0 P 0
L 26.0170315 17.9072598 26.0670315 17.9072598 0 P 0
L 26.0170315 17.9232598 26.0670315 17.9232598 1 P 0
L 26.0250315 18.6032598 26.0250315 18.6832598 1 P 0
L 26.0250315 18.6032598 26.0750315 18.6032598 1 P 0
L 26.0250315 18.6192598 26.0750315 18.6192598 0 P 0
L 26.0250315 18.6672598 26.0750315 18.6672598 0 P 0
L 26.0250315 18.6832598 26.0750315 18.6832598 1 P 0
L 26.0670315 17.8432598 26.0670315 17.9232598 1 P 0
L 26.0750315 18.6032598 26.0750315 18.6832598 1 P 0
L 26.7330315 15.9822598 26.7330315 16.0322598 1 P 0
L 26.7330315 15.9822598 26.8130315 15.9822598 1 P 0
L 26.7330315 16.0322598 26.8130315 16.0322598 1 P 0
L 26.7490315 15.9822598 26.7490315 16.0322598 0 P 0
L 26.7750315 15.1262598 26.7750315 15.1762598 1 P 0
L 26.7750315 15.1262598 26.8550315 15.1262598 1 P 0
L 26.7750315 15.1762598 26.8550315 15.1762598 1 P 0
L 26.7910315 15.1262598 26.7910315 15.1762598 0 P 0
L 26.7970315 15.9822598 26.7970315 16.0322598 0 P 0
L 26.8130315 15.9822598 26.8130315 16.0322598 1 P 0
L 26.8390315 15.1262598 26.8390315 15.1762598 0 P 0
L 26.8550315 15.1262598 26.8550315 15.1762598 1 P 0
P 22.9155262 17.1572594 4 P 0 0
P 22.9265178 17.5882594 4 P 0 0
P 24.6716102 16.9902568 5 P 0 0
