#Layer_Physical_Order=2
#Layer_Color=36540
#
#Feature symbol names
#
$0 r5
$1 r12.0079
$2 r59.0551
$3 s59.0551
$4 r10

#
#Feature attribute names
#
@0 .geometry
@1 .pad_usage
@2 .nomenclature
@3 .string
@4 .string_angle

#
#Feature attribute text strings
#
&0 \*.G1 - MID LAYER 1 GERBER DATA 
&1 Pad_Simple_X59.0551Y59.0551H35.4331C75.4331
&2 Pad_Complex_X59.0551Y59.0551H35.4331C75.4331
&3 VIA_RoundD10.0000H6.0000C46.0000

#
#Layer features
#
L 0.9460472 1.540811 1.0090196 1.6037834 0 P 0
L 0.9460472 1.640811 1.0090196 1.7037834 0 P 0
L 0.9460472 1.740811 1.0090196 1.8037834 0 P 0
L 0.9460472 1.840811 1.0090196 1.9037834 0 P 0
L 0.9460472 1.940811 1.0090196 2.0037834 0 P 0
L 0.9460472 2.040811 1.0090196 2.1037834 0 P 0
L 0.9460472 2.140811 1.0090196 2.2037834 0 P 0
L 0.9460472 2.240811 1.0090196 2.3037834 0 P 0
L 0.9460472 2.340811 1.0090196 2.4037834 0 P 0
L 0.9460472 2.440811 1.0090196 2.5037834 0 P 0
L 0.9460472 2.540811 1.0090196 2.6037834 0 P 0
L 0.9460472 2.640811 1.0090196 2.7037834 0 P 0
L 0.9460472 2.740811 1.0090196 2.8037834 0 P 0
L 0.9460472 2.840811 0.9990196 2.8937834 0 P 0
L 0.9460472 2.940811 0.9936823 2.940811 0 P 0
L 0.9460472 3.040811 1.0090196 2.9778386 0 P 0
L 0.9460472 3.140811 1.0090196 3.0778386 0 P 0
L 0.9460472 3.240811 1.0090196 3.1778386 0 P 0
L 0.9460472 3.340811 1.0090196 3.2778386 0 P 0
L 0.9460472 3.440811 1.0090196 3.3778386 0 P 0
L 0.9460472 3.540811 1.0090196 3.4778386 0 P 0
L 0.9460472 3.640811 1.0090196 3.5778386 0 P 0
L 0.9460472 3.740811 1.0090196 3.6778386 0 P 0
L 0.9460472 3.840811 1.0090196 3.7778386 0 P 0
L 0.9460472 3.940811 1.0090196 3.8778386 0 P 0
L 0.9460472 4.040811 1.0090196 3.9778386 0 P 0
L 0.9460472 4.140811 1.0090196 4.0778386 0 P 0
L 0.9460472 4.240811 1.0090196 4.1778386 0 P 0
L 0.9460472 4.340811 1.0090196 4.2778386 0 P 0
L 0.9460472 4.4094094 0.9460472 4.440811 0 P 0
L 0.9460472 4.4094094 1.0090196 4.346437 0 P 0
L 0.9936823 2.940811 1.0307099 2.9037834 0 P 0
L 0.9990196 2.8937834 1.0655266 2.8937834 0 P 0
L 1.0090196 1.6037834 1.0613845 1.6037834 0 P 0
L 1.0090196 1.7037834 1.0613845 1.7037834 0 P 0
L 1.0090196 1.8037834 1.0613845 1.8037834 0 P 0
L 1.0090196 1.9037834 1.0613845 1.9037834 0 P 0
L 1.0090196 2.0037834 1.0613845 2.0037834 0 P 0
L 1.0090196 2.1037834 1.0613845 2.1037834 0 P 0
L 1.0090196 2.2037834 1.0613845 2.2037834 0 P 0
L 1.0090196 2.3037834 1.0613845 2.3037834 0 P 0
L 1.0090196 2.4037834 1.0613845 2.4037834 0 P 0
L 1.0090196 2.5037834 1.0613845 2.5037834 0 P 0
L 1.0090196 2.6037834 1.0613845 2.6037834 0 P 0
L 1.0090196 2.7037834 1.0613845 2.7037834 0 P 0
L 1.0090196 2.8037834 1.0613845 2.8037834 0 P 0
L 1.0090196 2.9778386 1.0613845 2.9778386 0 P 0
L 1.0090196 3.0254737 1.0090196 3.0778386 0 P 0
L 1.0090196 3.0254737 1.0307099 3.0037834 0 P 0
L 1.0090196 3.1254737 1.0090196 3.1778386 0 P 0
L 1.0090196 3.1254737 1.0307099 3.1037834 0 P 0
L 1.0090196 3.2254737 1.0090196 3.2778386 0 P 0
L 1.0090196 3.2254737 1.0307099 3.2037834 0 P 0
L 1.0090196 3.3254737 1.0090196 3.3778386 0 P 0
L 1.0090196 3.3254737 1.0307099 3.3037834 0 P 0
L 1.0090196 3.4254737 1.0090196 3.4778386 0 P 0
L 1.0090196 3.4254737 1.0307099 3.4037834 0 P 0
L 1.0090196 3.5254737 1.0090196 3.5778386 0 P 0
L 1.0090196 3.5254737 1.0307099 3.5037834 0 P 0
L 1.0090196 3.6254737 1.0090196 3.6778386 0 P 0
L 1.0090196 3.6254737 1.0307099 3.6037834 0 P 0
L 1.0090196 3.7254737 1.0090196 3.7778386 0 P 0
L 1.0090196 3.7254737 1.0307099 3.7037834 0 P 0
L 1.0090196 3.8254737 1.0090196 3.8778386 0 P 0
L 1.0090196 3.8254737 1.0307099 3.8037834 0 P 0
L 1.0090196 3.9254737 1.0090196 3.9778386 0 P 0
L 1.0090196 3.9254737 1.0307099 3.9037834 0 P 0
L 1.0090196 4.0254737 1.0090196 4.0778386 0 P 0
L 1.0090196 4.0254737 1.0307099 4.0037834 0 P 0
L 1.0090196 4.1254737 1.0090196 4.1778386 0 P 0
L 1.0090196 4.1254737 1.0307099 4.1037834 0 P 0
L 1.0090196 4.2254737 1.0090196 4.2778386 0 P 0
L 1.0090196 4.2254737 1.0307099 4.2037834 0 P 0
L 1.0090196 4.3254737 1.0090196 4.346437 0 P 0
L 1.0090196 4.3254737 1.0307099 4.3037834 0 P 0
L 1.0307099 2.9037834 1.0613845 2.9037834 0 P 0
L 1.0307099 3.0037834 1.0830748 3.0037834 0 P 0
L 1.0307099 3.1037834 1.0830748 3.1037834 0 P 0
L 1.0307099 3.2037834 1.0830748 3.2037834 0 P 0
L 1.0307099 3.3037834 1.0830748 3.3037834 0 P 0
L 1.0307099 3.4037834 1.0830748 3.4037834 0 P 0
L 1.0307099 3.5037834 1.0830748 3.5037834 0 P 0
L 1.0307099 3.6037834 1.0830748 3.6037834 0 P 0
L 1.0307099 3.7037834 1.0830748 3.7037834 0 P 0
L 1.0307099 3.8037834 1.0830748 3.8037834 0 P 0
L 1.0307099 3.9037834 1.0830748 3.9037834 0 P 0
L 1.0307099 4.0037834 1.0830748 4.0037834 0 P 0
L 1.0307099 4.1037834 1.0830748 4.1037834 0 P 0
L 1.0307099 4.2037834 1.0830748 4.2037834 0 P 0
L 1.0307099 4.3037834 1.0516732 4.3037834 0 P 0
L 1.0516732 4.3037834 2.1230472 3.2324094 0 P 0
L 1.0613845 1.6037834 2.1191443 2.6615432 0 P 0
L 1.0613845 1.7037834 1.0830748 1.7254737 0 P 0
L 1.0613845 1.8037834 1.9585145 2.7009134 0 P 0
L 1.0613845 1.9037834 1.0830748 1.9254737 0 P 0
L 1.0613845 2.0037834 1.7978845 2.7402834 0 P 0
L 1.0613845 2.1037834 1.0830748 2.1254737 0 P 0
L 1.0613845 2.2037834 1.6372546 2.7796535 0 P 0
L 1.0613845 2.3037834 1.0830748 2.3254737 0 P 0
L 1.0613845 2.4037834 1.4766247 2.8190236 0 P 0
L 1.0613845 2.5037834 1.0830748 2.5254737 0 P 0
L 1.0613845 2.6037834 1.3159947 2.8583936 0 P 0
L 1.0613845 2.7037834 1.0830748 2.7254737 0 P 0
L 1.0613845 2.8037834 1.1553648 2.8977637 0 P 0
L 1.0613845 2.9037834 1.0947349 2.9371338 0 P 0
L 1.0613845 2.9778386 1.0824043 2.9568188 0 P 0
L 1.0655266 2.8937834 1.089192 2.9174488 0 P 0
L 1.0824043 2.9568188 2.2463618 2.9568188 0 P 0
L 1.0830748 1.7254737 1.0830748 1.7475162 0 P 0
L 1.0830748 1.7475162 2.0167869 2.6812283 0 P 0
L 1.0830748 1.9254737 1.0830748 1.9425162 0 P 0
L 1.0830748 1.9425162 1.861157 2.7205984 0 P 0
L 1.0830748 2.1254737 1.0830748 2.1425162 0 P 0
L 1.0830748 2.1425162 1.700527 2.7599684 0 P 0
L 1.0830748 2.3254737 1.0830748 2.3425162 0 P 0
L 1.0830748 2.3425162 1.5398972 2.7993386 0 P 0
L 1.0830748 2.5254737 1.0830748 2.5375162 0 P 0
L 1.0830748 2.5375162 1.3842672 2.8387086 0 P 0
L 1.0830748 2.7254737 1.0830748 2.7275162 0 P 0
L 1.0830748 2.7275162 1.2368696 2.881311 0 P 0
L 1.0830748 3.0037834 1.1103543 2.9765039 0 P 0
L 1.0830748 3.1037834 1.1906693 2.9961889 0 P 0
L 1.0830748 3.2037834 1.2709842 3.015874 0 P 0
L 1.0830748 3.3037834 1.3512992 3.035559 0 P 0
L 1.0830748 3.4037834 1.4316142 3.055244 0 P 0
L 1.0830748 3.5037834 1.5119291 3.0749291 0 P 0
L 1.0830748 3.6037834 1.5922441 3.0946141 0 P 0
L 1.0830748 3.7037834 1.672559 3.1142992 0 P 0
L 1.0830748 3.8037834 1.752874 3.1339842 0 P 0
L 1.0830748 3.9037834 1.833189 3.1536692 0 P 0
L 1.0830748 4.0037834 1.9135039 3.1733543 0 P 0
L 1.0830748 4.1037834 1.9938189 3.1930393 0 P 0
L 1.0830748 4.2037834 2.0741338 3.2127244 0 P 0
L 1.089192 2.9174488 2.2437318 2.9174488 0 P 0
L 1.0947349 2.9371338 2.2300468 2.9371338 0 P 0
L 1.1103543 2.9765039 2.2286767 2.9765039 0 P 0
L 1.1553648 2.8977637 2.2203223 2.8977637 0 P 0
L 1.1906693 2.9961889 2.2308496 2.9961889 0 P 0
L 1.2368696 2.881311 2.2392248 2.881311 0 P 0
L 1.2709842 3.015874 2.2263066 3.015874 0 P 0
L 1.3159947 2.8583936 2.229787 2.8583936 0 P 0
L 1.3512992 3.035559 2.2204795 3.035559 0 P 0
L 1.3842672 2.8387086 2.2342672 2.8387086 0 P 0
L 1.4316142 3.055244 2.2149366 3.055244 0 P 0
L 1.4766247 2.8190236 2.2575822 2.8190236 0 P 0
L 1.5119291 3.0749291 2.2181094 3.0749291 0 P 0
L 1.5305624 6.573113 1.5305624 6.8415616 0 P 0
L 1.5305624 6.573113 1.5324558 6.5712196 0 P 0
L 1.5305624 6.8415616 1.5420472 6.8530464 0 P 0
L 1.5398972 2.7993386 2.2323696 2.7993386 0 P 0
L 1.541169 6.5837196 1.541169 6.8380261 0 P 0
L 1.541169 6.5837196 1.5430624 6.5818262 0 P 0
L 1.541169 6.8380261 1.5520472 6.8489043 0 P 0
L 1.5420472 6.8530464 1.5420472 7.0759319 0 P 0
L 1.5420472 7.0759319 1.8989263 7.432811 0 P 0
L 1.5517756 6.5943262 1.5517756 6.8344906 0 P 0
L 1.5517756 6.5943262 1.553669 6.5924328 0 P 0
L 1.5517756 6.8344906 1.5620472 6.8447622 0 P 0
L 1.5520472 6.8489043 1.5520472 7.0717898 0 P 0
L 1.5520472 7.0717898 1.9030684 7.422811 0 P 0
L 1.5620472 6.8447622 1.5620472 7.0676477 0 P 0
L 1.5620472 7.0676477 1.9072105 7.412811 0 P 0
L 1.5623822 6.6049328 1.5623822 6.8309551 0 P 0
L 1.5623822 6.6049328 1.5642756 6.6030394 0 P 0
L 1.5623822 6.8309551 1.5720472 6.8406201 0 P 0
L 1.5720472 6.8406201 1.5720472 7.0635056 0 P 0
L 1.5720472 7.0635056 1.9113526 7.402811 0 P 0
L 1.5729888 6.6155394 1.5729888 6.8274196 0 P 0
L 1.5729888 6.6155394 1.5748822 6.613646 0 P 0
L 1.5729888 6.8274196 1.5820472 6.836478 0 P 0
L 1.5820472 6.836478 1.5820472 7.0593635 0 P 0
L 1.5820472 7.0593635 1.9154947 7.392811 0 P 0
L 1.5835954 6.626146 1.5835954 6.8238841 0 P 0
L 1.5835954 6.626146 1.5854888 6.6242526 0 P 0
L 1.5835954 6.8238841 1.5920472 6.8323359 0 P 0
L 1.5920472 6.8323359 1.5920472 7.0552214 0 P 0
L 1.5920472 7.0552214 1.9196368 7.382811 0 P 0
L 1.5922441 3.0946141 2.2165665 3.0946141 0 P 0
L 1.594202 6.6367526 1.594202 6.8203486 0 P 0
L 1.594202 6.6367526 1.5960954 6.6348592 0 P 0
L 1.594202 6.8203486 1.6020472 6.8281938 0 P 0
L 1.6020472 6.8281938 1.6020472 7.0510793 0 P 0
L 1.6020472 7.0510793 1.9237789 7.372811 0 P 0
L 1.6048086 6.6473592 1.6048086 6.8168131 0 P 0
L 1.6048086 6.6473592 1.606702 6.6454658 0 P 0
L 1.6048086 6.8168131 1.6120472 6.8240517 0 P 0
L 1.6120472 6.8240517 1.6120472 7.0469372 0 P 0
L 1.6120472 7.0469372 1.927921 7.362811 0 P 0
L 1.6154152 6.6579658 1.6154152 6.8132776 0 P 0
L 1.6154152 6.6579658 1.6173086 6.6560724 0 P 0
L 1.6154152 6.8132776 1.6220472 6.8199096 0 P 0
L 1.6220472 6.8199096 1.6220472 7.0427951 0 P 0
L 1.6220472 7.0427951 1.9320631 7.352811 0 P 0
L 1.6260218 6.6685724 1.6260218 6.8097421 0 P 0
L 1.6260218 6.6685724 1.6279152 6.666679 0 P 0
L 1.6260218 6.8097421 1.6320472 6.8157675 0 P 0
L 1.6320472 6.8157675 1.6320472 7.038653 0 P 0
L 1.6320472 7.038653 1.9362052 7.342811 0 P 0
L 1.6366284 6.679179 1.6366284 6.8062066 0 P 0
L 1.6366284 6.679179 1.6385218 6.6772856 0 P 0
L 1.6366284 6.8062066 1.6420472 6.8116254 0 P 0
L 1.6372546 2.7796535 2.2572121 2.7796535 0 P 0
L 1.6420472 6.8116254 1.6420472 7.0345109 0 P 0
L 1.6420472 7.0345109 1.9403473 7.332811 0 P 0
L 1.647235 6.6897856 1.647235 6.8026711 0 P 0
L 1.647235 6.6897856 1.6491284 6.6878922 0 P 0
L 1.647235 6.8026711 1.6520472 6.8074833 0 P 0
L 1.6520472 6.8074833 1.6520472 7.0303688 0 P 0
L 1.6520472 7.0303688 1.9444894 7.322811 0 P 0
L 1.6578416 6.7003922 1.6578416 6.7991356 0 P 0
L 1.6578416 6.7003922 1.659735 6.6984988 0 P 0
L 1.6578416 6.7991356 1.6620472 6.8033412 0 P 0
L 1.6620472 6.8033412 1.6620472 7.0262267 0 P 0
L 1.6620472 7.0262267 1.9486315 7.312811 0 P 0
L 1.6684482 6.7109988 1.6684482 6.7956001 0 P 0
L 1.6684482 6.7109988 1.6703416 6.7091054 0 P 0
L 1.6684482 6.7956001 1.6720472 6.7991991 0 P 0
L 1.6720472 6.7991991 1.6720472 7.0220846 0 P 0
L 1.6720472 7.0220846 1.9527736 7.302811 0 P 0
L 1.672559 3.1142992 2.2323696 3.1142992 0 P 0
L 1.6790548 6.7216054 1.6790548 6.7920646 0 P 0
L 1.6790548 6.7216054 1.6809482 6.719712 0 P 0
L 1.6790548 6.7920646 1.6820472 6.795057 0 P 0
L 1.6820472 6.795057 1.6820472 7.0179425 0 P 0
L 1.6820472 7.0179425 1.9569157 7.292811 0 P 0
L 1.6896614 6.732212 1.6896614 6.7885291 0 P 0
L 1.6896614 6.732212 1.6915548 6.7303186 0 P 0
L 1.6896614 6.7885291 1.6920472 6.7909149 0 P 0
L 1.6920472 6.7909149 1.6920472 7.0138004 0 P 0
L 1.6920472 7.0138004 1.9610578 7.282811 0 P 0
L 1.700268 6.7428186 1.700268 6.7849936 0 P 0
L 1.700268 6.7428186 1.7021614 6.7409252 0 P 0
L 1.700268 6.7849936 1.7020472 6.7867728 0 P 0
L 1.700527 2.7599684 2.2323696 2.7599684 0 P 0
L 1.7020472 6.7867728 1.7020472 7.0096583 0 P 0
L 1.7020472 7.0096583 1.9651999 7.272811 0 P 0
L 1.7108746 6.7534252 1.7108746 6.7814581 0 P 0
L 1.7108746 6.7534252 1.712768 6.7515318 0 P 0
L 1.7108746 6.7814581 1.7120472 6.7826307 0 P 0
L 1.7120472 6.7826307 1.7120472 7.0055162 0 P 0
L 1.7120472 7.0055162 1.969342 7.262811 0 P 0
L 1.7214812 6.7640318 1.7214812 6.7779226 0 P 0
L 1.7214812 6.7640318 1.7233746 6.7621384 0 P 0
L 1.7214812 6.7779226 1.7220472 6.7784886 0 P 0
L 1.7220472 6.7784886 1.7220472 7.0013741 0 P 0
L 1.7220472 7.0013741 1.9734841 7.252811 0 P 0
L 1.7320472 6.774679 1.7320472 6.997232 0 P 0
L 1.7320472 6.774679 1.7339812 6.772745 0 P 0
L 1.7320472 6.997232 1.9776262 7.242811 0 P 0
L 1.7420472 6.7858922 1.7420472 6.9930899 0 P 0
L 1.7420472 6.7858922 1.7445878 6.7833516 0 P 0
L 1.7420472 6.9930899 1.9817683 7.232811 0 P 0
L 1.7520472 6.7971054 1.7520472 6.9889478 0 P 0
L 1.7520472 6.7971054 1.7551944 6.7939582 0 P 0
L 1.7520472 6.9889478 1.9859104 7.222811 0 P 0
L 1.752874 3.1339842 2.2261964 3.1339842 0 P 0
L 1.7620472 6.8083186 1.7620472 6.9848057 0 P 0
L 1.7620472 6.8083186 1.765801 6.8045648 0 P 0
L 1.7620472 6.9848057 1.9900525 7.212811 0 P 0
L 1.7720472 6.8195318 1.7720472 6.9806636 0 P 0
L 1.7720472 6.8195318 1.7764076 6.8151714 0 P 0
L 1.7720472 6.9806636 1.9941946 7.202811 0 P 0
L 1.7820472 6.830745 1.7820472 6.9765215 0 P 0
L 1.7820472 6.830745 1.7870142 6.825778 0 P 0
L 1.7820472 6.9765215 1.9983367 7.192811 0 P 0
L 1.7920472 6.8419582 1.7920472 6.9723794 0 P 0
L 1.7920472 6.8419582 1.7976208 6.8363846 0 P 0
L 1.7920472 6.9723794 2.0024788 7.182811 0 P 0
L 1.7978845 2.7402834 2.257842 2.7402834 0 P 0
L 1.8020472 6.8531714 1.8020472 6.9682373 0 P 0
L 1.8020472 6.8531714 1.8082274 6.8469912 0 P 0
L 1.8020472 6.9682373 2.0066209 7.172811 0 P 0
L 1.8120472 6.8643846 1.8120472 6.9640952 0 P 0
L 1.8120472 6.8643846 1.818834 6.8575978 0 P 0
L 1.8120472 6.9640952 2.010763 7.162811 0 P 0
L 1.8220472 6.8755978 1.8220472 6.9599531 0 P 0
L 1.8220472 6.8755978 1.8294406 6.8682044 0 P 0
L 1.8220472 6.9599531 2.0149051 7.152811 0 P 0
L 1.8320472 6.886811 1.8320472 6.955811 0 P 0
L 1.8320472 6.886811 1.8400472 6.878811 0 P 0
L 1.8320472 6.955811 2.0190472 7.142811 0 P 0
L 1.833189 3.1536692 2.2203693 3.1536692 0 P 0
L 1.861157 2.7205984 2.2323696 2.7205984 0 P 0
L 1.8989263 7.432811 4.7130472 7.432811 0 P 0
L 1.9030684 7.422811 4.6230472 7.422811 0 P 0
L 1.9072105 7.412811 4.5330472 7.412811 0 P 0
L 1.9113526 7.402811 4.4430472 7.402811 0 P 0
L 1.9135039 3.1733543 2.2148263 3.1733543 0 P 0
L 1.9154947 7.392811 4.3530472 7.392811 0 P 0
L 1.9196368 7.382811 4.2630472 7.382811 0 P 0
L 1.9237789 7.372811 4.1730472 7.372811 0 P 0
L 1.927921 7.362811 4.0830472 7.362811 0 P 0
L 1.9320631 7.352811 3.9930472 7.352811 0 P 0
L 1.9362052 7.342811 3.9030472 7.342811 0 P 0
L 1.9403473 7.332811 3.8130472 7.332811 0 P 0
L 1.9444894 7.322811 3.7230472 7.322811 0 P 0
L 1.9486315 7.312811 3.6330472 7.312811 0 P 0
L 1.9527736 7.302811 3.5430472 7.302811 0 P 0
L 1.9569157 7.292811 3.4530472 7.292811 0 P 0
L 1.9585145 2.7009134 2.4727473 2.7009134 0 P 0
L 1.9610578 7.282811 3.3630472 7.282811 0 P 0
L 1.9651999 7.272811 3.2730472 7.272811 0 P 0
L 1.969342 7.262811 3.1830472 7.262811 0 P 0
L 1.9734841 7.252811 3.0930472 7.252811 0 P 0
L 1.9776262 7.242811 3.0030472 7.242811 0 P 0
L 1.9817683 7.232811 2.9130472 7.232811 0 P 0
L 1.9859104 7.222811 2.8230472 7.222811 0 P 0
L 1.9900525 7.212811 2.7330472 7.212811 0 P 0
L 1.9938189 3.1930393 2.2323696 3.1930393 0 P 0
L 1.9941946 7.202811 2.6430472 7.202811 0 P 0
L 1.9983367 7.192811 2.5530472 7.192811 0 P 0
L 2.0024788 7.182811 2.4630472 7.182811 0 P 0
L 2.0066209 7.172811 2.3730472 7.172811 0 P 0
L 2.010763 7.162811 2.2830472 7.162811 0 P 0
L 2.0149051 7.152811 2.1930472 7.152811 0 P 0
L 2.0167869 2.6812283 2.2323696 2.6812283 0 P 0
L 2.0190472 7.142811 2.1030472 7.142811 0 P 0
L 2.0741338 3.2127244 2.2445272 3.2127244 0 P 0
L 2.1030472 7.142811 2.2110472 7.034811 0 P 0
L 2.1191443 2.6615432 2.2391018 2.6615432 0 P 0
L 2.1230472 3.2324094 2.2327712 3.2324094 0 P 0
L 2.1930472 7.152811 2.3110472 7.034811 0 P 0
L 2.199 -1.172444 2.2370871 -1.1952962 1 P 0 ;2,3=0,4=0.000000
L 2.2110472 6.767811 2.2110472 6.841811 0 P 0
L 2.2110472 6.767811 3.5160472 5.462811 0 P 0
L 2.2110472 6.941811 2.2110472 7.034811 0 P 0
L 2.2148263 3.1733543 2.2288696 3.159311 0 P 0
L 2.2149366 3.055244 2.2298696 3.040311 0 P 0
L 2.2165665 3.0946141 2.2195472 3.0916334 0 P 0
L 2.2180435 -1.1610178 2.2180435 -1.2067223 1 P 0 ;2,3=0,4=0.000000
L 2.2181094 3.0749291 2.2227275 3.070311 0 P 0
L 2.2195472 3.0876334 2.2195472 3.0916334 0 P 0
L 2.2195472 3.0876334 2.2268696 3.080311 0 P 0
L 2.2203223 2.8977637 2.2288696 2.906311 0 P 0
L 2.2203693 3.1536692 2.2247275 3.149311 0 P 0
L 2.2204795 3.035559 2.2257275 3.030311 0 P 0
L 2.2227275 3.070311 2.2369877 3.070311 0 P 0
L 2.2247275 3.149311 2.2478696 3.149311 0 P 0
L 2.2257275 3.030311 2.2488696 3.030311 0 P 0
L 2.2261964 3.1339842 2.2358696 3.124311 0 P 0
L 2.2263066 3.015874 2.2285472 3.0136334 0 P 0
L 2.2268696 3.080311 2.2372248 3.080311 0 P 0
L 2.2285472 3.0126334 2.2285472 3.0136334 0 P 0
L 2.2285472 3.0126334 2.2358696 3.005311 0 P 0
L 2.2286767 2.9765039 2.2368696 2.968311 0 P 0
L 2.2288696 2.906311 2.2407275 2.906311 0 P 0
L 2.2288696 3.159311 2.2392248 3.159311 0 P 0
L 2.229787 2.8583936 2.2318696 2.856311 0 P 0
L 2.2298696 3.040311 2.2402248 3.040311 0 P 0
L 2.2300468 2.9371338 2.2358696 2.931311 0 P 0
L 2.2308496 2.9961889 2.2317275 2.995311 0 P 0
L 2.2317275 2.995311 2.2468696 2.995311 0 P 0
L 2.2318696 2.856311 2.2563669 2.856311 0 P 0
L 2.2323696 2.6812283 2.2402869 2.673311 0 P 0
L 2.2323696 2.7205984 2.240657 2.712311 0 P 0
L 2.2323696 2.7599684 2.2345472 2.7577908 0 P 0
L 2.2323696 2.7993386 2.2413972 2.790311 0 P 0
L 2.2323696 3.1142992 2.2375472 3.1091216 0 P 0
L 2.2323696 3.1930393 2.2448696 3.1805393 0 P 0
L 2.2327712 3.2324094 2.2378696 3.227311 0 P 0
L 2.2342672 2.8387086 2.2418696 2.846311 0 P 0
L 2.2345472 2.7576334 2.2345472 2.7577908 0 P 0
L 2.2345472 2.7576334 2.2418696 2.750311 0 P 0
L 2.2358696 2.931311 2.2462248 2.931311 0 P 0
L 2.2358696 3.005311 2.2462248 3.005311 0 P 0
L 2.2358696 3.124311 2.2462248 3.124311 0 P 0
L 2.2368696 2.968311 2.2472248 2.968311 0 P 0
L 2.2369877 3.070311 2.2448696 3.0624291 0 P 0
L 2.2370871 -1.172444 2.199 -1.1952962 1 P 0 ;2,3=0,4=0.000000
L 2.2372248 3.080311 2.2462248 3.089311 0 P 0
L 2.2375472 3.1066334 2.2375472 3.1091216 0 P 0
L 2.2375472 3.1066334 2.2448696 3.099311 0 P 0
L 2.2378696 3.227311 2.2484842 3.227311 0 P 0
L 2.2391018 2.6615432 2.2408696 2.663311 0 P 0
L 2.2392248 2.881311 2.2462248 2.888311 0 P 0
L 2.2392248 3.159311 2.2504531 3.1705393 0 P 0
L 2.2402248 3.040311 2.2523429 3.0524291 0 P 0
L 2.2402869 2.673311 2.5291299 2.673311 0 P 0
L 2.240657 2.712311 2.4700028 2.712311 0 P 0
L 2.2407275 2.906311 2.2482712 2.8987673 0 P 0
L 2.2408696 2.663311 2.5185472 2.663311 0 P 0
L 2.2413972 2.790311 2.2537275 2.790311 0 P 0
L 2.2418696 2.750311 2.2537275 2.750311 0 P 0
L 2.2418696 2.846311 2.2522248 2.846311 0 P 0
L 2.2437318 2.9174488 2.2518696 2.909311 0 P 0
L 2.2445272 3.2127244 2.2517124 3.2055392 0 P 0
L 2.2448696 3.0624291 2.2552248 3.0624291 0 P 0
L 2.2448696 3.099311 2.2552248 3.099311 0 P 0
L 2.2448696 3.1805393 2.2552248 3.1805393 0 P 0
L 2.2462248 2.888311 2.2582248 2.888311 0 P 0
L 2.2462248 2.931311 2.2492326 2.9343188 0 P 0
L 2.2462248 3.005311 2.2567878 3.015874 0 P 0
L 2.2462248 3.089311 2.5477441 3.089311 0 P 0
L 2.2462248 3.124311 2.255898 3.1339842 0 P 0
L 2.2463618 2.9568188 2.2548696 2.948311 0 P 0
L 2.2468696 2.995311 2.2548696 2.987311 0 P 0
L 2.2472248 2.968311 2.2554177 2.9765039 0 P 0
L 2.2478696 3.149311 2.2518696 3.145311 0 P 0
L 2.2482712 2.8987673 2.5360436 2.8987673 0 P 0
L 2.2484842 3.227311 2.2517124 3.2305392 0 P 0
L 2.2488696 3.030311 2.2528696 3.026311 0 P 0
L 2.2492326 2.9343188 2.5115394 2.9343188 0 P 0
L 2.2504531 3.1705393 2.4594281 3.1705393 0 P 0
L 2.2517124 3.2055392 2.2620676 3.2055392 0 P 0
L 2.2517124 3.2305392 2.535177 3.2305392 0 P 0
L 2.2518696 2.909311 2.5289094 2.909311 0 P 0
L 2.2518696 3.145311 2.528689 3.145311 0 P 0
L 2.2522248 2.846311 2.2595472 2.8389886 0 P 0
L 2.2523429 3.0524291 2.5342323 3.0524291 0 P 0
L 2.2528696 3.026311 2.5277992 3.026311 0 P 0
L 2.2534645 -1.237192 2.2572732 -1.2410007 1 P 0 ;2,3=0,4=0.000000
L 2.2537275 2.750311 2.260885 2.7574685 0 P 0
L 2.2537275 2.790311 2.2617275 2.798311 0 P 0
L 2.2548696 2.948311 2.5295472 2.948311 0 P 0
L 2.2548696 2.987311 2.5281693 2.987311 0 P 0
L 2.2552248 3.0624291 2.2677248 3.0749291 0 P 0
L 2.2552248 3.099311 2.270213 3.1142992 0 P 0
L 2.2552248 3.1805393 2.2677248 3.1930393 0 P 0
L 2.2554177 2.9765039 2.5370472 2.9765039 0 P 0
L 2.255898 3.1339842 2.5370472 3.1339842 0 P 0
L 2.2563669 2.856311 2.2583669 2.854311 0 P 0
L 2.2567878 3.015874 2.5370472 3.015874 0 P 0
L 2.2572121 2.7796535 2.2658696 2.788311 0 P 0
L 2.2572732 -1.2333833 2.2534645 -1.237192 1 P 0 ;2,3=0,4=0.000000
L 2.2572732 -1.2410007 2.2610819 -1.237192 1 P 0 ;2,3=0,4=0.000000
L 2.2575822 2.8190236 2.2618696 2.823311 0 P 0
L 2.257842 2.7402834 2.2608696 2.743311 0 P 0
L 2.2582248 2.888311 2.2655472 2.8809886 0 P 0
L 2.2583669 2.854311 2.5329646 2.854311 0 P 0
L 2.2595472 2.8372867 2.2595472 2.8389886 0 P 0
L 2.2595472 2.8372867 2.2606252 2.8362087 0 P 0
L 2.2606252 2.8362087 2.5416495 2.8362087 0 P 0
L 2.2608696 2.743311 2.5278696 2.743311 0 P 0
L 2.260885 2.7574685 2.5345473 2.7574685 0 P 0
L 2.2610819 -1.237192 2.2572732 -1.2333833 1 P 0 ;2,3=0,4=0.000000
L 2.2617275 2.798311 2.2803669 2.798311 0 P 0
L 2.2618696 2.823311 2.5246696 2.823311 0 P 0
L 2.2620676 3.2055392 2.2708394 3.214311 0 P 0
L 2.2650472 2.297311 2.4550472 2.107311 0 P 0
L 2.2650472 2.312311 2.2677248 2.312311 0 P 0
L 2.2650472 2.327311 2.2677248 2.327311 0 P 0
L 2.2650472 2.342311 2.2677248 2.342311 0 P 0
L 2.2650472 2.357311 2.2677248 2.357311 0 P 0
L 2.2650472 2.372311 2.4135472 2.372311 0 P 0
L 2.2650472 2.387311 2.5975472 2.387311 0 P 0
L 2.2650472 2.402311 2.7835472 2.402311 0 P 0
L 2.2650472 2.417311 2.9685472 2.417311 0 P 0
L 2.2650472 2.432311 3.1535472 2.432311 0 P 0
L 2.2650472 2.447311 3.3385472 2.447311 0 P 0
L 2.2650472 2.462311 3.5245472 2.462311 0 P 0
L 2.2655472 2.8802563 2.2655472 2.8809886 0 P 0
L 2.2655472 2.8802563 2.2677248 2.8780787 0 P 0
L 2.2658696 2.788311 2.2762248 2.788311 0 P 0
L 2.2677248 2.312311 2.5710472 2.0089886 0 P 0
L 2.2677248 2.327311 2.6720472 1.9229886 0 P 0
L 2.2677248 2.342311 2.7710472 1.8389886 0 P 0
L 2.2677248 2.357311 3.0510472 1.5739886 0 P 0
L 2.2677248 2.8780787 2.5370472 2.8780787 0 P 0
L 2.2677248 3.0749291 2.5370472 3.0749291 0 P 0
L 2.2677248 3.1930393 2.4510702 3.1930393 0 P 0
L 2.270213 3.1142992 2.5370472 3.1142992 0 P 0
L 2.2708394 3.214311 2.4792959 3.214311 0 P 0
L 2.2762248 2.788311 2.2812248 2.783311 0 P 0
L 2.278602 -1.1914875 2.278602 -1.210531 1 P 0 ;2,3=0,4=0.000000
L 2.278602 -1.210531 2.2824107 -1.2219572 1 P 0 ;2,3=0,4=0.000000
L 2.2803669 2.798311 2.2818392 2.7968387 0 P 0
L 2.2812248 2.783311 2.5333897 2.783311 0 P 0
L 2.2818392 2.7968387 2.5345473 2.7968387 0 P 0
L 2.2824107 -1.1800614 2.278602 -1.1914875 1 P 0 ;2,3=0,4=0.000000
L 2.2824107 -1.2219572 2.2862194 -1.2295746 1 P 0 ;2,3=0,4=0.000000
L 2.2830472 7.162811 2.4110472 7.034811 0 P 0
L 2.2862194 -1.172444 2.2824107 -1.1800614 1 P 0 ;2,3=0,4=0.000000
L 2.2862194 -1.2295746 2.2938368 -1.237192 1 P 0 ;2,3=0,4=0.000000
L 2.2938368 -1.1648265 2.2862194 -1.172444 1 P 0 ;2,3=0,4=0.000000
L 2.2938368 -1.237192 2.3014542 -1.2410007 1 P 0 ;2,3=0,4=0.000000
L 2.3014542 -1.1610178 2.2938368 -1.1648265 1 P 0 ;2,3=0,4=0.000000
L 2.3014542 -1.2410007 2.3166891 -1.2410007 1 P 0 ;2,3=0,4=0.000000
L 2.3110472 6.767811 2.3110472 6.841811 0 P 0
L 2.3110472 6.767811 3.5260472 5.552811 0 P 0
L 2.3110472 6.941811 2.3110472 7.034811 0 P 0
L 2.3166891 -1.1610178 2.3014542 -1.1610178 1 P 0 ;2,3=0,4=0.000000
L 2.3166891 -1.210531 2.3357326 -1.210531 1 P 0 ;2,3=0,4=0.000000
L 2.3166891 -1.2410007 2.3243065 -1.237192 1 P 0 ;2,3=0,4=0.000000
L 2.3243065 -1.1648265 2.3166891 -1.1610178 1 P 0 ;2,3=0,4=0.000000
L 2.3243065 -1.237192 2.3319239 -1.2295746 1 P 0 ;2,3=0,4=0.000000
L 2.3319239 -1.172444 2.3243065 -1.1648265 1 P 0 ;2,3=0,4=0.000000
L 2.3319239 -1.2295746 2.3357326 -1.2219572 1 P 0 ;2,3=0,4=0.000000
L 2.3357326 -1.1800614 2.3319239 -1.172444 1 P 0 ;2,3=0,4=0.000000
L 2.3357326 -1.2219572 2.3357326 -1.210531 1 P 0 ;2,3=0,4=0.000000
L 2.3540144 -1.1762527 2.3616318 -1.172444 1 P 0 ;2,3=0,4=0.000000
L 2.3616318 -1.172444 2.3730579 -1.1610178 1 P 0 ;2,3=0,4=0.000000
L 2.3730472 7.172811 2.5110472 7.034811 0 P 0
L 2.3730579 -1.1610178 2.3730579 -1.2410007 1 P 0 ;2,3=0,4=0.000000
L 2.4110472 6.767811 2.4110472 6.841811 0 P 0
L 2.4110472 6.767811 3.5360472 5.642811 0 P 0
L 2.4110472 6.941811 2.4110472 7.034811 0 P 0
L 2.4135472 2.372311 3.2510472 1.534811 0 P 0
L 2.4510702 3.1930393 2.4647985 3.179311 0 P 0
L 2.4550472 1.467811 2.4550472 2.107311 0 P 0
L 2.4594281 3.1705393 2.4606564 3.169311 0 P 0
L 2.4606564 3.169311 2.5330039 3.169311 0 P 0
L 2.4630472 7.182811 2.6110472 7.034811 0 P 0
L 2.4647985 3.179311 2.4792959 3.179311 0 P 0
L 2.4700028 2.712311 2.4850028 2.727311 0 P 0
L 2.4727473 2.7009134 2.4891449 2.717311 0 P 0
L 2.4755122 -1.2067223 2.5440689 -1.2067223 1 P 0 ;2,3=0,4=0.000000
L 2.4792959 3.179311 2.4930242 3.1930393 0 P 0
L 2.4792959 3.214311 2.4808825 3.2127244 0 P 0
L 2.4808825 3.2127244 2.5370472 3.2127244 0 P 0
L 2.4850028 2.727311 2.5077844 2.727311 0 P 0
L 2.4891449 2.717311 2.5036423 2.717311 0 P 0
L 2.4930242 3.1930393 2.5370472 3.1930393 0 P 0
L 2.5036423 2.717311 2.5200399 2.7009134 0 P 0
L 2.5077844 2.727311 2.5227844 2.712311 0 P 0
L 2.5110472 6.767811 2.5110472 6.841811 0 P 0
L 2.5110472 6.767811 3.5460472 5.732811 0 P 0
L 2.5110472 6.941811 2.5110472 7.034811 0 P 0
L 2.5115394 2.9343188 2.5220472 2.923811 0 P 0
L 2.5185472 2.663311 2.5370472 2.644811 0 P 0
L 2.5200399 2.7009134 2.5370472 2.7009134 0 P 0
L 2.5200472 2.921811 2.5220472 2.923811 0 P 0
L 2.5227844 2.712311 2.5287598 2.712311 0 P 0
L 2.5250472 3.183811 2.5289607 3.1877245 0 P 0
L 2.5277992 3.026311 2.5298622 3.028374 0 P 0
L 2.5278696 2.743311 2.5373696 2.733811 0 P 0
L 2.5281693 2.987311 2.5370472 2.9961889 0 P 0
L 2.528689 3.145311 2.5370472 3.1536692 0 P 0
L 2.5287598 2.712311 2.5370472 2.7205984 0 P 0
L 2.5289094 2.909311 2.5370472 2.9174488 0 P 0
L 2.5289607 3.1877245 2.5317324 3.1877245 0 P 0
L 2.5291299 2.673311 2.5370472 2.6812283 0 P 0
L 2.5295472 2.948311 2.5370472 2.940811 0 P 0
L 2.5298622 3.028374 2.5496102 3.028374 0 P 0
L 2.5317324 3.1877245 2.5370472 3.1930393 0 P 0
L 2.5329646 2.854311 2.5370472 2.8583936 0 P 0
L 2.5330039 3.169311 2.5370472 3.1733543 0 P 0
L 2.5333897 2.783311 2.5370472 2.7796535 0 P 0
L 2.5340472 2.874811 2.5370472 2.877811 0 P 0
L 2.5342323 3.0524291 2.5370472 3.055244 0 P 0
L 2.5345473 2.7574685 2.5370472 2.7599684 0 P 0
L 2.5345473 2.7968387 2.5435195 2.8058109 0 P 0
L 2.5350472 2.753811 2.5350472 2.755811 0 P 0
L 2.5350472 2.755811 2.5370472 2.757811 0 P 0
L 2.5350472 2.778811 2.5370472 2.780811 0 P 0
L 2.5350472 3.049811 2.5350472 3.051811 0 P 0
L 2.5350472 3.051811 2.5370472 3.053811 0 P 0
L 2.535177 3.2305392 2.5370472 3.2324094 0 P 0
L 2.5360436 2.8987673 2.5370472 2.8977637 0 P 0
L 2.5370472 2.669811 2.5370472 2.6812283 0 P 0
L 2.5370472 2.694811 2.5370472 2.7009134 0 P 0
L 2.5370472 2.757811 2.5370472 2.7599684 0 P 0
L 2.5370472 2.7796535 2.5370472 2.780811 0 P 0
L 2.5370472 2.849811 2.5370472 2.8583936 0 P 0
L 2.5370472 2.877811 2.5370472 2.8780787 0 P 0
L 2.5370472 2.8977637 2.5420944 2.9028109 0 P 0
L 2.5370472 2.915811 2.5370472 2.9174488 0 P 0
L 2.5370472 2.965811 2.5370472 2.9765039 0 P 0
L 2.5370472 2.990811 2.5370472 2.9961889 0 P 0
L 2.5370472 3.053811 2.5370472 3.055244 0 P 0
L 2.5370472 3.0749291 2.5370472 3.076811 0 P 0
L 2.5370472 3.206811 2.5370472 3.2127244 0 P 0
L 2.5373696 2.733811 2.5490472 2.733811 0 P 0
L 2.5416495 2.8362087 2.5510472 2.826811 0 P 0
L 2.5420944 2.9028109 2.5436223 2.9028109 0 P 0
L 2.5435195 2.8058109 2.5450475 2.8058109 0 P 0
L 2.5436223 2.9028109 2.5500472 2.896386 0 P 0
L 2.5450475 2.8058109 2.5530472 2.7978112 0 P 0
L 2.5477441 3.089311 2.5530472 3.0946141 0 P 0
L 2.5490472 2.733811 2.5500472 2.732811 0 P 0
L 2.5496102 3.028374 2.5529988 3.0317626 0 P 0
L 2.5500472 2.894811 2.5500472 2.896386 0 P 0
L 2.5500472 2.894811 2.5510472 2.893811 0 P 0
L 2.5530472 2.797811 2.5530472 2.7978112 0 P 0
L 2.5530472 7.192811 2.7110472 7.034811 0 P 0
L 2.5710472 1.473811 2.5710472 2.0089886 0 P 0
L 2.5975472 2.387311 3.4500472 1.534811 0 P 0
L 2.6110472 6.767811 2.6110472 6.841811 0 P 0
L 2.6110472 6.767811 3.5560472 5.822811 0 P 0
L 2.6110472 6.941811 2.6110472 7.034811 0 P 0
L 2.6305266 -1.1610178 2.6305266 -1.2410007 1 P 0 ;2,3=0,4=0.000000
L 2.6305266 -1.1610178 2.6609963 -1.2410007 1 P 0 ;2,3=0,4=0.000000
L 2.6430472 7.202811 2.8110472 7.034811 0 P 0
L 2.6720472 1.472811 2.6720472 1.9229886 0 P 0
L 2.691 3.902 2.696 3.897 0 P 0
L 2.6914659 -1.1610178 2.6609963 -1.2410007 1 P 0 ;2,3=0,4=0.000000
L 2.6914659 -1.1610178 2.6914659 -1.2410007 1 P 0 ;2,3=0,4=0.000000
L 2.6940472 3.773811 2.7064886 3.773811 0 P 0
L 2.695 3.723 2.7065 3.7115 0 P 0
L 2.695 3.8658582 2.695 3.866 0 P 0
L 2.695 3.8658582 2.7020472 3.858811 0 P 0
L 2.696 3.704 2.6985 3.7015 0 P 0
L 2.696 3.897 2.7052362 3.897 0 P 0
L 2.697 3.5867402 2.935 3.8247402 0 P 0
L 2.697 3.6064252 2.6979554 3.6064252 0 P 0
L 2.697 3.6261102 2.7034983 3.6261102 0 P 0
L 2.697 3.6457952 2.7090412 3.6457952 0 P 0
L 2.697 3.6654803 2.7145842 3.6654803 0 P 0
L 2.697 3.6851653 2.7201271 3.6851653 0 P 0
L 2.6977792 3.9478109 2.6992044 3.9463857 0 P 0
L 2.6979554 3.6064252 2.925 3.8334698 0 P 0
L 2.6985 3.7015 2.7223197 3.7015 0 P 0
L 2.6992044 3.9463857 2.7007323 3.9463857 0 P 0
L 2.7007323 3.9463857 2.7060472 3.9410708 0 P 0
L 2.7008894 3.9855987 2.7008894 3.9857558 0 P 0
L 2.7008894 3.9855987 2.7060472 3.9804409 0 P 0
L 2.7020472 3.858811 2.7050472 3.861811 0 P 0
L 2.7034983 3.6261102 2.915 3.8376119 0 P 0
L 2.7050472 3.861811 2.7185114 3.861811 0 P 0
L 2.7052362 3.897 2.7060472 3.897811 0 P 0
L 2.706 3.791 2.7060472 3.7910472 0 P 0
L 2.706 3.8230078 2.706 3.826 0 P 0
L 2.706 3.8230078 2.7060472 3.8229606 0 P 0
L 2.7060472 3.442811 2.7060472 3.4489448 0 P 0
L 2.7060472 3.4489448 3.0050472 3.7479448 0 P 0
L 2.7060472 3.488315 2.9850472 3.767315 0 P 0
L 2.7060472 3.508 2.7062362 3.507811 0 P 0
L 2.7060472 3.508 2.9750472 3.777 0 P 0
L 2.7060472 3.527685 2.7060472 3.532811 0 P 0
L 2.7060472 3.527685 2.9650472 3.786685 0 P 0
L 2.7060472 3.54737 2.7066062 3.54737 0 P 0
L 2.7060472 3.54737 2.9550472 3.79637 0 P 0
L 2.7060472 3.7910472 2.7060472 3.8032756 0 P 0
L 2.7060472 3.8032756 2.7173795 3.8032756 0 P 0
L 2.7060472 3.8229606 2.7229224 3.8229606 0 P 0
L 2.7060472 3.880811 2.7087248 3.880811 0 P 0
L 2.7060472 3.880811 2.7150472 3.871811 0 P 0
L 2.7060472 3.897811 2.7060472 3.9017008 0 P 0
L 2.7060472 3.9017008 2.775 3.9706536 0 P 0
L 2.7060472 3.9213858 2.7060472 3.922811 0 P 0
L 2.7060472 3.9213858 2.765 3.9803386 0 P 0
L 2.7060472 3.9410708 2.755 3.9900236 0 P 0
L 2.7060472 3.9607559 2.7108118 3.9607559 0 P 0
L 2.7060472 3.9804409 2.7079173 3.982311 0 P 0
L 2.7060472 4.000126 2.7113622 3.994811 0 P 0
L 2.7060472 4.000126 2.725 4.0190788 0 P 0
L 2.7060472 4.019811 2.7060472 4.029811 0 P 0
L 2.7060472 4.019811 2.715 4.0287638 0 P 0
L 2.7062362 3.507811 2.7070472 3.507811 0 P 0
L 2.7064886 3.773811 2.835 3.9023224 0 P 0
L 2.7065 3.7115 2.7181776 3.7115 0 P 0
L 2.7066062 3.54737 2.7070472 3.547811 0 P 0
L 2.7074905 3.8412022 2.7074906 3.8412022 0 P 0
L 2.7074905 3.8412022 2.7140569 3.8477686 0 P 0
L 2.7074906 3.8412022 2.7098818 3.838811 0 P 0
L 2.7079173 3.982311 2.7182248 3.982311 0 P 0
L 2.7087248 3.880811 2.785 3.9570862 0 P 0
L 2.7090412 3.6457952 2.905 3.841754 0 P 0
L 2.7098818 3.838811 2.7100472 3.838811 0 P 0
L 2.7100472 3.838811 2.7180472 3.846811 0 P 0
L 2.7108118 3.9607559 2.745 3.9949441 0 P 0
L 2.7110472 6.767811 2.7110472 6.841811 0 P 0
L 2.7110472 6.767811 3.5660472 5.912811 0 P 0
L 2.7110472 6.941811 2.7110472 7.034811 0 P 0
L 2.7113622 3.994811 2.7130472 3.994811 0 P 0
L 2.713 3.724 2.713 3.7253224 0 P 0
L 2.713 3.7253224 2.855 3.8673224 0 P 0
L 2.7140569 3.8477686 2.7140569 3.849311 0 P 0
L 2.7140569 3.849311 2.7351307 3.849311 0 P 0
L 2.7143182 -1.1610178 2.7143182 -1.2410007 1 P 0 ;2,3=0,4=0.000000
L 2.7145842 3.6654803 2.895 3.8458961 0 P 0
L 2.715 4.0287638 2.715 4.5961315 0 P 0
L 2.715 4.5961315 3.5160472 5.3971787 0 P 0
L 2.7150472 3.871811 2.7180472 3.871811 0 P 0
L 2.7152282 3.4778109 2.7167561 3.4778109 0 P 0
L 2.7152282 3.4778109 2.9950472 3.7576299 0 P 0
L 2.7173795 3.8032756 2.825 3.9108961 0 P 0
L 2.717996 3.5790039 2.9450472 3.8060551 0 P 0
L 2.7180472 3.846811 2.7218582 3.843 0 P 0
L 2.7180472 3.871811 2.7220472 3.875811 0 P 0
L 2.7181776 3.7115 2.865 3.8583224 0 P 0
L 2.7182248 3.982311 2.735 3.9990862 0 P 0
L 2.7185114 3.861811 2.7208224 3.8595 0 P 0
L 2.719 3.749 2.719 3.7721803 0 P 0
L 2.719 3.7721803 2.845 3.8981803 0 P 0
L 2.7201271 3.6851653 2.885 3.8500382 0 P 0
L 2.7208224 3.8595 2.7311776 3.8595 0 P 0
L 2.7218582 3.843 2.722 3.843 0 P 0
L 2.722 3.843 2.724 3.845 0 P 0
L 2.7220472 3.875811 2.7258582 3.872 0 P 0
L 2.7223197 3.7015 2.875 3.8541803 0 P 0
L 2.7229224 3.8229606 2.815 3.9150382 0 P 0
L 2.725 4.0190788 2.725 4.5919894 0 P 0
L 2.725 4.5919894 3.5260472 5.3930366 0 P 0
L 2.7258582 3.872 2.726 3.872 0 P 0
L 2.7305472 3.8849886 2.7305472 3.8868307 0 P 0
L 2.7305472 3.8849886 2.7310358 3.8845 0 P 0
L 2.7305472 3.8868307 2.795 3.9512835 0 P 0
L 2.7310358 3.8845 2.7311776 3.8845 0 P 0
L 2.7310765 -1.1610178 2.7310765 -1.2410007 1 P 0 ;2,3=0,4=0.000000
L 2.7310765 -1.1610178 2.7577375 -1.1610178 1 P 0 ;2,3=0,4=0.000000
L 2.7311776 3.8595 2.7385 3.8668224 0 P 0
L 2.7311776 3.8845 2.7385 3.8771776 0 P 0
L 2.7330472 7.212811 2.9110472 7.034811 0 P 0
L 2.735 3.9990862 2.735 4.5878473 0 P 0
L 2.735 4.5878473 3.5360472 5.3888945 0 P 0
L 2.7351307 3.849311 2.805 3.9191803 0 P 0
L 2.7385 3.8668224 2.7385 3.8771776 0 P 0
L 2.745 3.9949441 2.745 4.5837052 0 P 0
L 2.745 4.5837052 3.5460472 5.3847524 0 P 0
L 2.755 3.9900236 2.755 4.5795631 0 P 0
L 2.755 4.5795631 3.5560472 5.3806103 0 P 0
L 2.7577375 -1.1610178 2.7691636 -1.1648265 1 P 0 ;2,3=0,4=0.000000
L 2.7577375 -1.2410007 2.7310765 -1.2410007 1 P 0 ;2,3=0,4=0.000000
L 2.765 3.9803386 2.765 4.575421 0 P 0
L 2.765 4.575421 3.5660472 5.3764682 0 P 0
L 2.7691636 -1.1648265 2.776781 -1.172444 1 P 0 ;2,3=0,4=0.000000
L 2.7691636 -1.237192 2.7577375 -1.2410007 1 P 0 ;2,3=0,4=0.000000
L 2.7710472 1.473811 2.7710472 1.8389886 0 P 0
L 2.775 3.9706536 2.775 4.5712789 0 P 0
L 2.775 4.5712789 3.5760472 5.3723261 0 P 0
L 2.776781 -1.172444 2.7805897 -1.1800614 1 P 0 ;2,3=0,4=0.000000
L 2.776781 -1.2295746 2.7691636 -1.237192 1 P 0 ;2,3=0,4=0.000000
L 2.7805897 -1.1800614 2.7843984 -1.1914875 1 P 0 ;2,3=0,4=0.000000
L 2.7805897 -1.2219572 2.776781 -1.2295746 1 P 0 ;2,3=0,4=0.000000
L 2.7835472 2.402311 3.6510472 1.534811 0 P 0
L 2.7843984 -1.1914875 2.7843984 -1.210531 1 P 0 ;2,3=0,4=0.000000
L 2.7843984 -1.210531 2.7805897 -1.2219572 1 P 0 ;2,3=0,4=0.000000
L 2.785 3.9570862 2.785 4.5671368 0 P 0
L 2.785 4.5671368 3.5860472 5.368184 0 P 0
L 2.795 3.9512835 2.795 4.5629947 0 P 0
L 2.795 4.5629947 3.5960472 5.3640419 0 P 0
L 2.805 3.9191803 2.805 4.5588526 0 P 0
L 2.805 4.5588526 3.6060472 5.3598998 0 P 0
L 2.8110472 6.767811 2.8110472 6.841811 0 P 0
L 2.8110472 6.767811 3.5760472 6.002811 0 P 0
L 2.8110472 6.941811 2.8110472 7.034811 0 P 0
L 2.815 3.9150382 2.815 4.5547105 0 P 0
L 2.815 4.5547105 3.6160472 5.3557577 0 P 0
L 2.8230472 7.222811 3.0110472 7.034811 0 P 0
L 2.825 3.9108961 2.825 4.5505684 0 P 0
L 2.825 4.5505684 3.6260472 5.3516156 0 P 0
L 2.835 3.9023224 2.835 4.5464263 0 P 0
L 2.835 4.5464263 3.6360472 5.3474735 0 P 0
L 2.845 3.8981803 2.845 4.5422842 0 P 0
L 2.845 4.5422842 3.6460472 5.3433314 0 P 0
L 2.855 3.8673224 2.855 4.5381421 0 P 0
L 2.855 4.5381421 3.6560472 5.3391893 0 P 0
L 2.865 3.8583224 2.865 4.534 0 P 0
L 2.865 4.534 3.669 5.338 0 P 0
L 2.865143 -1.1610178 2.865143 -1.2410007 1 P 0 ;2,3=0,4=0.000000
L 2.865143 -1.2410007 2.9108475 -1.2410007 1 P 0 ;2,3=0,4=0.000000
L 2.875 3.8541803 2.875 4.5298579 0 P 0
L 2.875 4.5298579 3.679 5.3338579 0 P 0
L 2.885 3.8500382 2.885 4.5257158 0 P 0
L 2.885 4.5257158 3.689 5.3297158 0 P 0
L 2.895 3.8458961 2.895 4.5215737 0 P 0
L 2.895 4.5215737 3.699 5.3255737 0 P 0
L 2.905 3.841754 2.905 4.5174316 0 P 0
L 2.905 4.5174316 3.709 5.3214316 0 P 0
L 2.9110472 6.767811 2.9110472 6.841811 0 P 0
L 2.9110472 6.767811 3.5860472 6.092811 0 P 0
L 2.9110472 6.941811 2.9110472 7.034811 0 P 0
L 2.9130472 7.232811 3.1110472 7.034811 0 P 0
L 2.915 3.8376119 2.915 4.5132895 0 P 0
L 2.915 4.5132895 3.719 5.3172895 0 P 0
L 2.925 3.8334698 2.925 4.5091474 0 P 0
L 2.925 4.5091474 3.729 5.3131474 0 P 0
L 2.9310336 -1.2143397 2.9691207 -1.2143397 1 P 0 ;2,3=0,4=0.000000
L 2.935 3.8247402 2.935 4.5050053 0 P 0
L 2.935 4.5050053 3.739 5.3090053 0 P 0
L 2.9450472 3.8060551 2.9450472 4.4895427 0 P 0
L 2.9450472 4.4895427 3.749 5.2934955 0 P 0
L 2.9500772 -1.1610178 2.9196075 -1.2410007 1 P 0 ;2,3=0,4=0.000000
L 2.9550472 3.79637 2.9550472 4.4854006 0 P 0
L 2.9550472 4.4854006 3.759 5.2893534 0 P 0
L 2.9650472 3.786685 2.9650472 4.4812585 0 P 0
L 2.9650472 4.4812585 3.769 5.2852113 0 P 0
L 2.9685472 2.417311 3.8510472 1.534811 0 P 0
L 2.9750472 3.777 2.9750472 4.4771164 0 P 0
L 2.9750472 4.4771164 3.779 5.2810692 0 P 0
L 2.9805468 -1.2410007 2.9500772 -1.1610178 1 P 0 ;2,3=0,4=0.000000
L 2.9850472 3.767315 2.9850472 4.4729743 0 P 0
L 2.9850472 4.4729743 3.789 5.2769271 0 P 0
L 2.9950472 3.7576299 2.9950472 4.4688322 0 P 0
L 2.9950472 4.4688322 3.799 5.272785 0 P 0
L 2.9992095 -1.1610178 3.0296792 -1.1991049 1 P 0 ;2,3=0,4=0.000000
L 3.0030472 7.242811 3.2110472 7.034811 0 P 0
L 3.0050472 3.7479448 3.0050472 4.4646901 0 P 0
L 3.0050472 4.4646901 3.809 5.2686429 0 P 0
L 3.0110472 6.767811 3.0110472 6.841811 0 P 0
L 3.0110472 6.767811 3.5960472 6.182811 0 P 0
L 3.0110472 6.941811 3.0110472 7.034811 0 P 0
L 3.0296792 -1.1991049 3.0296792 -1.2410007 1 P 0 ;2,3=0,4=0.000000
L 3.0510472 1.481811 3.0510472 1.5739886 0 P 0
L 3.0580472 3.443811 3.3135034 3.443811 0 P 0
L 3.0580472 3.463811 3.0625472 3.459311 0 P 0
L 3.0580472 3.483811 3.0630471 3.4888109 0 P 0
L 3.0580472 3.503811 3.0605472 3.501311 0 P 0
L 3.0580472 3.523811 3.0625472 3.519311 0 P 0
L 3.0580472 3.543811 3.2903696 3.543811 0 P 0
L 3.0580472 3.563811 3.2953696 3.563811 0 P 0
L 3.0580472 3.583811 3.0625472 3.579311 0 P 0
L 3.0580472 3.603811 3.058248 3.6036102 0 P 0
L 3.0580472 3.623811 3.0635472 3.629311 0 P 0
L 3.0580472 3.643811 3.0588779 3.6429803 0 P 0
L 3.0580472 3.663811 3.0688779 3.6529803 0 P 0
L 3.0580472 3.683811 3.0735472 3.699311 0 P 0
L 3.0580472 3.703811 3.0635472 3.709311 0 P 0
L 3.0580472 3.723811 3.0599441 3.7219141 0 P 0
L 3.0580472 3.743811 3.0611502 3.746914 0 P 0
L 3.0580472 3.763811 3.0645472 3.757311 0 P 0
L 3.0580472 3.783811 3.0635472 3.778311 0 P 0
L 3.0580472 3.803811 3.0735472 3.788311 0 P 0
L 3.0580472 3.823811 3.0595472 3.825311 0 P 0
L 3.0580472 3.843811 3.0645472 3.850311 0 P 0
L 3.0580472 3.863811 3.3153696 3.863811 0 P 0
L 3.0580472 3.883811 3.0595472 3.885311 0 P 0
L 3.0580472 3.903811 3.0615472 3.900311 0 P 0
L 3.0580472 3.923811 3.0595472 3.925311 0 P 0
L 3.0580472 3.943811 3.0585472 3.943311 0 P 0
L 3.0580472 3.963811 3.0615472 3.960311 0 P 0
L 3.0580472 3.983811 3.0625472 3.979311 0 P 0
L 3.0580472 4.003811 3.0595472 4.005311 0 P 0
L 3.0580472 4.023811 3.0615472 4.027311 0 P 0
L 3.058248 3.6036102 3.2981688 3.6036102 0 P 0
L 3.0585472 3.943311 3.4842248 3.943311 0 P 0
L 3.0588779 3.6429803 3.2983968 3.6429803 0 P 0
L 3.0595472 3.825311 4.0415472 3.825311 0 P 0
L 3.0595472 3.885311 3.4648696 3.885311 0 P 0
L 3.0595472 3.925311 4.0215472 3.925311 0 P 0
L 3.0595472 4.005311 3.4548696 4.005311 0 P 0
L 3.0599441 3.7219141 4.0571503 3.7219141 0 P 0
L 3.0601488 -1.1610178 3.0296792 -1.1991049 1 P 0 ;2,3=0,4=0.000000
L 3.0605472 3.501311 3.2396564 3.501311 0 P 0
L 3.0611502 3.746914 3.3078698 3.746914 0 P 0
L 3.0615472 3.900311 3.4822248 3.900311 0 P 0
L 3.0615472 3.960311 3.4658696 3.960311 0 P 0
L 3.0615472 4.027311 3.9995472 4.027311 0 P 0
L 3.0625472 3.459311 3.3092248 3.459311 0 P 0
L 3.0625472 3.519311 3.2435143 3.519311 0 P 0
L 3.0625472 3.579311 3.2988696 3.579311 0 P 0
L 3.0625472 3.979311 3.2627984 3.979311 0 P 0
L 3.0630471 3.4888109 3.2412984 3.4888109 0 P 0
L 3.0635472 3.629311 3.2988696 3.629311 0 P 0
L 3.0635472 3.709311 3.3383669 3.709311 0 P 0
L 3.0635472 3.778311 3.3188696 3.778311 0 P 0
L 3.0645472 3.757311 3.3340473 3.757311 0 P 0
L 3.0645472 3.850311 4.0325472 3.850311 0 P 0
L 3.0688779 3.6529803 3.2942547 3.6529803 0 P 0
L 3.0704323 -1.1610178 3.0704323 -1.2410007 1 P 0 ;2,3=0,4=0.000000
L 3.0704323 -1.1991049 3.100902 -1.1991049 1 P 0 ;2,3=0,4=0.000000
L 3.0704323 -1.2410007 3.1199455 -1.2410007 1 P 0 ;2,3=0,4=0.000000
L 3.0735472 3.699311 3.3342248 3.699311 0 P 0
L 3.0735472 3.788311 3.3147275 3.788311 0 P 0
L 3.0930472 7.252811 3.3110472 7.034811 0 P 0
L 3.1110472 6.767811 3.1110472 6.841811 0 P 0
L 3.1110472 6.767811 3.6060472 6.272811 0 P 0
L 3.1110472 6.941811 3.1110472 7.034811 0 P 0
L 3.1199455 -1.1610178 3.0704323 -1.1610178 1 P 0 ;2,3=0,4=0.000000
L 3.133276 -1.1610178 3.133276 -1.2410007 1 P 0 ;2,3=0,4=0.000000
L 3.133276 -1.1610178 3.1675544 -1.1610178 1 P 0 ;2,3=0,4=0.000000
L 3.1535472 2.432311 4.0510472 1.534811 0 P 0
L 3.159937 -1.1991049 3.1865979 -1.2410007 1 P 0 ;2,3=0,4=0.000000
L 3.1675544 -1.1610178 3.1789805 -1.1648265 1 P 0 ;2,3=0,4=0.000000
L 3.1675544 -1.1991049 3.133276 -1.1991049 1 P 0 ;2,3=0,4=0.000000
L 3.1789805 -1.1648265 3.1827892 -1.1686353 1 P 0 ;2,3=0,4=0.000000
L 3.1789805 -1.1952962 3.1675544 -1.1991049 1 P 0 ;2,3=0,4=0.000000
L 3.1827892 -1.1686353 3.1865979 -1.1762527 1 P 0 ;2,3=0,4=0.000000
L 3.1827892 -1.1914875 3.1789805 -1.1952962 1 P 0 ;2,3=0,4=0.000000
L 3.1830472 7.262811 3.4110472 7.034811 0 P 0
L 3.1865979 -1.1762527 3.1865979 -1.1838701 1 P 0 ;2,3=0,4=0.000000
L 3.1865979 -1.1838701 3.1827892 -1.1914875 1 P 0 ;2,3=0,4=0.000000
L 3.2110472 6.767811 3.2110472 6.841811 0 P 0
L 3.2110472 6.767811 3.6160472 6.362811 0 P 0
L 3.2110472 6.941811 3.2110472 7.034811 0 P 0
L 3.2396564 3.501311 3.2516564 3.513311 0 P 0
L 3.2412984 3.4888109 3.2557985 3.503311 0 P 0
L 3.2435143 3.519311 3.2475143 3.523311 0 P 0
L 3.2475143 3.523311 3.2785801 3.523311 0 P 0
L 3.2510472 1.481811 3.2510472 1.534811 0 P 0
L 3.2516564 3.513311 3.274438 3.513311 0 P 0
L 3.2557985 3.503311 3.2702959 3.503311 0 P 0
L 3.2627984 3.979311 3.2787984 3.995311 0 P 0
L 3.2673425 -1.1762527 3.2749599 -1.172444 1 P 0 ;2,3=0,4=0.000000
L 3.2702959 3.503311 3.2762959 3.497311 0 P 0
L 3.2730472 7.272811 3.5110472 7.034811 0 P 0
L 3.274438 3.513311 3.280438 3.507311 0 P 0
L 3.2749599 -1.172444 3.286386 -1.1610178 1 P 0 ;2,3=0,4=0.000000
L 3.2762959 3.497311 3.2887275 3.497311 0 P 0
L 3.2785801 3.523311 3.2825801 3.519311 0 P 0
L 3.2787984 3.995311 3.2932958 3.995311 0 P 0
L 3.280438 3.507311 3.2928696 3.507311 0 P 0
L 3.2825801 3.519311 3.3038696 3.519311 0 P 0
L 3.286386 -1.1610178 3.286386 -1.2410007 1 P 0 ;2,3=0,4=0.000000
L 3.2887275 3.497311 3.3017275 3.484311 0 P 0
L 3.2903696 3.543811 3.2994122 3.5347684 0 P 0
L 3.2928696 3.507311 3.3048696 3.495311 0 P 0
L 3.2932958 3.995311 3.3092958 3.979311 0 P 0
L 3.2942547 3.6529803 3.2965854 3.655311 0 P 0
L 3.2953696 3.563811 3.3002701 3.5589105 0 P 0
L 3.2965854 3.655311 3.323509 3.655311 0 P 0
L 3.2981688 3.6036102 3.3048696 3.610311 0 P 0
L 3.2983968 3.6429803 3.3007275 3.645311 0 P 0
L 3.2988696 3.579311 3.3048696 3.585311 0 P 0
L 3.2988696 3.629311 3.3048696 3.635311 0 P 0
L 3.2994122 3.5347684 3.314327 3.5347684 0 P 0
L 3.3002701 3.5589105 3.303114 3.5589105 0 P 0
L 3.3007275 3.645311 3.3193669 3.645311 0 P 0
L 3.3017275 3.484311 3.3123737 3.484311 0 P 0
L 3.303114 3.5589105 3.3039719 3.5597684 0 P 0
L 3.3038696 3.519311 3.3048696 3.520311 0 P 0
L 3.3039719 3.5597684 3.3143271 3.5597684 0 P 0
L 3.3048696 3.495311 3.3153656 3.495311 0 P 0
L 3.3048696 3.520311 3.3148696 3.520311 0 P 0
L 3.3048696 3.585311 3.3152248 3.585311 0 P 0
L 3.3048696 3.610311 3.3152248 3.610311 0 P 0
L 3.3048696 3.635311 3.3152248 3.635311 0 P 0
L 3.3078698 3.746914 3.3151922 3.7395916 0 P 0
L 3.3092248 3.459311 3.3137248 3.463811 0 P 0
L 3.3092958 3.979311 3.4812248 3.979311 0 P 0
L 3.3110472 6.767811 3.3110472 6.841811 0 P 0
L 3.3110472 6.767811 3.6260472 6.452811 0 P 0
L 3.3110472 6.941811 3.3110472 7.034811 0 P 0
L 3.3123737 3.484311 3.3151962 3.4814885 0 P 0
L 3.3135034 3.443811 3.3208696 3.4364448 0 P 0
L 3.3137248 3.463811 4.0070472 3.463811 0 P 0
L 3.314327 3.5347684 3.3208696 3.541311 0 P 0
L 3.3143271 3.5597684 3.3197845 3.554311 0 P 0
L 3.3147275 3.788311 3.3187275 3.792311 0 P 0
L 3.3148696 3.520311 3.3208696 3.526311 0 P 0
L 3.3151922 3.7395915 3.3151922 3.7395916 0 P 0
L 3.3151922 3.7395915 3.3228696 3.7319141 0 P 0
L 3.3151962 3.4814884 3.3151962 3.4814885 0 P 0
L 3.3151962 3.4814884 3.3208696 3.475815 0 P 0
L 3.3152248 3.585311 3.3212248 3.579311 0 P 0
L 3.3152248 3.610311 3.3219256 3.6036102 0 P 0
L 3.3152248 3.635311 3.3225472 3.6279886 0 P 0
L 3.3153656 3.495311 3.3213656 3.501311 0 P 0
L 3.3153696 3.863811 3.3268696 3.875311 0 P 0
L 3.3187275 3.792311 3.3373669 3.792311 0 P 0
L 3.3188696 3.778311 3.3228696 3.782311 0 P 0
L 3.3193669 3.645311 3.3203669 3.644311 0 P 0
L 3.3197845 3.554311 4.0175472 3.554311 0 P 0
L 3.3203669 3.644311 3.3392248 3.644311 0 P 0
L 3.3208696 3.4364448 3.995681 3.4364448 0 P 0
L 3.3208696 3.475815 4.0030512 3.475815 0 P 0
L 3.3208696 3.526311 3.3312248 3.526311 0 P 0
L 3.3208696 3.541311 3.3303669 3.541311 0 P 0
L 3.3212248 3.579311 4.0265472 3.579311 0 P 0
L 3.3213656 3.501311 4.0125472 3.501311 0 P 0
L 3.3219256 3.6036102 4.0348464 3.6036102 0 P 0
L 3.3225472 3.6256334 3.3225472 3.6279886 0 P 0
L 3.3225472 3.6256334 3.3345704 3.6136102 0 P 0
L 3.3228696 3.7319141 3.3332248 3.7319141 0 P 0
L 3.3228696 3.782311 3.3332248 3.782311 0 P 0
L 3.323509 3.655311 3.324509 3.654311 0 P 0
L 3.324509 3.654311 3.3433669 3.654311 0 P 0
L 3.3268696 3.875311 3.3372248 3.875311 0 P 0
L 3.3303669 3.541311 3.3423669 3.529311 0 P 0
L 3.3312248 3.526311 3.3382248 3.519311 0 P 0
L 3.3332248 3.7319141 3.3451217 3.743811 0 P 0
L 3.3332248 3.782311 3.3372248 3.778311 0 P 0
L 3.3340473 3.757311 3.3405473 3.763811 0 P 0
L 3.3342248 3.699311 3.3497248 3.683811 0 P 0
L 3.3345704 3.6136102 4.0288464 3.6136102 0 P 0
L 3.3372248 3.778311 3.3533669 3.778311 0 P 0
L 3.3372248 3.875311 3.3487248 3.863811 0 P 0
L 3.3373669 3.792311 3.3413669 3.788311 0 P 0
L 3.3382248 3.519311 4.0145472 3.519311 0 P 0
L 3.3383669 3.709311 3.3438669 3.703811 0 P 0
L 3.3385472 2.447311 4.2510472 1.534811 0 P 0
L 3.3392248 3.644311 3.3405555 3.6429803 0 P 0
L 3.3405473 3.763811 4.0550472 3.763811 0 P 0
L 3.3405555 3.6429803 4.0422165 3.6429803 0 P 0
L 3.3413669 3.788311 3.3492248 3.788311 0 P 0
L 3.3423669 3.529311 4.0085472 3.529311 0 P 0
L 3.3433669 3.654311 3.3446976 3.6529803 0 P 0
L 3.3438669 3.703811 4.0550472 3.703811 0 P 0
L 3.3446976 3.6529803 4.0362165 3.6529803 0 P 0
L 3.3451217 3.743811 4.0590472 3.743811 0 P 0
L 3.3487248 3.863811 4.0350472 3.863811 0 P 0
L 3.3492248 3.788311 3.3647248 3.803811 0 P 0
L 3.3497248 3.683811 4.0510472 3.683811 0 P 0
L 3.3533669 3.778311 3.3588669 3.783811 0 P 0
L 3.3588669 3.783811 4.0510472 3.783811 0 P 0
L 3.3630472 7.282811 3.6110472 7.034811 0 P 0
L 3.3647248 3.803811 4.0470472 3.803811 0 P 0
L 3.3888403 -1.1914875 3.3888403 -1.210531 1 P 0 ;2,3=0,4=0.000000
L 3.3888403 -1.210531 3.392649 -1.2219572 1 P 0 ;2,3=0,4=0.000000
L 3.392649 -1.1800614 3.3888403 -1.1914875 1 P 0 ;2,3=0,4=0.000000
L 3.392649 -1.2219572 3.3964577 -1.2295746 1 P 0 ;2,3=0,4=0.000000
L 3.3964577 -1.172444 3.392649 -1.1800614 1 P 0 ;2,3=0,4=0.000000
L 3.3964577 -1.2295746 3.4040751 -1.237192 1 P 0 ;2,3=0,4=0.000000
L 3.4040751 -1.1648265 3.3964577 -1.172444 1 P 0 ;2,3=0,4=0.000000
L 3.4040751 -1.237192 3.4116925 -1.2410007 1 P 0 ;2,3=0,4=0.000000
L 3.4110472 6.767811 3.4110472 6.841811 0 P 0
L 3.4110472 6.767811 3.6360472 6.542811 0 P 0
L 3.4110472 6.941811 3.4110472 7.034811 0 P 0
L 3.4116925 -1.1610178 3.4040751 -1.1648265 1 P 0 ;2,3=0,4=0.000000
L 3.4116925 -1.2410007 3.4269274 -1.2410007 1 P 0 ;2,3=0,4=0.000000
L 3.4269274 -1.1610178 3.4116925 -1.1610178 1 P 0 ;2,3=0,4=0.000000
L 3.4269274 -1.210531 3.4459709 -1.210531 1 P 0 ;2,3=0,4=0.000000
L 3.4269274 -1.2410007 3.4345448 -1.237192 1 P 0 ;2,3=0,4=0.000000
L 3.4345448 -1.1648265 3.4269274 -1.1610178 1 P 0 ;2,3=0,4=0.000000
L 3.4345448 -1.237192 3.4421622 -1.2295746 1 P 0 ;2,3=0,4=0.000000
L 3.4421622 -1.172444 3.4345448 -1.1648265 1 P 0 ;2,3=0,4=0.000000
L 3.4421622 -1.2295746 3.4459709 -1.2219572 1 P 0 ;2,3=0,4=0.000000
L 3.4459709 -1.1800614 3.4421622 -1.172444 1 P 0 ;2,3=0,4=0.000000
L 3.4459709 -1.2219572 3.4459709 -1.210531 1 P 0 ;2,3=0,4=0.000000
L 3.4500472 1.481811 3.4500472 1.534811 0 P 0
L 3.4530472 7.292811 3.7110472 7.034811 0 P 0
L 3.4548696 4.005311 3.4578696 4.002311 0 P 0
L 3.4578696 4.002311 3.4682248 4.002311 0 P 0
L 3.4642527 -1.1610178 3.4642527 -1.2410007 1 P 0 ;2,3=0,4=0.000000
L 3.4642527 -1.1991049 3.4947224 -1.1991049 1 P 0 ;2,3=0,4=0.000000
L 3.4642527 -1.2410007 3.5137659 -1.2410007 1 P 0 ;2,3=0,4=0.000000
L 3.4648696 3.885311 3.4748696 3.875311 0 P 0
L 3.4658696 3.960311 3.4738696 3.968311 0 P 0
L 3.4682248 4.002311 3.4702248 4.004311 0 P 0
L 3.4702248 4.004311 4.0065472 4.004311 0 P 0
L 3.4738696 3.968311 3.4848696 3.968311 0 P 0
L 3.4748696 3.875311 3.4852248 3.875311 0 P 0
L 3.4812248 3.979311 3.4872248 3.985311 0 P 0
L 3.4822248 3.900311 3.4857248 3.903811 0 P 0
L 3.4842248 3.943311 3.4912248 3.950311 0 P 0
L 3.4848696 3.968311 3.4928696 3.960311 0 P 0
L 3.4852248 3.875311 3.4937248 3.883811 0 P 0
L 3.4857248 3.903811 3.4933696 3.903811 0 P 0
L 3.4872248 3.985311 4.0095472 3.985311 0 P 0
L 3.4912248 3.950311 4.0125472 3.950311 0 P 0
L 3.4928696 3.960311 3.5032248 3.960311 0 P 0
L 3.4933696 3.903811 3.4988696 3.898311 0 P 0
L 3.4937248 3.883811 4.0310472 3.883811 0 P 0
L 3.4988696 3.898311 3.5092248 3.898311 0 P 0
L 3.5032248 3.960311 3.5067248 3.963811 0 P 0
L 3.5067248 3.963811 4.0150472 3.963811 0 P 0
L 3.5092248 3.898311 3.5147248 3.903811 0 P 0
L 3.5110472 6.767811 3.5110472 6.841811 0 P 0
L 3.5110472 6.767811 3.6460472 6.632811 0 P 0
L 3.5110472 6.941811 3.5110472 7.034811 0 P 0
L 3.5137659 -1.1610178 3.4642527 -1.1610178 1 P 0 ;2,3=0,4=0.000000
L 3.5147248 3.903811 4.0270472 3.903811 0 P 0
L 3.5160472 5.3971787 3.5160472 5.462811 0 P 0
L 3.5245472 2.462311 4.4520472 1.534811 0 P 0
L 3.5260472 5.3930366 3.5260472 5.552811 0 P 0
L 3.5270964 -1.1610178 3.5270964 -1.2410007 1 P 0 ;2,3=0,4=0.000000
L 3.5270964 -1.1610178 3.5613748 -1.1610178 1 P 0 ;2,3=0,4=0.000000
L 3.5360472 5.3888945 3.5360472 5.642811 0 P 0
L 3.5430472 7.302811 3.8110472 7.034811 0 P 0
L 3.5460472 5.3847524 3.5460472 5.732811 0 P 0
L 3.5537574 -1.1991049 3.5804183 -1.2410007 1 P 0 ;2,3=0,4=0.000000
L 3.5560472 5.3806103 3.5560472 5.822811 0 P 0
L 3.5613748 -1.1610178 3.5728009 -1.1648265 1 P 0 ;2,3=0,4=0.000000
L 3.5613748 -1.1991049 3.5270964 -1.1991049 1 P 0 ;2,3=0,4=0.000000
L 3.5660472 5.3764682 3.5660472 5.912811 0 P 0
L 3.5728009 -1.1648265 3.5766096 -1.1686353 1 P 0 ;2,3=0,4=0.000000
L 3.5728009 -1.1952962 3.5613748 -1.1991049 1 P 0 ;2,3=0,4=0.000000
L 3.5760472 5.3723261 3.5760472 6.002811 0 P 0
L 3.5766096 -1.1686353 3.5804183 -1.1762527 1 P 0 ;2,3=0,4=0.000000
L 3.5766096 -1.1914875 3.5728009 -1.1952962 1 P 0 ;2,3=0,4=0.000000
L 3.5804183 -1.1762527 3.5804183 -1.1838701 1 P 0 ;2,3=0,4=0.000000
L 3.5804183 -1.1838701 3.5766096 -1.1914875 1 P 0 ;2,3=0,4=0.000000
L 3.5860472 5.368184 3.5860472 6.092811 0 P 0
L 3.5960472 5.3640419 3.5960472 6.182811 0 P 0
L 3.5983192 -1.1610178 3.5983192 -1.2410007 1 P 0 ;2,3=0,4=0.000000
L 3.5983192 -1.1610178 3.6325976 -1.1610178 1 P 0 ;2,3=0,4=0.000000
L 3.5983192 -1.1991049 3.6325976 -1.1991049 1 P 0 ;2,3=0,4=0.000000
L 3.6060472 5.3598998 3.6060472 6.272811 0 P 0
L 3.6110472 6.767811 3.6110472 6.841811 0 P 0
L 3.6110472 6.767811 3.6560472 6.722811 0 P 0
L 3.6110472 6.941811 3.6110472 7.034811 0 P 0
L 3.6160472 5.3557577 3.6160472 6.362811 0 P 0
L 3.6260472 5.3516156 3.6260472 6.452811 0 P 0
L 3.6325976 -1.1610178 3.6440237 -1.1648265 1 P 0 ;2,3=0,4=0.000000
L 3.6325976 -1.1991049 3.6440237 -1.2029136 1 P 0 ;2,3=0,4=0.000000
L 3.6325976 -1.2410007 3.5983192 -1.2410007 1 P 0 ;2,3=0,4=0.000000
L 3.6330472 7.312811 3.9110472 7.034811 0 P 0
L 3.6360472 5.3474735 3.6360472 6.542811 0 P 0
L 3.6440237 -1.1648265 3.6478324 -1.1686353 1 P 0 ;2,3=0,4=0.000000
L 3.6440237 -1.1952962 3.6325976 -1.1991049 1 P 0 ;2,3=0,4=0.000000
L 3.6440237 -1.2029136 3.6478324 -1.2067223 1 P 0 ;2,3=0,4=0.000000
L 3.6440237 -1.237192 3.6325976 -1.2410007 1 P 0 ;2,3=0,4=0.000000
L 3.6460472 5.3433314 3.6460472 6.632811 0 P 0
L 3.6478324 -1.1686353 3.6516411 -1.1762527 1 P 0 ;2,3=0,4=0.000000
L 3.6478324 -1.1914875 3.6440237 -1.1952962 1 P 0 ;2,3=0,4=0.000000
L 3.6478324 -1.2067223 3.6516411 -1.2143397 1 P 0 ;2,3=0,4=0.000000
L 3.6478324 -1.2333833 3.6440237 -1.237192 1 P 0 ;2,3=0,4=0.000000
L 3.6510472 1.481811 3.6510472 1.534811 0 P 0
L 3.6516411 -1.1762527 3.6516411 -1.1838701 1 P 0 ;2,3=0,4=0.000000
L 3.6516411 -1.1838701 3.6478324 -1.1914875 1 P 0 ;2,3=0,4=0.000000
L 3.6516411 -1.2143397 3.6516411 -1.2257659 1 P 0 ;2,3=0,4=0.000000
L 3.6516411 -1.2257659 3.6478324 -1.2333833 1 P 0 ;2,3=0,4=0.000000
L 3.6560472 5.3391893 3.6560472 6.722811 0 P 0
L 3.669 5.338 3.669 6.7997638 0 P 0
L 3.669 6.7997638 3.7110472 6.841811 0 P 0
L 3.669542 -1.1610178 3.669542 -1.2410007 1 P 0 ;2,3=0,4=0.000000
L 3.669542 -1.1991049 3.7000117 -1.1991049 1 P 0 ;2,3=0,4=0.000000
L 3.669542 -1.2410007 3.7190552 -1.2410007 1 P 0 ;2,3=0,4=0.000000
L 3.679 5.3338579 3.679 6.7097638 0 P 0
L 3.679 6.7097638 3.8110472 6.841811 0 P 0
L 3.689 5.3297158 3.689 6.6197638 0 P 0
L 3.689 6.6197638 3.9110472 6.841811 0 P 0
L 3.699 5.3255737 3.699 6.5297638 0 P 0
L 3.699 6.5297638 4.0110472 6.841811 0 P 0
L 3.709 5.3214316 3.709 6.4397638 0 P 0
L 3.709 6.4397638 4.1110472 6.841811 0 P 0
L 3.7110472 6.941811 3.7110472 7.034811 0 P 0
L 3.719 5.3172895 3.719 6.3497638 0 P 0
L 3.719 6.3497638 4.2110472 6.841811 0 P 0
L 3.7190552 -1.1610178 3.669542 -1.1610178 1 P 0 ;2,3=0,4=0.000000
L 3.7230472 7.322811 4.0110472 7.034811 0 P 0
L 3.729 5.3131474 3.729 6.2597638 0 P 0
L 3.729 6.2597638 4.3110472 6.841811 0 P 0
L 3.7323857 -1.1610178 3.7323857 -1.2410007 1 P 0 ;2,3=0,4=0.000000
L 3.7323857 -1.1610178 3.7666641 -1.1610178 1 P 0 ;2,3=0,4=0.000000
L 3.739 5.3090053 3.739 6.1697638 0 P 0
L 3.739 6.1697638 4.4110472 6.841811 0 P 0
L 3.749 5.2934955 3.749 6.0057638 0 P 0
L 3.749 6.0057638 4.5110472 6.767811 0 P 0
L 3.759 5.2893534 3.759 5.9157638 0 P 0
L 3.759 5.9157638 4.6110472 6.767811 0 P 0
L 3.7590467 -1.1991049 3.7857076 -1.2410007 1 P 0 ;2,3=0,4=0.000000
L 3.7666641 -1.1610178 3.7780902 -1.1648265 1 P 0 ;2,3=0,4=0.000000
L 3.7666641 -1.1991049 3.7323857 -1.1991049 1 P 0 ;2,3=0,4=0.000000
L 3.769 5.2852113 3.769 5.8257638 0 P 0
L 3.769 5.8257638 4.7110472 6.767811 0 P 0
L 3.7780902 -1.1648265 3.7818989 -1.1686353 1 P 0 ;2,3=0,4=0.000000
L 3.7780902 -1.1952962 3.7666641 -1.1991049 1 P 0 ;2,3=0,4=0.000000
L 3.779 5.2810692 3.779 5.7357638 0 P 0
L 3.779 5.7357638 4.8110472 6.767811 0 P 0
L 3.7818989 -1.1686353 3.7857076 -1.1762527 1 P 0 ;2,3=0,4=0.000000
L 3.7818989 -1.1914875 3.7780902 -1.1952962 1 P 0 ;2,3=0,4=0.000000
L 3.7857076 -1.1762527 3.7857076 -1.1838701 1 P 0 ;2,3=0,4=0.000000
L 3.7857076 -1.1838701 3.7818989 -1.1914875 1 P 0 ;2,3=0,4=0.000000
L 3.789 5.2769271 3.789 5.6457638 0 P 0
L 3.789 5.6457638 4.9110472 6.767811 0 P 0
L 3.799 5.272785 3.799 5.5557638 0 P 0
L 3.799 5.5557638 5.0110472 6.767811 0 P 0
L 3.809 5.2686429 3.809 5.4657638 0 P 0
L 3.809 5.4657638 5.1110472 6.767811 0 P 0
L 3.8110472 6.941811 3.8110472 7.034811 0 P 0
L 3.8130472 7.332811 4.1110472 7.034811 0 P 0
L 3.8510472 1.481811 3.8510472 1.534811 0 P 0
L 3.8664522 -1.1610178 3.8664522 -1.2410007 1 P 0 ;2,3=0,4=0.000000
L 3.8664522 -1.1610178 3.8931132 -1.1610178 1 P 0 ;2,3=0,4=0.000000
L 3.8931132 -1.1610178 3.9045393 -1.1648265 1 P 0 ;2,3=0,4=0.000000
L 3.8931132 -1.2410007 3.8664522 -1.2410007 1 P 0 ;2,3=0,4=0.000000
L 3.9030472 7.342811 4.2110472 7.034811 0 P 0
L 3.9045393 -1.1648265 3.9121567 -1.172444 1 P 0 ;2,3=0,4=0.000000
L 3.9045393 -1.237192 3.8931132 -1.2410007 1 P 0 ;2,3=0,4=0.000000
L 3.9110472 6.941811 3.9110472 7.034811 0 P 0
L 3.9121567 -1.172444 3.9159654 -1.1800614 1 P 0 ;2,3=0,4=0.000000
L 3.9121567 -1.2295746 3.9045393 -1.237192 1 P 0 ;2,3=0,4=0.000000
L 3.9159654 -1.1800614 3.9197741 -1.1914875 1 P 0 ;2,3=0,4=0.000000
L 3.9159654 -1.2219572 3.9121567 -1.2295746 1 P 0 ;2,3=0,4=0.000000
L 3.9197741 -1.1914875 3.9197741 -1.210531 1 P 0 ;2,3=0,4=0.000000
L 3.9197741 -1.210531 3.9159654 -1.2219572 1 P 0 ;2,3=0,4=0.000000
L 3.9491011 -1.2143397 3.9871882 -1.2143397 1 P 0 ;2,3=0,4=0.000000
L 3.9681447 -1.1610178 3.937675 -1.2410007 1 P 0 ;2,3=0,4=0.000000
L 3.9930472 7.352811 4.3110472 7.034811 0 P 0
L 3.995681 3.4364448 4.0610472 3.501811 0 P 0
L 3.9986143 -1.2410007 3.9681447 -1.1610178 1 P 0 ;2,3=0,4=0.000000
L 3.9995472 4.027311 4.0610472 3.965811 0 P 0
L 4.0030512 3.475815 4.0610472 3.533811 0 P 0
L 4.0065472 4.004311 4.0610472 3.949811 0 P 0
L 4.0070472 3.463811 4.0610472 3.517811 0 P 0
L 4.0085472 3.529311 4.0610472 3.581811 0 P 0
L 4.0095472 3.985311 4.0610472 3.933811 0 P 0
L 4.0110472 6.941811 4.0110472 7.034811 0 P 0
L 4.0125472 3.501311 4.0610472 3.549811 0 P 0
L 4.0125472 3.950311 4.0610472 3.901811 0 P 0
L 4.0145472 3.519311 4.0610472 3.565811 0 P 0
L 4.0150472 3.963811 4.0610472 3.917811 0 P 0
L 4.017277 -1.1610178 4.0705989 -1.1610178 1 P 0 ;2,3=0,4=0.000000
L 4.0175472 3.554311 4.0610472 3.597811 0 P 0
L 4.0215472 3.925311 4.0610472 3.885811 0 P 0
L 4.0265472 3.579311 4.0610472 3.613811 0 P 0
L 4.0270472 3.903811 4.0610472 3.869811 0 P 0
L 4.0288464 3.6136102 4.0610472 3.645811 0 P 0
L 4.0310472 3.883811 4.0610472 3.853811 0 P 0
L 4.0325472 3.850311 4.0610472 3.821811 0 P 0
L 4.0348464 3.6036102 4.0610472 3.629811 0 P 0
L 4.0350472 3.863811 4.0610472 3.837811 0 P 0
L 4.0362165 3.6529803 4.0610472 3.677811 0 P 0
L 4.0415472 3.825311 4.0610472 3.805811 0 P 0
L 4.0422165 3.6429803 4.0610472 3.661811 0 P 0
L 4.043938 -1.1610178 4.043938 -1.2410007 1 P 0 ;2,3=0,4=0.000000
L 4.0470472 3.803811 4.0610472 3.789811 0 P 0
L 4.0510472 1.481811 4.0510472 1.534811 0 P 0
L 4.0510472 3.683811 4.0610472 3.693811 0 P 0
L 4.0510472 3.783811 4.0610472 3.773811 0 P 0
L 4.0550472 3.703811 4.0610472 3.709811 0 P 0
L 4.0550472 3.763811 4.0610472 3.757811 0 P 0
L 4.0571503 3.7219141 4.0610472 3.725811 0 P 0
L 4.0590472 3.743811 4.0610472 3.741811 0 P 0
L 4.0610472 3.501811 4.2370472 3.501811 0 P 0
L 4.0610472 3.517811 4.3210472 3.517811 0 P 0
L 4.0610472 3.533811 4.4050472 3.533811 0 P 0
L 4.0610472 3.549811 4.4890472 3.549811 0 P 0
L 4.0610472 3.565811 4.5730472 3.565811 0 P 0
L 4.0610472 3.581811 4.6570472 3.581811 0 P 0
L 4.0610472 3.597811 4.7410472 3.597811 0 P 0
L 4.0610472 3.613811 4.8250472 3.613811 0 P 0
L 4.0610472 3.629811 4.9090472 3.629811 0 P 0
L 4.0610472 3.645811 4.9930472 3.645811 0 P 0
L 4.0610472 3.661811 5.0770472 3.661811 0 P 0
L 4.0610472 3.677811 5.1610472 3.677811 0 P 0
L 4.0610472 3.693811 5.2450472 3.693811 0 P 0
L 4.0610472 3.709811 5.3290472 3.709811 0 P 0
L 4.0610472 3.725811 5.4130472 3.725811 0 P 0
L 4.0610472 3.741811 5.4190472 3.741811 0 P 0
L 4.0610472 3.757811 5.3350472 3.757811 0 P 0
L 4.0610472 3.773811 5.2510472 3.773811 0 P 0
L 4.0610472 3.789811 5.1670472 3.789811 0 P 0
L 4.0610472 3.805811 5.0830472 3.805811 0 P 0
L 4.0610472 3.821811 4.9990472 3.821811 0 P 0
L 4.0610472 3.837811 4.9150472 3.837811 0 P 0
L 4.0610472 3.853811 4.8310472 3.853811 0 P 0
L 4.0610472 3.869811 4.7470472 3.869811 0 P 0
L 4.0610472 3.885811 4.6630472 3.885811 0 P 0
L 4.0610472 3.901811 4.5790472 3.901811 0 P 0
L 4.0610472 3.917811 4.4950472 3.917811 0 P 0
L 4.0610472 3.933811 4.4110472 3.933811 0 P 0
L 4.0610472 3.949811 4.3270472 3.949811 0 P 0
L 4.0610472 3.965811 4.2430472 3.965811 0 P 0
L 4.0830472 7.362811 4.4110472 7.034811 0 P 0
L 4.0915468 -1.2143397 4.1296339 -1.2143397 1 P 0 ;2,3=0,4=0.000000
L 4.1105904 -1.1610178 4.0801207 -1.2410007 1 P 0 ;2,3=0,4=0.000000
L 4.1110472 6.941811 4.1110472 7.034811 0 P 0
L 4.14106 -1.2410007 4.1105904 -1.1610178 1 P 0 ;2,3=0,4=0.000000
L 4.1730472 7.372811 4.5110472 7.034811 0 P 0
L 4.2110472 6.941811 4.2110472 7.034811 0 P 0
L 4.2370472 3.501811 5.4580472 2.280811 0 P 0
L 4.2430472 3.965811 5.4580472 5.180811 0 P 0
L 4.2510472 1.481811 4.2510472 1.534811 0 P 0
L 4.2630472 7.382811 4.6110472 7.034811 0 P 0
L 4.3110472 6.941811 4.3110472 7.034811 0 P 0
L 4.3210472 3.517811 5.4580472 2.380811 0 P 0
L 4.3270472 3.949811 5.4580472 5.080811 0 P 0
L 4.3530472 7.392811 4.7110472 7.034811 0 P 0
L 4.4050472 3.533811 5.4580472 2.480811 0 P 0
L 4.4110472 3.933811 5.4580472 4.980811 0 P 0
L 4.4110472 6.941811 4.4110472 7.034811 0 P 0
L 4.4430472 7.402811 4.8110472 7.034811 0 P 0
L 4.4520472 1.481811 4.4520472 1.534811 0 P 0
L 4.4890472 3.549811 5.4580472 2.580811 0 P 0
L 4.4950472 3.917811 5.4580472 4.880811 0 P 0
L 4.5110472 6.767811 4.5110472 6.841811 0 P 0
L 4.5110472 6.941811 4.5110472 7.034811 0 P 0
L 4.5330472 7.412811 4.9110472 7.034811 0 P 0
L 4.5730472 3.565811 5.4580472 2.680811 0 P 0
L 4.5790472 3.901811 5.4580472 4.780811 0 P 0
L 4.6110472 6.767811 4.6110472 6.841811 0 P 0
L 4.6110472 6.941811 4.6110472 7.034811 0 P 0
L 4.6230472 7.422811 5.0110472 7.034811 0 P 0
L 4.6570472 3.581811 5.4580472 2.780811 0 P 0
L 4.6630472 3.885811 5.4580472 4.680811 0 P 0
L 4.7110472 6.767811 4.7110472 6.841811 0 P 0
L 4.7110472 6.941811 4.7110472 7.034811 0 P 0
L 4.7130472 7.432811 5.1110472 7.034811 0 P 0
L 4.7410472 3.597811 5.4580472 2.880811 0 P 0
L 4.7470472 3.869811 5.4580472 4.580811 0 P 0
L 4.8110472 6.767811 4.8110472 6.841811 0 P 0
L 4.8110472 6.941811 4.8110472 7.034811 0 P 0
L 4.8250472 3.613811 5.4580472 2.980811 0 P 0
L 4.8310472 3.853811 5.4580472 4.480811 0 P 0
L 4.9090472 3.629811 5.4580472 3.080811 0 P 0
L 4.9110472 6.767811 4.9110472 6.841811 0 P 0
L 4.9110472 6.941811 4.9110472 7.034811 0 P 0
L 4.9150472 3.837811 5.4580472 4.380811 0 P 0
L 4.9930472 3.645811 5.4580472 3.180811 0 P 0
L 4.9990472 3.821811 5.4580472 4.280811 0 P 0
L 5.0110472 6.767811 5.0110472 6.841811 0 P 0
L 5.0110472 6.941811 5.0110472 7.034811 0 P 0
L 5.0770472 3.661811 5.4580472 3.280811 0 P 0
L 5.0830472 3.805811 5.4580472 4.180811 0 P 0
L 5.1110472 6.767811 5.1110472 6.841811 0 P 0
L 5.1110472 6.941811 5.1110472 7.034811 0 P 0
L 5.1610472 3.677811 5.4580472 3.380811 0 P 0
L 5.1670472 3.789811 5.4580472 4.080811 0 P 0
L 5.2450472 3.693811 5.4580472 3.480811 0 P 0
L 5.2510472 3.773811 5.4580472 3.980811 0 P 0
L 5.3290472 3.709811 5.4580472 3.580811 0 P 0
L 5.3350472 3.757811 5.4580472 3.880811 0 P 0
L 5.4130472 3.725811 5.4580472 3.680811 0 P 0
L 5.4190472 3.741811 5.4580472 3.780811 0 P 0
P 0.9460472 1.540811 2 P 0 0 ;0=1,1=0
P 0.9460472 1.640811 2 P 0 0 ;0=1,1=0
P 0.9460472 1.740811 2 P 0 0 ;0=1,1=0
P 0.9460472 1.840811 2 P 0 0 ;0=1,1=0
P 0.9460472 1.940811 2 P 0 0 ;0=1,1=0
P 0.9460472 2.040811 2 P 0 0 ;0=1,1=0
P 0.9460472 2.140811 2 P 0 0 ;0=1,1=0
P 0.9460472 2.240811 2 P 0 0 ;0=1,1=0
P 0.9460472 2.340811 2 P 0 0 ;0=1,1=0
P 0.9460472 2.440811 2 P 0 0 ;0=1,1=0
P 0.9460472 2.540811 2 P 0 0 ;0=1,1=0
P 0.9460472 2.640811 2 P 0 0 ;0=1,1=0
P 0.9460472 2.740811 2 P 0 0 ;0=1,1=0
P 0.9460472 2.840811 2 P 0 0 ;0=1,1=0
P 0.9460472 2.940811 2 P 0 0 ;0=1,1=0
P 0.9460472 3.040811 2 P 0 0 ;0=1,1=0
P 0.9460472 3.140811 2 P 0 0 ;0=1,1=0
P 0.9460472 3.240811 2 P 0 0 ;0=1,1=0
P 0.9460472 3.340811 2 P 0 0 ;0=1,1=0
P 0.9460472 3.440811 2 P 0 0 ;0=1,1=0
P 0.9460472 3.540811 2 P 0 0 ;0=1,1=0
P 0.9460472 3.640811 2 P 0 0 ;0=1,1=0
P 0.9460472 3.740811 2 P 0 0 ;0=1,1=0
P 0.9460472 3.840811 2 P 0 0 ;0=1,1=0
P 0.9460472 3.940811 2 P 0 0 ;0=1,1=0
P 0.9460472 4.040811 2 P 0 0 ;0=1,1=0
P 0.9460472 4.140811 2 P 0 0 ;0=1,1=0
P 0.9460472 4.240811 2 P 0 0 ;0=1,1=0
P 0.9460472 4.340811 2 P 0 0 ;0=1,1=0
P 0.9460472 4.440811 3 P 0 0 ;0=1,1=0
P 2.2110472 6.841811 2 P 0 0 ;0=1,1=0
P 2.2110472 6.941811 2 P 0 0 ;0=1,1=0
P 2.3110472 6.841811 2 P 0 0 ;0=1,1=0
P 2.3110472 6.941811 2 P 0 0 ;0=1,1=0
P 2.4110472 6.841811 2 P 0 0 ;0=1,1=0
P 2.4110472 6.941811 2 P 0 0 ;0=1,1=0
P 2.5110472 6.841811 2 P 0 0 ;0=1,1=0
P 2.5110472 6.941811 2 P 0 0 ;0=1,1=0
P 2.6110472 6.841811 2 P 0 0 ;0=1,1=0
P 2.6110472 6.941811 2 P 0 0 ;0=1,1=0
P 2.7110472 6.841811 2 P 0 0 ;0=1,1=0
P 2.7110472 6.941811 2 P 0 0 ;0=1,1=0
P 2.8110472 6.841811 2 P 0 0 ;0=1,1=0
P 2.8110472 6.941811 2 P 0 0 ;0=1,1=0
P 2.9110472 6.841811 2 P 0 0 ;0=1,1=0
P 2.9110472 6.941811 2 P 0 0 ;0=1,1=0
P 3.0110472 6.841811 2 P 0 0 ;0=1,1=0
P 3.0110472 6.941811 2 P 0 0 ;0=1,1=0
P 3.1110472 6.841811 2 P 0 0 ;0=1,1=0
P 3.1110472 6.941811 2 P 0 0 ;0=1,1=0
P 3.2110472 6.841811 2 P 0 0 ;0=1,1=0
P 3.2110472 6.941811 2 P 0 0 ;0=1,1=0
P 3.3110472 6.841811 2 P 0 0 ;0=1,1=0
P 3.3110472 6.941811 2 P 0 0 ;0=1,1=0
P 3.4110472 6.841811 2 P 0 0 ;0=1,1=0
P 3.4110472 6.941811 2 P 0 0 ;0=1,1=0
P 3.5110472 6.841811 2 P 0 0 ;0=1,1=0
P 3.5110472 6.941811 2 P 0 0 ;0=1,1=0
P 3.6110472 6.841811 2 P 0 0 ;0=1,1=0
P 3.6110472 6.941811 2 P 0 0 ;0=1,1=0
P 3.7110472 6.841811 2 P 0 0 ;0=1,1=0
P 3.7110472 6.941811 2 P 0 0 ;0=1,1=0
P 3.8110472 6.841811 2 P 0 0 ;0=1,1=0
P 3.8110472 6.941811 2 P 0 0 ;0=1,1=0
P 3.9110472 6.841811 2 P 0 0 ;0=1,1=0
P 3.9110472 6.941811 2 P 0 0 ;0=1,1=0
P 4.0110472 6.841811 2 P 0 0 ;0=1,1=0
P 4.0110472 6.941811 2 P 0 0 ;0=1,1=0
P 4.1110472 6.841811 2 P 0 0 ;0=1,1=0
P 4.1110472 6.941811 2 P 0 0 ;0=1,1=0
P 4.2110472 6.841811 2 P 0 0 ;0=1,1=0
P 4.2110472 6.941811 2 P 0 0 ;0=1,1=0
P 4.3110472 6.841811 2 P 0 0 ;0=1,1=0
P 4.3110472 6.941811 2 P 0 0 ;0=1,1=0
P 4.4110472 6.841811 2 P 0 0 ;0=1,1=0
P 4.4110472 6.941811 2 P 0 0 ;0=1,1=0
P 4.5110472 6.841811 2 P 0 0 ;0=1,1=0
P 4.5110472 6.941811 2 P 0 0 ;0=1,1=0
P 4.6110472 6.841811 2 P 0 0 ;0=1,1=0
P 4.6110472 6.941811 2 P 0 0 ;0=1,1=0
P 4.7110472 6.841811 2 P 0 0 ;0=1,1=0
P 4.7110472 6.941811 2 P 0 0 ;0=1,1=0
P 4.8110472 6.841811 2 P 0 0 ;0=1,1=0
P 4.8110472 6.941811 2 P 0 0 ;0=1,1=0
P 4.9110472 6.841811 2 P 0 0 ;0=1,1=0
P 4.9110472 6.941811 2 P 0 0 ;0=1,1=0
P 5.0110472 6.841811 2 P 0 0 ;0=1,1=0
P 5.0110472 6.941811 2 P 0 0 ;0=1,1=0
P 5.1110472 6.841811 2 P 0 0 ;0=1,1=0
P 5.1110472 6.941811 3 P 0 0 ;0=1,1=0
P 5.4580472 2.280811 2 P 0 0 ;0=2,1=0
P 5.4580472 2.380811 2 P 0 0 ;0=2,1=0
P 5.4580472 2.480811 2 P 0 0 ;0=2,1=0
P 5.4580472 2.580811 2 P 0 0 ;0=2,1=0
P 5.4580472 2.680811 2 P 0 0 ;0=2,1=0
P 5.4580472 2.780811 2 P 0 0 ;0=2,1=0
P 5.4580472 2.880811 2 P 0 0 ;0=2,1=0
P 5.4580472 2.980811 2 P 0 0 ;0=2,1=0
P 5.4580472 3.080811 2 P 0 0 ;0=2,1=0
P 5.4580472 3.180811 2 P 0 0 ;0=2,1=0
P 5.4580472 3.280811 2 P 0 0 ;0=2,1=0
P 5.4580472 3.380811 2 P 0 0 ;0=2,1=0
P 5.4580472 3.480811 2 P 0 0 ;0=2,1=0
P 5.4580472 3.580811 2 P 0 0 ;0=2,1=0
P 5.4580472 3.680811 2 P 0 0 ;0=2,1=0
P 5.4580472 3.780811 2 P 0 0 ;0=2,1=0
P 5.4580472 3.880811 2 P 0 0 ;0=2,1=0
P 5.4580472 3.980811 2 P 0 0 ;0=2,1=0
P 5.4580472 4.080811 2 P 0 0 ;0=2,1=0
P 5.4580472 4.180811 2 P 0 0 ;0=2,1=0
P 5.4580472 4.280811 2 P 0 0 ;0=2,1=0
P 5.4580472 4.380811 2 P 0 0 ;0=2,1=0
P 5.4580472 4.480811 2 P 0 0 ;0=2,1=0
P 5.4580472 4.580811 2 P 0 0 ;0=2,1=0
P 5.4580472 4.680811 2 P 0 0 ;0=2,1=0
P 5.4580472 4.780811 2 P 0 0 ;0=2,1=0
P 5.4580472 4.880811 2 P 0 0 ;0=2,1=0
P 5.4580472 4.980811 2 P 0 0 ;0=2,1=0
P 5.4580472 5.080811 2 P 0 0 ;0=2,1=0
P 5.4580472 5.180811 2 P 0 0 ;0=2,1=0
P 1.5324558 6.5712196 4 P 0 0 ;0=3,1=1
P 1.5430624 6.5818262 4 P 0 0 ;0=3,1=1
P 1.553669 6.5924328 4 P 0 0 ;0=3,1=1
P 1.5642756 6.6030394 4 P 0 0 ;0=3,1=1
P 1.5748822 6.613646 4 P 0 0 ;0=3,1=1
P 1.5854888 6.6242526 4 P 0 0 ;0=3,1=1
P 1.5960954 6.6348592 4 P 0 0 ;0=3,1=1
P 1.606702 6.6454658 4 P 0 0 ;0=3,1=1
P 1.6173086 6.6560724 4 P 0 0 ;0=3,1=1
P 1.6279152 6.666679 4 P 0 0 ;0=3,1=1
P 1.6385218 6.6772856 4 P 0 0 ;0=3,1=1
P 1.6491284 6.6878922 4 P 0 0 ;0=3,1=1
P 1.659735 6.6984988 4 P 0 0 ;0=3,1=1
P 1.6703416 6.7091054 4 P 0 0 ;0=3,1=1
P 1.6809482 6.719712 4 P 0 0 ;0=3,1=1
P 1.6915548 6.7303186 4 P 0 0 ;0=3,1=1
P 1.7021614 6.7409252 4 P 0 0 ;0=3,1=1
P 1.712768 6.7515318 4 P 0 0 ;0=3,1=1
P 1.7233746 6.7621384 4 P 0 0 ;0=3,1=1
P 1.7339812 6.772745 4 P 0 0 ;0=3,1=1
P 1.7445878 6.7833516 4 P 0 0 ;0=3,1=1
P 1.7551944 6.7939582 4 P 0 0 ;0=3,1=1
P 1.765801 6.8045648 4 P 0 0 ;0=3,1=1
P 1.7764076 6.8151714 4 P 0 0 ;0=3,1=1
P 1.7870142 6.825778 4 P 0 0 ;0=3,1=1
P 1.7976208 6.8363846 4 P 0 0 ;0=3,1=1
P 1.8082274 6.8469912 4 P 0 0 ;0=3,1=1
P 1.818834 6.8575978 4 P 0 0 ;0=3,1=1
P 1.8294406 6.8682044 4 P 0 0 ;0=3,1=1
P 1.8400472 6.878811 4 P 0 0 ;0=3,1=1
P 2.2650472 2.297311 4 P 0 0 ;0=3,1=1
P 2.2650472 2.312311 4 P 0 0 ;0=3,1=1
P 2.2650472 2.327311 4 P 0 0 ;0=3,1=1
P 2.2650472 2.342311 4 P 0 0 ;0=3,1=1
P 2.2650472 2.357311 4 P 0 0 ;0=3,1=1
P 2.2650472 2.372311 4 P 0 0 ;0=3,1=1
P 2.2650472 2.387311 4 P 0 0 ;0=3,1=1
P 2.2650472 2.402311 4 P 0 0 ;0=3,1=1
P 2.2650472 2.417311 4 P 0 0 ;0=3,1=1
P 2.2650472 2.432311 4 P 0 0 ;0=3,1=1
P 2.2650472 2.447311 4 P 0 0 ;0=3,1=1
P 2.2650472 2.462311 4 P 0 0 ;0=3,1=1
P 2.4550472 1.467811 4 P 0 0 ;0=3,1=1
P 2.5200472 2.921811 4 P 0 0 ;0=3,1=1
P 2.5246696 2.823 4 P 0 0 ;0=3,1=1
P 2.5250472 3.183811 4 P 0 0 ;0=3,1=1
P 2.5340472 2.874811 4 P 0 0 ;0=3,1=1
P 2.5350472 2.753811 4 P 0 0 ;0=3,1=1
P 2.5350472 2.778811 4 P 0 0 ;0=3,1=1
P 2.5350472 3.049811 4 P 0 0 ;0=3,1=1
P 2.5360472 3.074811 4 P 0 0 ;0=3,1=1
P 2.5370472 2.644811 4 P 0 0 ;0=3,1=1
P 2.5370472 2.669811 4 P 0 0 ;0=3,1=1
P 2.5370472 2.694811 4 P 0 0 ;0=3,1=1
P 2.5370472 2.7205984 4 P 0 0 ;0=3,1=1
P 2.5370472 2.849811 4 P 0 0 ;0=3,1=1
P 2.5370472 2.915811 4 P 0 0 ;0=3,1=1
P 2.5370472 2.940811 4 P 0 0 ;0=3,1=1
P 2.5370472 2.965811 4 P 0 0 ;0=3,1=1
P 2.5370472 2.990811 4 P 0 0 ;0=3,1=1
P 2.5370472 3.015874 4 P 0 0 ;0=3,1=1
P 2.5370472 3.1142992 4 P 0 0 ;0=3,1=1
P 2.5370472 3.1339842 4 P 0 0 ;0=3,1=1
P 2.5370472 3.1536692 4 P 0 0 ;0=3,1=1
P 2.5370472 3.1733543 4 P 0 0 ;0=3,1=1
P 2.5370472 3.206811 4 P 0 0 ;0=3,1=1
P 2.5370472 3.2324094 4 P 0 0 ;0=3,1=1
P 2.5500472 2.732811 4 P 0 0 ;0=3,1=1
P 2.5510472 2.826811 4 P 0 0 ;0=3,1=1
P 2.5510472 2.893811 4 P 0 0 ;0=3,1=1
P 2.5529988 3.0317626 4 P 0 0 ;0=3,1=1
P 2.5530472 2.797811 4 P 0 0 ;0=3,1=1
P 2.5530472 3.0946141 4 P 0 0 ;0=3,1=1
P 2.5710472 1.473811 4 P 0 0 ;0=3,1=1
P 2.6720472 1.472811 4 P 0 0 ;0=3,1=1
P 2.691 3.902 4 P 0 0 ;0=3,1=1
P 2.6940472 3.773811 4 P 0 0 ;0=3,1=1
P 2.695 3.723 4 P 0 0 ;0=3,1=1
P 2.695 3.866 4 P 0 0 ;0=3,1=1
P 2.696 3.704 4 P 0 0 ;0=3,1=1
P 2.697 3.5867402 4 P 0 0 ;0=3,1=1
P 2.697 3.6064252 4 P 0 0 ;0=3,1=1
P 2.697 3.6261102 4 P 0 0 ;0=3,1=1
P 2.697 3.6457952 4 P 0 0 ;0=3,1=1
P 2.697 3.6654803 4 P 0 0 ;0=3,1=1
P 2.697 3.6851653 4 P 0 0 ;0=3,1=1
P 2.6977792 3.9478109 4 P 0 0 ;0=3,1=1
P 2.7008894 3.9857558 4 P 0 0 ;0=3,1=1
P 2.706 3.791 4 P 0 0 ;0=3,1=1
P 2.706 3.826 4 P 0 0 ;0=3,1=1
P 2.7060472 3.442811 4 P 0 0 ;0=3,1=1
P 2.7060472 3.488315 4 P 0 0 ;0=3,1=1
P 2.7060472 3.532811 4 P 0 0 ;0=3,1=1
P 2.7060472 3.922811 4 P 0 0 ;0=3,1=1
P 2.7060472 3.9607559 4 P 0 0 ;0=3,1=1
P 2.7060472 4.029811 4 P 0 0 ;0=3,1=1
P 2.7070472 3.507811 4 P 0 0 ;0=3,1=1
P 2.7070472 3.547811 4 P 0 0 ;0=3,1=1
P 2.713 3.724 4 P 0 0 ;0=3,1=1
P 2.7130472 3.994811 4 P 0 0 ;0=3,1=1
P 2.7167561 3.4778109 4 P 0 0 ;0=3,1=1
P 2.718 3.579 4 P 0 0 ;0=3,1=1
P 2.719 3.749 4 P 0 0 ;0=3,1=1
P 2.724 3.845 4 P 0 0 ;0=3,1=1
P 2.726 3.872 4 P 0 0 ;0=3,1=1
P 2.7710472 1.473811 4 P 0 0 ;0=3,1=1
P 3.0510472 1.481811 4 P 0 0 ;0=3,1=1
P 3.0580472 3.443811 4 P 0 0 ;0=3,1=1
P 3.0580472 3.463811 4 P 0 0 ;0=3,1=1
P 3.0580472 3.483811 4 P 0 0 ;0=3,1=1
P 3.0580472 3.503811 4 P 0 0 ;0=3,1=1
P 3.0580472 3.523811 4 P 0 0 ;0=3,1=1
P 3.0580472 3.543811 4 P 0 0 ;0=3,1=1
P 3.0580472 3.563811 4 P 0 0 ;0=3,1=1
P 3.0580472 3.583811 4 P 0 0 ;0=3,1=1
P 3.0580472 3.603811 4 P 0 0 ;0=3,1=1
P 3.0580472 3.623811 4 P 0 0 ;0=3,1=1
P 3.0580472 3.643811 4 P 0 0 ;0=3,1=1
P 3.0580472 3.663811 4 P 0 0 ;0=3,1=1
P 3.0580472 3.683811 4 P 0 0 ;0=3,1=1
P 3.0580472 3.703811 4 P 0 0 ;0=3,1=1
P 3.0580472 3.723811 4 P 0 0 ;0=3,1=1
P 3.0580472 3.743811 4 P 0 0 ;0=3,1=1
P 3.0580472 3.763811 4 P 0 0 ;0=3,1=1
P 3.0580472 3.783811 4 P 0 0 ;0=3,1=1
P 3.0580472 3.803811 4 P 0 0 ;0=3,1=1
P 3.0580472 3.823811 4 P 0 0 ;0=3,1=1
P 3.0580472 3.843811 4 P 0 0 ;0=3,1=1
P 3.0580472 3.863811 4 P 0 0 ;0=3,1=1
P 3.0580472 3.883811 4 P 0 0 ;0=3,1=1
P 3.0580472 3.903811 4 P 0 0 ;0=3,1=1
P 3.0580472 3.923811 4 P 0 0 ;0=3,1=1
P 3.0580472 3.943811 4 P 0 0 ;0=3,1=1
P 3.0580472 3.963811 4 P 0 0 ;0=3,1=1
P 3.0580472 3.983811 4 P 0 0 ;0=3,1=1
P 3.0580472 4.003811 4 P 0 0 ;0=3,1=1
P 3.0580472 4.023811 4 P 0 0 ;0=3,1=1
P 3.2510472 1.481811 4 P 0 0 ;0=3,1=1
P 3.4500472 1.481811 4 P 0 0 ;0=3,1=1
P 3.6510472 1.481811 4 P 0 0 ;0=3,1=1
P 3.8510472 1.481811 4 P 0 0 ;0=3,1=1
P 4.0510472 1.481811 4 P 0 0 ;0=3,1=1
P 4.2510472 1.481811 4 P 0 0 ;0=3,1=1
P 4.4520472 1.481811 4 P 0 0 ;0=3,1=1
