#Layer_Physical_Order=4
#Layer_Color=16440176
#
#Feature symbol names
#
$0 r5
$1 r12.0079
$2 r10

#
#Feature attribute names
#
@0 .geometry
@1 .pad_usage
@2 .nomenclature
@3 .string
@4 .string_angle

#
#Feature attribute text strings
#
&0 \*.G2 - MID LAYER 2 GERBER DATA 
&1 VIA_RoundD10.0000H6.0000C46.0000

#
#Layer features
#
L 0.8380472 1.5040945 0.8380472 1.6562286 0 P 0
L 0.8380472 1.6562286 0.9090196 1.727201 0 P 0
L 0.8380472 1.6760275 0.8380472 1.7512286 0 P 0
L 0.8380472 1.7512286 0.8950196 1.808201 0 P 0
L 0.8380472 1.7710275 0.8380472 1.8512286 0 P 0
L 0.8380472 1.8512286 0.8520472 1.8652286 0 P 0
L 0.8380472 1.8710275 0.8380472 2.0527286 0 P 0
L 0.8380472 2.0527286 0.9000065 2.1146879 0 P 0
L 0.8380472 2.0725275 0.8380472 2.1049748 0 P 0
L 0.8380472 2.1049748 0.9368558 2.2037834 0 P 0
L 0.8380472 2.1725275 0.9090196 2.2434999 0 P 0
L 0.8380472 2.2760275 0.8380472 2.2851759 0 P 0
L 0.8380472 2.2851759 0.9307099 2.3778386 0 P 0
L 0.8380472 2.3685275 0.9090196 2.4394999 0 P 0
L 0.8380472 2.5710275 0.9090196 2.6419999 0 P 0
L 0.8380472 2.6725275 0.9090196 2.7434999 0 P 0
L 0.8380472 2.7725275 0.9090196 2.8434999 0 P 0
L 0.8380472 2.8805275 0.9135999 2.8805275 0 P 0
L 0.8380472 3.0760275 0.9102913 3.0037834 0 P 0
L 0.8380472 3.1760275 0.9222361 3.0918386 0 P 0
L 0.8380472 3.2725275 0.9327361 3.1778386 0 P 0
L 0.8380472 3.3710275 0.9312361 3.2778386 0 P 0
L 0.8380472 3.5725275 0.9327361 3.4778386 0 P 0
L 0.8380472 3.6725275 0.9327361 3.5778386 0 P 0
L 0.8380472 3.7725275 0.9327361 3.6778386 0 P 0
L 0.8380472 3.7964461 0.8380472 3.875244 0 P 0
L 0.8380472 3.7964461 0.9426547 3.6918386 0 P 0
L 0.8380472 3.8964461 0.8380472 4.3020945 0 P 0
L 0.8380472 3.8964461 0.8950196 3.8394737 0 P 0
L 0.8380472 4.3218934 0.8380472 4.4040945 0 P 0
L 0.8380472 4.3218934 0.9090196 4.250921 0 P 0
L 0.8520472 1.8652286 0.8520472 2.0189748 0 P 0
L 0.8520472 2.0189748 0.9368558 2.1037834 0 P 0
L 0.8950196 1.808201 0.8950196 2.0421483 0 P 0
L 0.8950196 2.0421483 0.9426547 2.0897834 0 P 0
L 0.8950196 3.8196748 0.8950196 3.8394737 0 P 0
L 0.8950196 3.8196748 0.9368558 3.7778386 0 P 0
L 0.9000065 2.1146879 0.9000065 2.1471352 0 P 0
L 0.9000065 2.1471352 0.9426547 2.1897834 0 P 0
L 0.9090196 1.727201 0.9090196 1.9561483 0 P 0
L 0.9090196 1.9561483 0.9566547 2.0037834 0 P 0
L 0.9090196 2.2434999 0.9090196 2.2561483 0 P 0
L 0.9090196 2.2561483 0.9307099 2.2778386 0 P 0
L 0.9090196 2.4394999 0.9090196 2.4561483 0 P 0
L 0.9090196 2.4561483 0.9307099 2.4778386 0 P 0
L 0.9090196 2.6419999 0.9090196 2.6561483 0 P 0
L 0.9090196 2.6561483 0.9307099 2.6778386 0 P 0
L 0.9090196 2.7434999 0.9090196 2.7561483 0 P 0
L 0.9090196 2.7561483 0.9307099 2.7778386 0 P 0
L 0.9090196 2.8434999 0.9090196 2.8561483 0 P 0
L 0.9090196 2.8561483 0.9447099 2.8918386 0 P 0
L 0.9090196 3.8254737 0.9090196 4.250921 0 P 0
L 0.9090196 3.8254737 0.9307099 3.8037834 0 P 0
L 0.9102913 3.0037834 0.9613845 3.0037834 0 P 0
L 0.9135999 2.8805275 0.9368558 2.9037834 0 P 0
L 0.9222361 3.0918386 1.0671834 3.0918386 0 P 0
L 0.9307099 2.2778386 0.9354397 2.2778386 0 P 0
L 0.9307099 2.3778386 0.9354397 2.3778386 0 P 0
L 0.9307099 2.4778386 0.9354397 2.4778386 0 P 0
L 0.9307099 2.6778386 0.9354397 2.6778386 0 P 0
L 0.9307099 2.7778386 0.9354397 2.7778386 0 P 0
L 0.9307099 3.8037834 0.9552386 3.8037834 0 P 0
L 0.9312361 3.2778386 0.9613845 3.2778386 0 P 0
L 0.9327361 3.1778386 0.9613845 3.1778386 0 P 0
L 0.9327361 3.4778386 0.9613845 3.4778386 0 P 0
L 0.9327361 3.5778386 0.9613845 3.5778386 0 P 0
L 0.9327361 3.6778386 0.9613845 3.6778386 0 P 0
L 0.9354397 2.2778386 1.0090196 2.3514185 0 P 0
L 0.9354397 2.3778386 1.0090196 2.4514185 0 P 0
L 0.9354397 2.4778386 1.0090196 2.5514185 0 P 0
L 0.9354397 2.6778386 1.0090196 2.7514185 0 P 0
L 0.9354397 2.7778386 1.0090196 2.8514185 0 P 0
L 0.9368558 2.1037834 0.9613845 2.1037834 0 P 0
L 0.9368558 2.2037834 0.9613845 2.2037834 0 P 0
L 0.9368558 2.9037834 0.9613845 2.9037834 0 P 0
L 0.9368558 3.7778386 0.9613845 3.7778386 0 P 0
L 0.9426547 2.0897834 0.9671834 2.0897834 0 P 0
L 0.9426547 2.1897834 0.9671834 2.1897834 0 P 0
L 0.9426547 3.6918386 0.9671834 3.6918386 0 P 0
L 0.9447099 2.8918386 1.0228558 2.8918386 0 P 0
L 0.9552386 3.8037834 1.0090196 3.7500024 0 P 0
L 0.9566547 2.0037834 0.9613845 2.0037834 0 P 0
L 0.9613845 2.0037834 0.9830748 2.0254737 0 P 0
L 0.9613845 2.1037834 0.9950196 2.1374185 0 P 0
L 0.9613845 2.2037834 0.9950196 2.2374185 0 P 0
L 0.9613845 2.9037834 0.9830748 2.9254737 0 P 0
L 0.9613845 3.0037834 1.0090196 3.0514185 0 P 0
L 0.9613845 3.1778386 0.9830748 3.1561483 0 P 0
L 0.9613845 3.2778386 0.9830748 3.2561483 0 P 0
L 0.9613845 3.4778386 0.9830748 3.4561483 0 P 0
L 0.9613845 3.5778386 0.9830748 3.5561483 0 P 0
L 0.9613845 3.6778386 0.9950196 3.6442035 0 P 0
L 0.9613845 3.7778386 0.9950196 3.7442035 0 P 0
L 0.9671834 2.0897834 1.0090196 2.1316196 0 P 0
L 0.9671834 2.1897834 1.0090196 2.2316196 0 P 0
L 0.9671834 3.6918386 1.0090196 3.6500024 0 P 0
L 0.9830748 2.0254737 0.9830748 2.0302035 0 P 0
L 0.9830748 2.0302035 1.0566547 2.1037834 0 P 0
L 0.9830748 2.9254737 0.9830748 2.9500024 0 P 0
L 0.9830748 2.9500024 1.024911 2.9918386 0 P 0
L 0.9830748 3.1514185 0.9830748 3.1561483 0 P 0
L 0.9830748 3.1514185 1.0307099 3.1037834 0 P 0
L 0.9830748 3.2514185 0.9830748 3.2561483 0 P 0
L 0.9830748 3.2514185 1.0566547 3.1778386 0 P 0
L 0.9830748 3.4514185 0.9830748 3.4561483 0 P 0
L 0.9830748 3.4514185 1.0566547 3.3778386 0 P 0
L 0.9830748 3.5514185 0.9830748 3.5561483 0 P 0
L 0.9830748 3.5514185 1.0566547 3.4778386 0 P 0
L 0.9950196 2.1374185 0.9950196 2.1619472 0 P 0
L 0.9950196 2.1619472 1.0368558 2.2037834 0 P 0
L 0.9950196 2.2374185 0.9950196 2.2619472 0 P 0
L 0.9950196 2.2619472 1.0368558 2.3037834 0 P 0
L 0.9950196 3.6196748 0.9950196 3.6442035 0 P 0
L 0.9950196 3.6196748 1.0368558 3.5778386 0 P 0
L 0.9950196 3.7196748 0.9950196 3.7442035 0 P 0
L 0.9950196 3.7196748 1.0368558 3.6778386 0 P 0
L 1.0090196 2.1316196 1.0090196 2.1561483 0 P 0
L 1.0090196 2.1561483 1.0447099 2.1918386 0 P 0
L 1.0090196 2.2316196 1.0090196 2.2561483 0 P 0
L 1.0090196 2.2561483 1.0447099 2.2918386 0 P 0
L 1.0090196 2.3514185 1.0090196 2.3561483 0 P 0
L 1.0090196 2.3561483 1.0307099 2.3778386 0 P 0
L 1.0090196 2.4514185 1.0090196 2.4561483 0 P 0
L 1.0090196 2.4561483 1.0307099 2.4778386 0 P 0
L 1.0090196 2.5514185 1.0090196 2.5561483 0 P 0
L 1.0090196 2.5561483 1.0307099 2.5778386 0 P 0
L 1.0090196 2.7514185 1.0090196 2.7561483 0 P 0
L 1.0090196 2.7561483 1.0307099 2.7778386 0 P 0
L 1.0090196 2.8514185 1.0090196 2.8561483 0 P 0
L 1.0090196 2.8561483 1.0307099 2.8778386 0 P 0
L 1.0090196 2.9254737 1.0090196 2.9561483 0 P 0
L 1.0090196 2.9254737 1.0307099 2.9037834 0 P 0
L 1.0090196 2.9561483 1.0307099 2.9778386 0 P 0
L 1.0090196 3.0514185 1.0090196 3.0561483 0 P 0
L 1.0090196 3.0561483 1.0307099 3.0778386 0 P 0
L 1.0090196 3.6254737 1.0090196 3.6500024 0 P 0
L 1.0090196 3.6254737 1.0447099 3.5897834 0 P 0
L 1.0090196 3.7254737 1.0090196 3.7500024 0 P 0
L 1.0090196 3.7254737 1.0307099 3.7037834 0 P 0
L 1.0228558 2.8918386 1.024911 2.8897834 0 P 0
L 1.024911 2.8897834 1.0355042 2.8897834 0 P 0
L 1.024911 2.9918386 1.0671834 2.9918386 0 P 0
L 1.0307099 2.3778386 1.0433583 2.3778386 0 P 0
L 1.0307099 2.4778386 1.0354396 2.4778386 0 P 0
L 1.0307099 2.5778386 1.0473583 2.5778386 0 P 0
L 1.0307099 2.7778386 1.0448583 2.7778386 0 P 0
L 1.0307099 2.8778386 1.0433583 2.8778386 0 P 0
L 1.0307099 2.9037834 1.0495042 2.9037834 0 P 0
L 1.0307099 2.9778386 1.0613845 2.9778386 0 P 0
L 1.0307099 3.0778386 1.0613845 3.0778386 0 P 0
L 1.0307099 3.1037834 1.0613845 3.1037834 0 P 0
L 1.0307099 3.7037834 1.0552386 3.7037834 0 P 0
L 1.0354396 2.4778386 1.2135472 2.6559462 0 P 0
L 1.0355042 2.8897834 1.0495042 2.9037834 0 P 0
L 1.0368558 2.2037834 1.0613845 2.2037834 0 P 0
L 1.0368558 2.3037834 1.0613845 2.3037834 0 P 0
L 1.0368558 3.5778386 1.0613845 3.5778386 0 P 0
L 1.0368558 3.6778386 1.0613845 3.6778386 0 P 0
L 1.0433583 2.3778386 1.5446142 2.8790945 0 P 0
L 1.0433583 2.8778386 1.0938307 2.928311 0 P 0
L 1.0447099 2.1918386 1.0671834 2.1918386 0 P 0
L 1.0447099 2.2918386 1.0671834 2.2918386 0 P 0
L 1.0447099 3.5897834 1.0671834 3.5897834 0 P 0
L 1.0448583 2.7778386 1.181804 2.9147843 0 P 0
L 1.0473583 2.5778386 1.3766142 2.9070945 0 P 0
L 1.0552386 3.7037834 1.0970699 3.6619521 0 P 0
L 1.0566547 2.1037834 1.0613845 2.1037834 0 P 0
L 1.0566547 3.1778386 1.0613845 3.1778386 0 P 0
L 1.0566547 3.3778386 1.0613845 3.3778386 0 P 0
L 1.0566547 3.4778386 1.0613845 3.4778386 0 P 0
L 1.0613845 2.1037834 1.0830748 2.1254737 0 P 0
L 1.0613845 2.2037834 1.2535472 2.3959461 0 P 0
L 1.0613845 2.3037834 1.2145472 2.4569461 0 P 0
L 1.0613845 2.9778386 1.0969121 2.942311 0 P 0
L 1.0613845 3.0778386 1.1689121 2.970311 0 P 0
L 1.0613845 3.1037834 1.0634397 3.1058386 0 P 0
L 1.0613845 3.1778386 1.0830748 3.1561483 0 P 0
L 1.0613845 3.3778386 1.0830748 3.3561483 0 P 0
L 1.0613845 3.4778386 1.0830748 3.4561483 0 P 0
L 1.0613845 3.5778386 1.0830748 3.5561483 0 P 0
L 1.0613845 3.6778386 1.0830748 3.6561483 0 P 0
L 1.0634397 3.1058386 1.0729823 3.1058386 0 P 0
L 1.0671834 2.1918386 1.068211 2.190811 0 P 0
L 1.0671834 2.2918386 1.068211 2.290811 0 P 0
L 1.0671834 2.9918386 1.102711 2.956311 0 P 0
L 1.0671834 3.0918386 1.174711 2.984311 0 P 0
L 1.0671834 3.5897834 1.0692386 3.5918386 0 P 0
L 1.068211 2.190811 1.2675472 2.3901472 0 P 0
L 1.068211 2.290811 1.2395472 2.4621472 0 P 0
L 1.0692386 3.5918386 1.0853031 3.5918386 0 P 0
L 1.0729823 3.1058386 1.1805099 2.998311 0 P 0
L 1.0791572 3.6177834 1.0791572 3.6215561 0 P 0
L 1.0791572 3.6177834 1.6061477 3.0907929 0 P 0
L 1.0791572 3.6215561 1.0830748 3.6254737 0 P 0
L 1.0830748 2.1254737 1.0830748 2.1858759 0 P 0
L 1.0830748 2.1858759 1.2815472 2.3843483 0 P 0
L 1.0830748 3.1521058 1.0830748 3.1561483 0 P 0
L 1.0830748 3.1521058 1.2228696 3.012311 0 P 0
L 1.0830748 3.3274999 1.0830748 3.3561483 0 P 0
L 1.0830748 3.3274999 1.3774802 3.0330945 0 P 0
L 1.0830748 3.4274999 1.0830748 3.4561483 0 P 0
L 1.0830748 3.4274999 1.4634802 3.0470945 0 P 0
L 1.0830748 3.5274999 1.0830748 3.5561483 0 P 0
L 1.0830748 3.5274999 1.5494802 3.0610945 0 P 0
L 1.0830748 3.6254737 1.0830748 3.6561483 0 P 0
L 1.0853031 3.5918386 1.6020472 3.0750945 0 P 0
L 1.0938307 2.928311 1.2680182 2.928311 0 P 0
L 1.0969121 2.942311 1.2622193 2.942311 0 P 0
L 1.0970699 3.6196698 1.0970699 3.6619521 0 P 0
L 1.0970699 3.6196698 1.6259467 3.090793 0 P 0
L 1.102711 2.956311 1.2564204 2.956311 0 P 0
L 1.1689121 2.970311 1.2506215 2.970311 0 P 0
L 1.174711 2.984311 1.2448226 2.984311 0 P 0
L 1.1805099 2.998311 1.2390237 2.998311 0 P 0
L 1.181804 2.9147843 1.2742904 2.9147843 0 P 0
L 1.2135472 2.6559462 1.2135472 2.6679886 0 P 0
L 1.2135472 2.6679886 1.4386531 2.8930945 0 P 0
L 1.2145472 2.4569461 1.2145472 2.4739886 0 P 0
L 1.2145472 2.4739886 1.2218696 2.481311 0 P 0
L 1.2218696 2.481311 1.2322248 2.481311 0 P 0
L 1.2228696 3.012311 1.2332248 3.012311 0 P 0
L 1.2322248 2.481311 1.2322442 2.4812916 0 P 0
L 1.2322442 2.4812916 1.2322443 2.4812916 0 P 0
L 1.2322443 2.4812916 1.6164492 2.8654965 0 P 0
L 1.2332248 3.012311 1.2400083 3.0190945 0 P 0
L 1.2390237 2.998311 1.2458072 3.0050945 0 P 0
L 1.2395472 2.4621472 1.2395472 2.4687955 0 P 0
L 1.2395472 2.4687955 1.6262482 2.8554965 0 P 0
L 1.2400083 3.0190945 1.6061477 3.0190945 0 P 0
L 1.2448226 2.984311 1.2516061 2.9910945 0 P 0
L 1.2458072 3.0050945 1.6061477 3.0050945 0 P 0
L 1.2506215 2.970311 1.257405 2.9770945 0 P 0
L 1.2516061 2.9910945 1.6061477 2.9910945 0 P 0
L 1.2535472 2.3959461 1.2535472 2.4629965 0 P 0
L 1.2535472 2.4629965 1.6360472 2.8454965 0 P 0
L 1.2564204 2.956311 1.2632039 2.9630945 0 P 0
L 1.257405 2.9770945 1.6061477 2.9770945 0 P 0
L 1.2622193 2.942311 1.2690028 2.9490945 0 P 0
L 1.2632039 2.9630945 1.6060056 2.9630945 0 P 0
L 1.2675472 2.3901472 1.2675472 2.4571975 0 P 0
L 1.2675472 2.4571975 1.6458462 2.8354965 0 P 0
L 1.2680182 2.928311 1.2748017 2.9350945 0 P 0
L 1.2690028 2.9490945 1.6734682 2.9490945 0 P 0
L 1.2742904 2.9147843 1.2806006 2.9210945 0 P 0
L 1.2748017 2.9350945 1.6733261 2.9350945 0 P 0
L 1.2806006 2.9210945 1.673184 2.9210945 0 P 0
L 1.2815472 2.3843483 1.2815472 2.4513985 0 P 0
L 1.2815472 2.4513985 1.6556452 2.8254965 0 P 0
L 1.3766142 2.9070945 1.6730419 2.9070945 0 P 0
L 1.3774802 3.0330945 2.1323307 3.0330945 0 P 0
L 1.4386531 2.8930945 1.6728998 2.8930945 0 P 0
L 1.4634802 3.0470945 2.1266307 3.0470945 0 P 0
L 1.5446142 2.8790945 1.6727577 2.8790945 0 P 0
L 1.5494802 3.0610945 1.6061477 3.0610945 0 P 0
L 1.6020472 3.0750945 1.613361 3.0750945 0 P 0
L 1.6060056 2.9630945 1.6068843 2.9622158 0 P 0
L 1.6061477 2.9770945 1.6110264 2.9722158 0 P 0
L 1.6061477 2.9910945 1.6101477 2.9870945 0 P 0
L 1.6061477 3.0050945 1.6101477 3.0010945 0 P 0
L 1.6061477 3.0190945 1.6101477 3.0150945 0 P 0
L 1.6061477 3.0610945 1.6064492 3.060793 0 P 0
L 1.6061477 3.0907929 1.6118047 3.0907929 0 P 0
L 1.6064492 3.060793 2.1206292 3.060793 0 P 0
L 1.6068843 2.9622158 1.6151685 2.9622158 0 P 0
L 1.6101477 2.9870945 1.6102898 2.9870945 0 P 0
L 1.6101477 3.0010945 1.6102898 3.0010945 0 P 0
L 1.6101477 3.0150945 1.6102898 3.0150945 0 P 0
L 1.6102898 2.9870945 1.6142898 2.9830945 0 P 0
L 1.6102898 3.0010945 1.6142898 2.9970945 0 P 0
L 1.6102898 3.0150945 1.6142898 3.0110945 0 P 0
L 1.6110264 2.9722158 1.6119051 2.9730945 0 P 0
L 1.6118047 3.0907929 1.6218046 3.080793 0 P 0
L 1.6119051 2.9730945 1.6201893 2.9730945 0 P 0
L 1.613361 3.0750945 1.6176625 3.070793 0 P 0
L 1.6142898 2.9830945 1.6243314 2.9830945 0 P 0
L 1.6142898 2.9970945 1.6144319 2.9970945 0 P 0
L 1.6142898 3.0110945 1.6144319 3.0110945 0 P 0
L 1.6144319 2.9970945 1.6184319 2.9930945 0 P 0
L 1.6144319 3.0110945 1.6184319 3.0070945 0 P 0
L 1.6151685 2.9622158 1.6160472 2.9630945 0 P 0
L 1.6160472 2.9630945 1.6200472 2.9590945 0 P 0
L 1.6164492 2.8654965 1.6722136 2.8654965 0 P 0
L 1.6176625 3.070793 2.1109292 3.070793 0 P 0
L 1.6184319 2.9930945 1.6284735 2.9930945 0 P 0
L 1.6184319 3.0070945 1.618574 3.0070945 0 P 0
L 1.618574 3.0070945 1.6212575 3.004411 0 P 0
L 1.6200472 2.9590945 1.6776103 2.9590945 0 P 0
L 1.6201893 2.9730945 1.6241893 2.9690945 0 P 0
L 1.6212575 3.004411 2.2469696 3.004411 0 P 0
L 1.6218046 3.080793 2.0224292 3.080793 0 P 0
L 1.6241893 2.9690945 1.6817524 2.9690945 0 P 0
L 1.6243314 2.9830945 1.6283314 2.9790945 0 P 0
L 1.6259467 3.090793 2.0127292 3.090793 0 P 0
L 1.6262482 2.8554965 1.6680715 2.8554965 0 P 0
L 1.6283314 2.9790945 1.6858945 2.9790945 0 P 0
L 1.6284735 2.9930945 1.6324735 2.9890945 0 P 0
L 1.6324735 2.9890945 1.6900366 2.9890945 0 P 0
L 1.6360472 2.8454965 1.6639294 2.8454965 0 P 0
L 1.6458462 2.8354965 1.6597873 2.8354965 0 P 0
L 1.6556452 2.8254965 1.6949307 2.786211 0 P 0
L 1.6597873 2.8354965 1.6990728 2.796211 0 P 0
L 1.6639294 2.8454965 1.7032149 2.806211 0 P 0
L 1.6680715 2.8554965 1.707357 2.816211 0 P 0
L 1.6722136 2.8654965 1.7114991 2.826211 0 P 0
L 1.6727577 2.8790945 1.7156412 2.836211 0 P 0
L 1.6728998 2.8930945 1.7197833 2.846211 0 P 0
L 1.6730419 2.9070945 1.7239254 2.856211 0 P 0
L 1.673184 2.9210945 1.7280675 2.866211 0 P 0
L 1.6733261 2.9350945 1.7322096 2.876211 0 P 0
L 1.6734682 2.9490945 1.7363517 2.886211 0 P 0
L 1.6776103 2.9590945 1.7307938 2.905911 0 P 0
L 1.6817524 2.9690945 1.7055359 2.945311 0 P 0
L 1.6858945 2.9790945 1.699978 2.965011 0 P 0
L 1.6900366 2.9890945 1.6944201 2.984711 0 P 0
L 1.6944201 2.984711 2.2282696 2.984711 0 P 0
L 1.6949307 2.786211 2.0066472 2.786211 0 P 0
L 1.6990728 2.796211 2.0163472 2.796211 0 P 0
L 1.699978 2.965011 2.2304275 2.965011 0 P 0
L 1.7032149 2.806211 2.0260472 2.806211 0 P 0
L 1.7055359 2.945311 2.2248696 2.945311 0 P 0
L 1.707357 2.816211 2.0357472 2.816211 0 P 0
L 1.7114991 2.826211 2.0651472 2.826211 0 P 0
L 1.7156412 2.836211 2.0748472 2.836211 0 P 0
L 1.7197833 2.846211 2.0845472 2.846211 0 P 0
L 1.7239254 2.856211 2.0942472 2.856211 0 P 0
L 1.7280675 2.866211 2.1236472 2.866211 0 P 0
L 1.7307938 2.905911 2.2284696 2.905911 0 P 0
L 1.7322096 2.876211 2.1333472 2.876211 0 P 0
L 1.7363517 2.886211 2.2239696 2.886211 0 P 0
L 2.0066472 2.786211 2.1430472 2.649811 0 P 0
L 2.0127292 3.090793 2.1430472 3.221111 0 P 0
L 2.0163472 2.796211 2.1430472 2.669511 0 P 0
L 2.0224292 3.080793 2.1430472 3.201411 0 P 0
L 2.0260472 2.806211 2.1430472 2.689211 0 P 0
L 2.0357472 2.816211 2.1430472 2.708911 0 P 0
L 2.0651472 2.826211 2.1430472 2.748311 0 P 0
L 2.0748472 2.836211 2.1430472 2.768011 0 P 0
L 2.0845472 2.846211 2.1430472 2.787711 0 P 0
L 2.0942472 2.856211 2.1430472 2.807411 0 P 0
L 2.1109292 3.070793 2.1430472 3.102911 0 P 0
L 2.1206292 3.060793 2.1430472 3.083211 0 P 0
L 2.1236472 2.866211 2.1430472 2.846811 0 P 0
L 2.1266307 3.0470945 2.1430472 3.063511 0 P 0
L 2.1323307 3.0330945 2.1430472 3.043811 0 P 0
L 2.1333472 2.876211 2.1430472 2.866511 0 P 0
L 2.1430472 2.649811 2.2333696 2.649811 0 P 0
L 2.1430472 2.669511 2.5196696 2.669511 0 P 0
L 2.1430472 2.689211 2.2317696 2.689211 0 P 0
L 2.1430472 2.708911 2.2573275 2.708911 0 P 0
L 2.1430472 2.748311 2.5228696 2.748311 0 P 0
L 2.1430472 2.768011 2.2345696 2.768011 0 P 0
L 2.1430472 2.787711 2.2652696 2.787711 0 P 0
L 2.1430472 2.807411 2.2339696 2.807411 0 P 0
L 2.1430472 2.846811 2.2272275 2.846811 0 P 0
L 2.1430472 2.866511 2.2226696 2.866511 0 P 0
L 2.1430472 3.043811 2.2263696 3.043811 0 P 0
L 2.1430472 3.063511 2.2280696 3.063511 0 P 0
L 2.1430472 3.083211 2.2239696 3.083211 0 P 0
L 2.1430472 3.102911 2.2244696 3.102911 0 P 0
L 2.1430472 3.201411 2.2407413 3.201411 0 P 0
L 2.1430472 3.221111 2.2422842 3.221111 0 P 0
L 2.199 -1.172444 2.2370871 -1.1952962 1 P 0 ;2,3=0,4=0.000000
L 2.2180435 -1.1610178 2.2180435 -1.2067223 1 P 0 ;2,3=0,4=0.000000
L 2.2226696 2.866511 2.2245472 2.8646334 0 P 0
L 2.2239696 2.886211 2.2288696 2.881311 0 P 0
L 2.2239696 3.083211 2.2268696 3.080311 0 P 0
L 2.2244696 3.102911 2.2268696 3.105311 0 P 0
L 2.2245472 2.8636334 2.2245472 2.8646334 0 P 0
L 2.2245472 2.8636334 2.2318696 2.856311 0 P 0
L 2.2248696 2.945311 2.2358696 2.956311 0 P 0
L 2.2263696 3.043811 2.2298696 3.040311 0 P 0
L 2.2268696 3.080311 2.2372248 3.080311 0 P 0
L 2.2268696 3.105311 2.2372248 3.105311 0 P 0
L 2.2272275 2.846811 2.2277275 2.846311 0 P 0
L 2.2277275 2.846311 2.5015472 2.846311 0 P 0
L 2.2280696 3.063511 2.2298696 3.065311 0 P 0
L 2.2282696 2.984711 2.2368696 2.993311 0 P 0
L 2.2284696 2.905911 2.2288696 2.906311 0 P 0
L 2.2288696 2.881311 2.2392248 2.881311 0 P 0
L 2.2288696 2.906311 2.5016472 2.906311 0 P 0
L 2.2298696 3.040311 2.2402248 3.040311 0 P 0
L 2.2298696 3.065311 2.2402248 3.065311 0 P 0
L 2.2304275 2.965011 2.2317275 2.966311 0 P 0
L 2.2317275 2.966311 2.2478696 2.966311 0 P 0
L 2.2317696 2.689211 2.2408696 2.698311 0 P 0
L 2.2318696 2.856311 2.4918472 2.856311 0 P 0
L 2.2333696 2.649811 2.2448696 2.638311 0 P 0
L 2.2339696 2.807411 2.2418696 2.815311 0 P 0
L 2.2345696 2.768011 2.2418696 2.775311 0 P 0
L 2.2358696 2.956311 2.2462248 2.956311 0 P 0
L 2.2368696 2.993311 2.2472248 2.993311 0 P 0
L 2.2370871 -1.172444 2.199 -1.1952962 1 P 0 ;2,3=0,4=0.000000
L 2.2372248 3.080311 2.2443429 3.0874291 0 P 0
L 2.2372248 3.105311 2.2432248 3.099311 0 P 0
L 2.2392248 2.881311 2.2462248 2.888311 0 P 0
L 2.2402248 3.040311 2.2512248 3.051311 0 P 0
L 2.2402248 3.065311 2.2431067 3.0624291 0 P 0
L 2.2407413 3.201411 2.2448696 3.2055393 0 P 0
L 2.2408696 2.698311 2.2608696 2.698311 0 P 0
L 2.2418696 2.775311 2.2522248 2.775311 0 P 0
L 2.2418696 2.815311 2.2522248 2.815311 0 P 0
L 2.2422842 3.221111 2.2517124 3.2305392 0 P 0
L 2.2431067 3.0624291 2.5009653 3.0624291 0 P 0
L 2.2432248 3.099311 2.4984472 3.099311 0 P 0
L 2.2443429 3.0874291 2.4978291 3.0874291 0 P 0
L 2.2448696 2.638311 2.2552248 2.638311 0 P 0
L 2.2448696 3.2055393 2.2552248 3.2055393 0 P 0
L 2.2462248 2.888311 2.4999472 2.888311 0 P 0
L 2.2462248 2.956311 2.2572248 2.945311 0 P 0
L 2.2469696 3.004411 2.2548696 3.012311 0 P 0
L 2.2472248 2.993311 2.2558248 2.984711 0 P 0
L 2.2478696 2.966311 2.2548696 2.973311 0 P 0
L 2.2512248 3.051311 2.2632248 3.051311 0 P 0
L 2.2517124 3.2305392 2.2620676 3.2305392 0 P 0
L 2.2522248 2.775311 2.2642248 2.763311 0 P 0
L 2.2522248 2.815311 2.2595472 2.8079886 0 P 0
L 2.2534645 -1.237192 2.2572732 -1.2410007 1 P 0 ;2,3=0,4=0.000000
L 2.2548696 2.973311 2.2652248 2.973311 0 P 0
L 2.2548696 3.012311 2.2652248 3.012311 0 P 0
L 2.2552248 2.638311 2.2667248 2.649811 0 P 0
L 2.2552248 3.2055393 2.2593531 3.201411 0 P 0
L 2.2558248 2.984711 2.5254696 2.984711 0 P 0
L 2.2572248 2.945311 2.5198696 2.945311 0 P 0
L 2.2572732 -1.2333833 2.2534645 -1.237192 1 P 0 ;2,3=0,4=0.000000
L 2.2572732 -1.2410007 2.2610819 -1.237192 1 P 0 ;2,3=0,4=0.000000
L 2.2573275 2.708911 2.2657275 2.717311 0 P 0
L 2.2593531 3.201411 2.4518985 3.201411 0 P 0
L 2.2595472 2.8056334 2.2595472 2.8079886 0 P 0
L 2.2595472 2.8056334 2.2668696 2.798311 0 P 0
L 2.2608696 2.698311 2.2628696 2.700311 0 P 0
L 2.2610819 -1.237192 2.2572732 -1.2333833 1 P 0 ;2,3=0,4=0.000000
L 2.2620676 3.2305392 2.2714958 3.221111 0 P 0
L 2.2628696 2.700311 2.2732248 2.700311 0 P 0
L 2.2632248 3.051311 2.2707248 3.043811 0 P 0
L 2.2642248 2.763311 2.4973472 2.763311 0 P 0
L 2.2652248 2.973311 2.2735248 2.965011 0 P 0
L 2.2652248 3.012311 2.2731248 3.004411 0 P 0
L 2.2652696 2.787711 2.2658696 2.788311 0 P 0
L 2.2657275 2.717311 2.522657 2.717311 0 P 0
L 2.2658696 2.788311 2.5014472 2.788311 0 P 0
L 2.2667248 2.649811 2.5203696 2.649811 0 P 0
L 2.2668696 2.798311 2.2782248 2.798311 0 P 0
L 2.2707248 3.043811 2.5233696 3.043811 0 P 0
L 2.2714958 3.221111 2.4574564 3.221111 0 P 0
L 2.2731248 3.004411 2.5308326 3.004411 0 P 0
L 2.2732248 2.700311 2.2912248 2.682311 0 P 0
L 2.2735248 2.965011 2.5201696 2.965011 0 P 0
L 2.2782248 2.798311 2.2873248 2.807411 0 P 0
L 2.278602 -1.1914875 2.278602 -1.210531 1 P 0 ;2,3=0,4=0.000000
L 2.278602 -1.210531 2.2824107 -1.2219572 1 P 0 ;2,3=0,4=0.000000
L 2.2824107 -1.1800614 2.278602 -1.1914875 1 P 0 ;2,3=0,4=0.000000
L 2.2824107 -1.2219572 2.2862194 -1.2295746 1 P 0 ;2,3=0,4=0.000000
L 2.2862194 -1.172444 2.2824107 -1.1800614 1 P 0 ;2,3=0,4=0.000000
L 2.2862194 -1.2295746 2.2938368 -1.237192 1 P 0 ;2,3=0,4=0.000000
L 2.2873248 2.807411 2.5309822 2.807411 0 P 0
L 2.2912248 2.682311 2.5036423 2.682311 0 P 0
L 2.2938368 -1.1648265 2.2862194 -1.172444 1 P 0 ;2,3=0,4=0.000000
L 2.2938368 -1.237192 2.3014542 -1.2410007 1 P 0 ;2,3=0,4=0.000000
L 2.3014542 -1.1610178 2.2938368 -1.1648265 1 P 0 ;2,3=0,4=0.000000
L 2.3014542 -1.2410007 2.3166891 -1.2410007 1 P 0 ;2,3=0,4=0.000000
L 2.3166891 -1.1610178 2.3014542 -1.1610178 1 P 0 ;2,3=0,4=0.000000
L 2.3166891 -1.210531 2.3357326 -1.210531 1 P 0 ;2,3=0,4=0.000000
L 2.3166891 -1.2410007 2.3243065 -1.237192 1 P 0 ;2,3=0,4=0.000000
L 2.3243065 -1.1648265 2.3166891 -1.1610178 1 P 0 ;2,3=0,4=0.000000
L 2.3243065 -1.237192 2.3319239 -1.2295746 1 P 0 ;2,3=0,4=0.000000
L 2.3319239 -1.172444 2.3243065 -1.1648265 1 P 0 ;2,3=0,4=0.000000
L 2.3319239 -1.2295746 2.3357326 -1.2219572 1 P 0 ;2,3=0,4=0.000000
L 2.3357326 -1.1800614 2.3319239 -1.172444 1 P 0 ;2,3=0,4=0.000000
L 2.3357326 -1.2219572 2.3357326 -1.210531 1 P 0 ;2,3=0,4=0.000000
L 2.3540144 -1.2410007 2.4073363 -1.2410007 1 P 0 ;2,3=0,4=0.000000
L 2.3578231 -1.1762527 2.3616318 -1.1686353 1 P 0 ;2,3=0,4=0.000000
L 2.3578231 -1.1800614 2.3578231 -1.1762527 1 P 0 ;2,3=0,4=0.000000
L 2.3616318 -1.1686353 2.3654405 -1.1648265 1 P 0 ;2,3=0,4=0.000000
L 2.3654405 -1.1648265 2.3730579 -1.1610178 1 P 0 ;2,3=0,4=0.000000
L 2.3730579 -1.1610178 2.3882928 -1.1610178 1 P 0 ;2,3=0,4=0.000000
L 2.3882928 -1.1610178 2.3959102 -1.1648265 1 P 0 ;2,3=0,4=0.000000
L 2.3921015 -1.2029136 2.3540144 -1.2410007 1 P 0 ;2,3=0,4=0.000000
L 2.3959102 -1.1648265 2.3997189 -1.1686353 1 P 0 ;2,3=0,4=0.000000
L 2.3997189 -1.1686353 2.4035276 -1.1762527 1 P 0 ;2,3=0,4=0.000000
L 2.3997189 -1.1914875 2.3921015 -1.2029136 1 P 0 ;2,3=0,4=0.000000
L 2.4035276 -1.1762527 2.4035276 -1.1838701 1 P 0 ;2,3=0,4=0.000000
L 2.4035276 -1.1838701 2.3997189 -1.1914875 1 P 0 ;2,3=0,4=0.000000
L 2.4518985 3.201411 2.4647985 3.214311 0 P 0
L 2.4574564 3.221111 2.4606564 3.224311 0 P 0
L 2.4606564 3.224311 2.483438 3.224311 0 P 0
L 2.4647985 3.214311 2.4792959 3.214311 0 P 0
L 2.4792959 3.214311 2.4921959 3.201411 0 P 0
L 2.483438 3.224311 2.486638 3.221111 0 P 0
L 2.486638 3.221111 2.5195275 3.221111 0 P 0
L 2.4880809 -1.2067223 2.5566376 -1.2067223 1 P 0 ;2,3=0,4=0.000000
L 2.4918472 2.856311 2.5020472 2.866511 0 P 0
L 2.4921959 3.201411 2.5139696 3.201411 0 P 0
L 2.4973472 2.763311 2.5020472 2.768011 0 P 0
L 2.4978291 3.0874291 2.5020472 3.083211 0 P 0
L 2.4984472 3.099311 2.5020472 3.102911 0 P 0
L 2.4999472 2.888311 2.5020472 2.886211 0 P 0
L 2.5009653 3.0624291 2.5020472 3.063511 0 P 0
L 2.5014472 2.788311 2.5020472 2.787711 0 P 0
L 2.5015472 2.846311 2.5020472 2.846811 0 P 0
L 2.5016472 2.906311 2.5020472 2.905911 0 P 0
L 2.5020472 2.768011 2.5281696 2.768011 0 P 0
L 2.5020472 2.787711 2.5262696 2.787711 0 P 0
L 2.5020472 2.846811 2.5223696 2.846811 0 P 0
L 2.5020472 2.866511 2.5246696 2.866511 0 P 0
L 2.5020472 2.886211 2.5275019 2.886211 0 P 0
L 2.5020472 2.905911 2.5292696 2.905911 0 P 0
L 2.5020472 3.063511 2.5246696 3.063511 0 P 0
L 2.5020472 3.083211 2.5257696 3.083211 0 P 0
L 2.5020472 3.102911 2.5307578 3.102911 0 P 0
L 2.5036423 2.682311 2.5105423 2.689211 0 P 0
L 2.5105423 2.689211 2.5249696 2.689211 0 P 0
L 2.5139696 3.201411 2.5318696 3.219311 0 P 0
L 2.5195275 3.221111 2.5245472 3.2261307 0 P 0
L 2.5196696 2.669511 2.5318696 2.657311 0 P 0
L 2.5198696 2.945311 2.5245472 2.9406334 0 P 0
L 2.5201696 2.965011 2.5318696 2.953311 0 P 0
L 2.5203696 2.649811 2.5245472 2.6456334 0 P 0
L 2.5223696 2.846811 2.5318696 2.837311 0 P 0
L 2.522657 2.717311 2.5318696 2.7080984 0 P 0
L 2.5228696 2.748311 2.5298696 2.741311 0 P 0
L 2.5233696 3.043811 2.5298696 3.037311 0 P 0
L 2.5245472 2.6396334 2.5245472 2.6456334 0 P 0
L 2.5245472 2.6396334 2.5318696 2.632311 0 P 0
L 2.5245472 2.9356334 2.5245472 2.9406334 0 P 0
L 2.5245472 2.9356334 2.5318696 2.928311 0 P 0
L 2.5245472 3.2261307 2.5245472 3.237587 0 P 0
L 2.5245472 3.237587 2.5318696 3.2449094 0 P 0
L 2.5246696 2.866511 2.5288696 2.862311 0 P 0
L 2.5246696 3.063511 2.5258696 3.062311 0 P 0
L 2.5249696 2.689211 2.5318696 2.682311 0 P 0
L 2.5254696 2.984711 2.5318696 2.978311 0 P 0
L 2.5257696 3.083211 2.5298696 3.087311 0 P 0
L 2.5258696 3.062311 2.6722441 3.062311 0 P 0
L 2.5262696 2.787711 2.5298696 2.791311 0 P 0
L 2.5275019 2.886211 2.5286019 2.887311 0 P 0
L 2.5281696 2.768011 2.5298696 2.766311 0 P 0
L 2.5286019 2.887311 2.5398696 2.887311 0 P 0
L 2.5288696 2.862311 2.6692441 2.862311 0 P 0
L 2.5292696 2.905911 2.5318696 2.903311 0 P 0
L 2.5298696 2.741311 2.5402248 2.741311 0 P 0
L 2.5298696 2.766311 2.6717441 2.766311 0 P 0
L 2.5298696 2.791311 2.5418696 2.791311 0 P 0
L 2.5298696 3.037311 2.5402248 3.037311 0 P 0
L 2.5298696 3.087311 2.5418696 3.087311 0 P 0
L 2.5307578 3.102911 2.5318696 3.1017992 0 P 0
L 2.5308326 3.004411 2.5318696 3.003374 0 P 0
L 2.5309822 2.807411 2.5318696 2.8065236 0 P 0
L 2.5318696 2.632311 2.6559441 2.632311 0 P 0
L 2.5318696 2.657311 2.6612441 2.657311 0 P 0
L 2.5318696 2.682311 2.6665441 2.682311 0 P 0
L 2.5318696 2.7080984 2.6726315 2.7080984 0 P 0
L 2.5318696 2.8065236 2.5422248 2.8065236 0 P 0
L 2.5318696 2.837311 2.5422248 2.837311 0 P 0
L 2.5318696 2.903311 2.5422248 2.903311 0 P 0
L 2.5318696 2.928311 2.6564441 2.928311 0 P 0
L 2.5318696 2.953311 2.6617441 2.953311 0 P 0
L 2.5318696 2.978311 2.6670441 2.978311 0 P 0
L 2.5318696 3.003374 2.6724071 3.003374 0 P 0
L 2.5318696 3.1017992 2.5422248 3.1017992 0 P 0
L 2.5318696 3.219311 2.5422248 3.219311 0 P 0
L 2.5318696 3.2449094 2.5422248 3.2449094 0 P 0
L 2.5360472 3.5868141 2.6857331 3.7365 0 P 0
L 2.5360472 3.6065141 2.5416051 3.6065141 0 P 0
L 2.5360472 3.6262141 2.6711441 3.761311 0 P 0
L 2.5360472 3.6459141 2.7020898 3.8119567 0 P 0
L 2.5360472 3.6656141 2.6935 3.8230669 0 P 0
L 2.5360472 3.6853141 2.6835 3.8327669 0 P 0
L 2.5360472 3.7050141 2.6825 3.8514669 0 P 0
L 2.5360472 3.7247141 2.5360472 3.7388669 0 P 0
L 2.5360472 3.7388669 2.6856803 3.8885 0 P 0
L 2.5398696 2.887311 2.5458696 2.881311 0 P 0
L 2.5402248 2.741311 2.5490397 2.7501259 0 P 0
L 2.5402248 3.037311 2.5483153 3.0454015 0 P 0
L 2.5416051 3.6065141 2.686402 3.751311 0 P 0
L 2.5418696 2.791311 2.5478696 2.785311 0 P 0
L 2.5418696 3.087311 2.5478696 3.081311 0 P 0
L 2.5422248 2.8065236 2.5460122 2.810311 0 P 0
L 2.5422248 2.837311 2.5534649 2.8485511 0 P 0
L 2.5422248 2.903311 2.551185 2.9122712 0 P 0
L 2.5422248 3.1017992 2.5537366 3.113311 0 P 0
L 2.5422248 3.219311 2.5485217 3.2130141 0 P 0
L 2.5422248 3.2449094 2.5495472 3.237587 0 P 0
L 2.5458696 2.881311 2.6685441 2.881311 0 P 0
L 2.5460122 2.810311 2.6763441 2.810311 0 P 0
L 2.5478696 2.785311 2.6710441 2.785311 0 P 0
L 2.5478696 3.081311 2.6715441 3.081311 0 P 0
L 2.5483153 3.0454015 2.6750346 3.0454015 0 P 0
L 2.5485217 3.2130141 2.6850472 3.2130141 0 P 0
L 2.5489966 3.2266812 2.5495472 3.2272318 0 P 0
L 2.5489966 3.2266812 2.6790143 3.2266812 0 P 0
L 2.5490397 2.7501259 2.675259 2.7501259 0 P 0
L 2.5495472 3.2272318 2.5495472 3.237587 0 P 0
L 2.551185 2.9122712 2.6798043 2.9122712 0 P 0
L 2.5534649 2.8485511 2.6751842 2.8485511 0 P 0
L 2.5537366 3.113311 2.6838441 3.113311 0 P 0
L 2.6430953 -1.1610178 2.6430953 -1.2410007 1 P 0 ;2,3=0,4=0.000000
L 2.6430953 -1.1610178 2.673565 -1.2410007 1 P 0 ;2,3=0,4=0.000000
L 2.6559441 2.632311 2.6850472 2.6614141 0 P 0
L 2.6564441 2.928311 2.6850472 2.9569141 0 P 0
L 2.6612441 2.657311 2.6850472 2.6811141 0 P 0
L 2.6617441 2.953311 2.6850472 2.9766141 0 P 0
L 2.6665441 2.682311 2.6850472 2.7008141 0 P 0
L 2.6670441 2.978311 2.6850472 2.9963141 0 P 0
L 2.6685441 2.881311 2.6850472 2.8978141 0 P 0
L 2.6692441 2.862311 2.6850472 2.8781141 0 P 0
L 2.6710441 2.785311 2.6850472 2.7993141 0 P 0
L 2.6711441 3.761311 2.6992248 3.761311 0 P 0
L 2.6715441 3.081311 2.6850472 3.0948141 0 P 0
L 2.6717441 2.766311 2.6850472 2.7796141 0 P 0
L 2.6722441 3.062311 2.6850472 3.0751141 0 P 0
L 2.6724071 3.003374 2.6850472 3.0160141 0 P 0
L 2.6726315 2.7080984 2.6850472 2.7205141 0 P 0
L 2.6750346 3.0454015 2.6850472 3.0554141 0 P 0
L 2.6751842 2.8485511 2.6850472 2.8584141 0 P 0
L 2.675259 2.7501259 2.6850472 2.7599141 0 P 0
L 2.6763441 2.810311 2.6850472 2.8190141 0 P 0
L 2.6790143 3.2266812 2.6850472 3.2327141 0 P 0
L 2.6798043 2.9122712 2.6850472 2.9175141 0 P 0
L 2.6825 3.8514669 2.6825 3.8711776 0 P 0
L 2.6825 3.8711776 2.6898224 3.8785 0 P 0
L 2.6835 3.8327669 2.6835 3.8363197 0 P 0
L 2.6835 3.8363197 2.7135 3.8663197 0 P 0
L 2.6838441 3.113311 2.6850472 3.1145141 0 P 0
L 2.6856803 3.8885 2.6951776 3.8885 0 P 0
L 2.6857331 3.7365 2.7241776 3.7365 0 P 0
L 2.686402 3.751311 2.7033669 3.751311 0 P 0
L 2.6898224 3.8785 2.6993197 3.8785 0 P 0
L 2.6935 3.8230669 2.6935 3.8321776 0 P 0
L 2.6935 3.8321776 2.7188224 3.8575 0 P 0
L 2.6951776 3.8885 3.7110472 4.9043696 0 P 0
L 2.6992248 3.761311 4.2110472 5.2731334 0 P 0
L 2.6993197 3.8785 3.8110472 4.9902275 0 P 0
L 2.7020898 3.8119567 2.7096343 3.8119567 0 P 0
L 2.7033669 3.751311 4.2232087 5.2711528 0 P 0
L 2.7040346 -1.1610178 2.673565 -1.2410007 1 P 0 ;2,3=0,4=0.000000
L 2.7040346 -1.1610178 2.7040346 -1.2410007 1 P 0 ;2,3=0,4=0.000000
L 2.7096343 3.8119567 4.1110472 5.2133696 0 P 0
L 2.7135 3.8663197 2.7135 3.8771776 0 P 0
L 2.7135 3.8771776 3.9110472 5.0747248 0 P 0
L 2.7188224 3.8575 2.7291776 3.8575 0 P 0
L 2.7241776 3.7365 4.4382087 5.4505311 0 P 0
L 2.7268869 -1.1610178 2.7268869 -1.2410007 1 P 0 ;2,3=0,4=0.000000
L 2.7291776 3.8575 4.0130472 5.1413696 0 P 0
L 2.7436452 -1.1610178 2.7436452 -1.2410007 1 P 0 ;2,3=0,4=0.000000
L 2.7436452 -1.1610178 2.7703062 -1.1610178 1 P 0 ;2,3=0,4=0.000000
L 2.7703062 -1.1610178 2.7817323 -1.1648265 1 P 0 ;2,3=0,4=0.000000
L 2.7703062 -1.2410007 2.7436452 -1.2410007 1 P 0 ;2,3=0,4=0.000000
L 2.7817323 -1.1648265 2.7893497 -1.172444 1 P 0 ;2,3=0,4=0.000000
L 2.7817323 -1.237192 2.7703062 -1.2410007 1 P 0 ;2,3=0,4=0.000000
L 2.7893497 -1.172444 2.7931584 -1.1800614 1 P 0 ;2,3=0,4=0.000000
L 2.7893497 -1.2295746 2.7817323 -1.237192 1 P 0 ;2,3=0,4=0.000000
L 2.7931584 -1.1800614 2.7969671 -1.1914875 1 P 0 ;2,3=0,4=0.000000
L 2.7931584 -1.2219572 2.7893497 -1.2295746 1 P 0 ;2,3=0,4=0.000000
L 2.7969671 -1.1914875 2.7969671 -1.210531 1 P 0 ;2,3=0,4=0.000000
L 2.7969671 -1.210531 2.7931584 -1.2219572 1 P 0 ;2,3=0,4=0.000000
L 2.8777117 -1.1610178 2.8777117 -1.2410007 1 P 0 ;2,3=0,4=0.000000
L 2.8777117 -1.2410007 2.9234162 -1.2410007 1 P 0 ;2,3=0,4=0.000000
L 2.9436023 -1.2143397 2.9816894 -1.2143397 1 P 0 ;2,3=0,4=0.000000
L 2.9626459 -1.1610178 2.9321762 -1.2410007 1 P 0 ;2,3=0,4=0.000000
L 2.9931155 -1.2410007 2.9626459 -1.1610178 1 P 0 ;2,3=0,4=0.000000
L 3.0117782 -1.1610178 3.0422479 -1.1991049 1 P 0 ;2,3=0,4=0.000000
L 3.0422479 -1.1991049 3.0422479 -1.2410007 1 P 0 ;2,3=0,4=0.000000
L 3.0727175 -1.1610178 3.0422479 -1.1991049 1 P 0 ;2,3=0,4=0.000000
L 3.083001 -1.1610178 3.083001 -1.2410007 1 P 0 ;2,3=0,4=0.000000
L 3.083001 -1.1991049 3.1134707 -1.1991049 1 P 0 ;2,3=0,4=0.000000
L 3.083001 -1.2410007 3.1325142 -1.2410007 1 P 0 ;2,3=0,4=0.000000
L 3.1325142 -1.1610178 3.083001 -1.1610178 1 P 0 ;2,3=0,4=0.000000
L 3.1458447 -1.1610178 3.1458447 -1.2410007 1 P 0 ;2,3=0,4=0.000000
L 3.1458447 -1.1610178 3.1801231 -1.1610178 1 P 0 ;2,3=0,4=0.000000
L 3.1725057 -1.1991049 3.1991666 -1.2410007 1 P 0 ;2,3=0,4=0.000000
L 3.1801231 -1.1610178 3.1915492 -1.1648265 1 P 0 ;2,3=0,4=0.000000
L 3.1801231 -1.1991049 3.1458447 -1.1991049 1 P 0 ;2,3=0,4=0.000000
L 3.1915492 -1.1648265 3.1953579 -1.1686353 1 P 0 ;2,3=0,4=0.000000
L 3.1915492 -1.1952962 3.1801231 -1.1991049 1 P 0 ;2,3=0,4=0.000000
L 3.1953579 -1.1686353 3.1991666 -1.1762527 1 P 0 ;2,3=0,4=0.000000
L 3.1953579 -1.1914875 3.1915492 -1.1952962 1 P 0 ;2,3=0,4=0.000000
L 3.1991666 -1.1762527 3.1991666 -1.1838701 1 P 0 ;2,3=0,4=0.000000
L 3.1991666 -1.1838701 3.1953579 -1.1914875 1 P 0 ;2,3=0,4=0.000000
L 3.2799112 -1.2410007 3.3332331 -1.2410007 1 P 0 ;2,3=0,4=0.000000
L 3.2837199 -1.1762527 3.2875286 -1.1686353 1 P 0 ;2,3=0,4=0.000000
L 3.2837199 -1.1800614 3.2837199 -1.1762527 1 P 0 ;2,3=0,4=0.000000
L 3.2875286 -1.1686353 3.2913373 -1.1648265 1 P 0 ;2,3=0,4=0.000000
L 3.2913373 -1.1648265 3.2989547 -1.1610178 1 P 0 ;2,3=0,4=0.000000
L 3.2989547 -1.1610178 3.3141896 -1.1610178 1 P 0 ;2,3=0,4=0.000000
L 3.3141896 -1.1610178 3.321807 -1.1648265 1 P 0 ;2,3=0,4=0.000000
L 3.3179983 -1.2029136 3.2799112 -1.2410007 1 P 0 ;2,3=0,4=0.000000
L 3.321807 -1.1648265 3.3256157 -1.1686353 1 P 0 ;2,3=0,4=0.000000
L 3.3256157 -1.1686353 3.3294244 -1.1762527 1 P 0 ;2,3=0,4=0.000000
L 3.3256157 -1.1914875 3.3179983 -1.2029136 1 P 0 ;2,3=0,4=0.000000
L 3.3294244 -1.1762527 3.3294244 -1.1838701 1 P 0 ;2,3=0,4=0.000000
L 3.3294244 -1.1838701 3.3256157 -1.1914875 1 P 0 ;2,3=0,4=0.000000
L 3.4139777 -1.1914875 3.4139777 -1.210531 1 P 0 ;2,3=0,4=0.000000
L 3.4139777 -1.210531 3.4177864 -1.2219572 1 P 0 ;2,3=0,4=0.000000
L 3.4177864 -1.1800614 3.4139777 -1.1914875 1 P 0 ;2,3=0,4=0.000000
L 3.4177864 -1.2219572 3.4215951 -1.2295746 1 P 0 ;2,3=0,4=0.000000
L 3.4215951 -1.172444 3.4177864 -1.1800614 1 P 0 ;2,3=0,4=0.000000
L 3.4215951 -1.2295746 3.4292125 -1.237192 1 P 0 ;2,3=0,4=0.000000
L 3.4292125 -1.1648265 3.4215951 -1.172444 1 P 0 ;2,3=0,4=0.000000
L 3.4292125 -1.237192 3.4368299 -1.2410007 1 P 0 ;2,3=0,4=0.000000
L 3.4368299 -1.1610178 3.4292125 -1.1648265 1 P 0 ;2,3=0,4=0.000000
L 3.4368299 -1.2410007 3.4520648 -1.2410007 1 P 0 ;2,3=0,4=0.000000
L 3.4520648 -1.1610178 3.4368299 -1.1610178 1 P 0 ;2,3=0,4=0.000000
L 3.4520648 -1.210531 3.4711083 -1.210531 1 P 0 ;2,3=0,4=0.000000
L 3.4520648 -1.2410007 3.4596822 -1.237192 1 P 0 ;2,3=0,4=0.000000
L 3.4596822 -1.1648265 3.4520648 -1.1610178 1 P 0 ;2,3=0,4=0.000000
L 3.4596822 -1.237192 3.4672996 -1.2295746 1 P 0 ;2,3=0,4=0.000000
L 3.4672996 -1.172444 3.4596822 -1.1648265 1 P 0 ;2,3=0,4=0.000000
L 3.4672996 -1.2295746 3.4711083 -1.2219572 1 P 0 ;2,3=0,4=0.000000
L 3.4711083 -1.1800614 3.4672996 -1.172444 1 P 0 ;2,3=0,4=0.000000
L 3.4711083 -1.2219572 3.4711083 -1.210531 1 P 0 ;2,3=0,4=0.000000
L 3.4893901 -1.1610178 3.4893901 -1.2410007 1 P 0 ;2,3=0,4=0.000000
L 3.4893901 -1.1991049 3.5198598 -1.1991049 1 P 0 ;2,3=0,4=0.000000
L 3.4893901 -1.2410007 3.5389033 -1.2410007 1 P 0 ;2,3=0,4=0.000000
L 3.5389033 -1.1610178 3.4893901 -1.1610178 1 P 0 ;2,3=0,4=0.000000
L 3.5522338 -1.1610178 3.5522338 -1.2410007 1 P 0 ;2,3=0,4=0.000000
L 3.5522338 -1.1610178 3.5865122 -1.1610178 1 P 0 ;2,3=0,4=0.000000
L 3.5788948 -1.1991049 3.6055557 -1.2410007 1 P 0 ;2,3=0,4=0.000000
L 3.5865122 -1.1610178 3.5979383 -1.1648265 1 P 0 ;2,3=0,4=0.000000
L 3.5865122 -1.1991049 3.5522338 -1.1991049 1 P 0 ;2,3=0,4=0.000000
L 3.5979383 -1.1648265 3.601747 -1.1686353 1 P 0 ;2,3=0,4=0.000000
L 3.5979383 -1.1952962 3.5865122 -1.1991049 1 P 0 ;2,3=0,4=0.000000
L 3.601747 -1.1686353 3.6055557 -1.1762527 1 P 0 ;2,3=0,4=0.000000
L 3.601747 -1.1914875 3.5979383 -1.1952962 1 P 0 ;2,3=0,4=0.000000
L 3.6055557 -1.1762527 3.6055557 -1.1838701 1 P 0 ;2,3=0,4=0.000000
L 3.6055557 -1.1838701 3.601747 -1.1914875 1 P 0 ;2,3=0,4=0.000000
L 3.6234566 -1.1610178 3.6234566 -1.2410007 1 P 0 ;2,3=0,4=0.000000
L 3.6234566 -1.1610178 3.657735 -1.1610178 1 P 0 ;2,3=0,4=0.000000
L 3.6234566 -1.1991049 3.657735 -1.1991049 1 P 0 ;2,3=0,4=0.000000
L 3.657735 -1.1610178 3.6691611 -1.1648265 1 P 0 ;2,3=0,4=0.000000
L 3.657735 -1.1991049 3.6691611 -1.2029136 1 P 0 ;2,3=0,4=0.000000
L 3.657735 -1.2410007 3.6234566 -1.2410007 1 P 0 ;2,3=0,4=0.000000
L 3.6691611 -1.1648265 3.6729698 -1.1686353 1 P 0 ;2,3=0,4=0.000000
L 3.6691611 -1.1952962 3.657735 -1.1991049 1 P 0 ;2,3=0,4=0.000000
L 3.6691611 -1.2029136 3.6729698 -1.2067223 1 P 0 ;2,3=0,4=0.000000
L 3.6691611 -1.237192 3.657735 -1.2410007 1 P 0 ;2,3=0,4=0.000000
L 3.6729698 -1.1686353 3.6767785 -1.1762527 1 P 0 ;2,3=0,4=0.000000
L 3.6729698 -1.1914875 3.6691611 -1.1952962 1 P 0 ;2,3=0,4=0.000000
L 3.6729698 -1.2067223 3.6767785 -1.2143397 1 P 0 ;2,3=0,4=0.000000
L 3.6729698 -1.2333833 3.6691611 -1.237192 1 P 0 ;2,3=0,4=0.000000
L 3.6767785 -1.1762527 3.6767785 -1.1838701 1 P 0 ;2,3=0,4=0.000000
L 3.6767785 -1.1838701 3.6729698 -1.1914875 1 P 0 ;2,3=0,4=0.000000
L 3.6767785 -1.2143397 3.6767785 -1.2257659 1 P 0 ;2,3=0,4=0.000000
L 3.6767785 -1.2257659 3.6729698 -1.2333833 1 P 0 ;2,3=0,4=0.000000
L 3.6946794 -1.1610178 3.6946794 -1.2410007 1 P 0 ;2,3=0,4=0.000000
L 3.6946794 -1.1991049 3.7251491 -1.1991049 1 P 0 ;2,3=0,4=0.000000
L 3.6946794 -1.2410007 3.7441926 -1.2410007 1 P 0 ;2,3=0,4=0.000000
L 3.7110472 4.9043696 3.7110472 6.617 0 P 0
L 3.7441926 -1.1610178 3.6946794 -1.1610178 1 P 0 ;2,3=0,4=0.000000
L 3.7575231 -1.1610178 3.7575231 -1.2410007 1 P 0 ;2,3=0,4=0.000000
L 3.7575231 -1.1610178 3.7918015 -1.1610178 1 P 0 ;2,3=0,4=0.000000
L 3.7841841 -1.1991049 3.810845 -1.2410007 1 P 0 ;2,3=0,4=0.000000
L 3.7918015 -1.1610178 3.8032276 -1.1648265 1 P 0 ;2,3=0,4=0.000000
L 3.7918015 -1.1991049 3.7575231 -1.1991049 1 P 0 ;2,3=0,4=0.000000
L 3.8032276 -1.1648265 3.8070363 -1.1686353 1 P 0 ;2,3=0,4=0.000000
L 3.8032276 -1.1952962 3.7918015 -1.1991049 1 P 0 ;2,3=0,4=0.000000
L 3.8070363 -1.1686353 3.810845 -1.1762527 1 P 0 ;2,3=0,4=0.000000
L 3.8070363 -1.1914875 3.8032276 -1.1952962 1 P 0 ;2,3=0,4=0.000000
L 3.810845 -1.1762527 3.810845 -1.1838701 1 P 0 ;2,3=0,4=0.000000
L 3.810845 -1.1838701 3.8070363 -1.1914875 1 P 0 ;2,3=0,4=0.000000
L 3.8110472 4.9902275 3.8110472 6.617 0 P 0
L 3.8915896 -1.1610178 3.8915896 -1.2410007 1 P 0 ;2,3=0,4=0.000000
L 3.8915896 -1.1610178 3.9182506 -1.1610178 1 P 0 ;2,3=0,4=0.000000
L 3.9110472 5.0747248 3.9110472 6.617 0 P 0
L 3.9182506 -1.1610178 3.9296767 -1.1648265 1 P 0 ;2,3=0,4=0.000000
L 3.9182506 -1.2410007 3.8915896 -1.2410007 1 P 0 ;2,3=0,4=0.000000
L 3.9296767 -1.1648265 3.9372941 -1.172444 1 P 0 ;2,3=0,4=0.000000
L 3.9296767 -1.237192 3.9182506 -1.2410007 1 P 0 ;2,3=0,4=0.000000
L 3.9372941 -1.172444 3.9411028 -1.1800614 1 P 0 ;2,3=0,4=0.000000
L 3.9372941 -1.2295746 3.9296767 -1.237192 1 P 0 ;2,3=0,4=0.000000
L 3.9411028 -1.1800614 3.9449115 -1.1914875 1 P 0 ;2,3=0,4=0.000000
L 3.9411028 -1.2219572 3.9372941 -1.2295746 1 P 0 ;2,3=0,4=0.000000
L 3.9449115 -1.1914875 3.9449115 -1.210531 1 P 0 ;2,3=0,4=0.000000
L 3.9449115 -1.210531 3.9411028 -1.2219572 1 P 0 ;2,3=0,4=0.000000
L 3.9742385 -1.2143397 4.0123256 -1.2143397 1 P 0 ;2,3=0,4=0.000000
L 3.9932821 -1.1610178 3.9628124 -1.2410007 1 P 0 ;2,3=0,4=0.000000
L 4.0130472 5.1413696 4.0130472 6.617 0 P 0
L 4.0237517 -1.2410007 3.9932821 -1.1610178 1 P 0 ;2,3=0,4=0.000000
L 4.0424144 -1.1610178 4.0957363 -1.1610178 1 P 0 ;2,3=0,4=0.000000
L 4.0690754 -1.1610178 4.0690754 -1.2410007 1 P 0 ;2,3=0,4=0.000000
L 4.1110472 5.2133696 4.1110472 6.617 0 P 0
L 4.1166842 -1.2143397 4.1547713 -1.2143397 1 P 0 ;2,3=0,4=0.000000
L 4.1357278 -1.1610178 4.1052581 -1.2410007 1 P 0 ;2,3=0,4=0.000000
L 4.1661974 -1.2410007 4.1357278 -1.1610178 1 P 0 ;2,3=0,4=0.000000
L 4.2110472 5.2731334 4.2110472 6.617 0 P 0
L 4.2232087 5.2711528 4.2232087 5.5563389 0 P 0
L 4.2232087 5.5563389 4.3110472 5.6441774 0 P 0
L 4.3110472 5.6441774 4.3110472 6.617 0 P 0
L 4.4094488 5.5850988 4.4094488 6.617 0 P 0
L 4.4094488 5.5850988 4.4382087 5.5563389 0 P 0
L 4.4382087 5.4505311 4.4382087 5.5563389 0 P 0
P 0.8380472 1.5040945 2 P 0 0 ;0=1,1=1
P 0.8380472 1.6760275 2 P 0 0 ;0=1,1=1
P 0.8380472 1.7710275 2 P 0 0 ;0=1,1=1
P 0.8380472 1.8710275 2 P 0 0 ;0=1,1=1
P 0.8380472 2.0725275 2 P 0 0 ;0=1,1=1
P 0.8380472 2.1725275 2 P 0 0 ;0=1,1=1
P 0.8380472 2.2760275 2 P 0 0 ;0=1,1=1
P 0.8380472 2.3685275 2 P 0 0 ;0=1,1=1
P 0.8380472 2.5710275 2 P 0 0 ;0=1,1=1
P 0.8380472 2.6725275 2 P 0 0 ;0=1,1=1
P 0.8380472 2.7725275 2 P 0 0 ;0=1,1=1
P 0.8380472 2.8805275 2 P 0 0 ;0=1,1=1
P 0.8380472 3.0760275 2 P 0 0 ;0=1,1=1
P 0.8380472 3.1760275 2 P 0 0 ;0=1,1=1
P 0.8380472 3.2725275 2 P 0 0 ;0=1,1=1
P 0.8380472 3.3710275 2 P 0 0 ;0=1,1=1
P 0.8380472 3.5725275 2 P 0 0 ;0=1,1=1
P 0.8380472 3.6725275 2 P 0 0 ;0=1,1=1
P 0.8380472 3.7725275 2 P 0 0 ;0=1,1=1
P 0.8380472 3.875244 2 P 0 0 ;0=1,1=1
P 0.8380472 4.3020945 2 P 0 0 ;0=1,1=1
P 0.8380472 4.4040945 2 P 0 0 ;0=1,1=1
P 2.5360472 3.5868141 2 P 0 0 ;0=1,1=1
P 2.5360472 3.6065141 2 P 0 0 ;0=1,1=1
P 2.5360472 3.6262141 2 P 0 0 ;0=1,1=1
P 2.5360472 3.6459141 2 P 0 0 ;0=1,1=1
P 2.5360472 3.6656141 2 P 0 0 ;0=1,1=1
P 2.5360472 3.6853141 2 P 0 0 ;0=1,1=1
P 2.5360472 3.7050141 2 P 0 0 ;0=1,1=1
P 2.5360472 3.7247141 2 P 0 0 ;0=1,1=1
P 2.6850472 2.6614141 2 P 0 0 ;0=1,1=1
P 2.6850472 2.6811141 2 P 0 0 ;0=1,1=1
P 2.6850472 2.7008141 2 P 0 0 ;0=1,1=1
P 2.6850472 2.7205141 2 P 0 0 ;0=1,1=1
P 2.6850472 2.7599141 2 P 0 0 ;0=1,1=1
P 2.6850472 2.7796141 2 P 0 0 ;0=1,1=1
P 2.6850472 2.7993141 2 P 0 0 ;0=1,1=1
P 2.6850472 2.8190141 2 P 0 0 ;0=1,1=1
P 2.6850472 2.8584141 2 P 0 0 ;0=1,1=1
P 2.6850472 2.8781141 2 P 0 0 ;0=1,1=1
P 2.6850472 2.8978141 2 P 0 0 ;0=1,1=1
P 2.6850472 2.9175141 2 P 0 0 ;0=1,1=1
P 2.6850472 2.9569141 2 P 0 0 ;0=1,1=1
P 2.6850472 2.9766141 2 P 0 0 ;0=1,1=1
P 2.6850472 2.9963141 2 P 0 0 ;0=1,1=1
P 2.6850472 3.0160141 2 P 0 0 ;0=1,1=1
P 2.6850472 3.0554141 2 P 0 0 ;0=1,1=1
P 2.6850472 3.0751141 2 P 0 0 ;0=1,1=1
P 2.6850472 3.0948141 2 P 0 0 ;0=1,1=1
P 2.6850472 3.1145141 2 P 0 0 ;0=1,1=1
P 2.6850472 3.2130141 2 P 0 0 ;0=1,1=1
P 2.6850472 3.2327141 2 P 0 0 ;0=1,1=1
P 3.7110472 6.617 2 P 0 0 ;0=1,1=1
P 3.8110472 6.617 2 P 0 0 ;0=1,1=1
P 3.9110472 6.617 2 P 0 0 ;0=1,1=1
P 4.0130472 6.617 2 P 0 0 ;0=1,1=1
P 4.1110472 6.617 2 P 0 0 ;0=1,1=1
P 4.2110472 6.617 2 P 0 0 ;0=1,1=1
P 4.3110472 6.617 2 P 0 0 ;0=1,1=1
P 4.4094488 6.617 2 P 0 0 ;0=1,1=1
