#Layer_Color=16711935
#
#Feature symbol names
#
$0 r30
$1 r11.811

#
#Feature attribute names
#

#
#Layer features
#
A 26.3928647 16.6156402 27.4175858 16.6153471 26.9050847 16.1240779 0 P 0 N
A 33.518849 16.6550103 34.5435701 16.6547172 34.031069 16.163448 0 P 0 N
L 26.393282 16.61524 26.393282 22.497704 0 P 0
L 26.393282 22.497704 26.393282 22.53609 0 P 0
L 26.393282 22.53609 27.416816 22.53609 0 P 0
L 27.416242 20.28483 27.416904 16.614694 0 P 0
L 27.416816 20.566024 27.416816 22.53609 0 P 0
L 27.418838 20.28483 30.060818 20.28483 0 P 0
L 27.41941 20.566024 30.060818 20.566024 0 P 0
L 30.060818 20.150124 30.060818 20.28483 0 P 0
L 30.060818 20.150124 31.01073 20.150124 0 P 0
L 30.060818 20.566024 30.060818 20.70382 0 P 0
L 30.060818 20.70382 31.01073 20.70382 0 P 0
L 31.01073 20.150124 31.01073 20.70382 0 P 0
L 33.317494 16.169342 33.32143 16.165354 1 P 0
L 33.317494 16.169342 33.322416 16.174326 1 P 0
L 33.32143 16.062656 33.32143 16.110514 1 P 0
L 33.32143 16.062656 33.329304 16.05468 1 P 0
L 33.32143 16.110514 33.32143 16.165354 1 P 0
L 33.32143 16.117026 34.108426 16.904022 1 P 0
L 33.32143 16.12035 33.980354 15.461428 1 P 0
L 33.322416 16.174326 33.322416 16.229166 1 P 0
L 33.322416 16.201528 34.02491 16.904022 1 P 0
L 33.322416 16.202882 34.071846 15.453452 1 P 0
L 33.322416 16.229166 33.322416 16.270044 1 P 0
L 33.322416 16.270044 33.33029 16.278022 1 P 0
L 33.329304 16.05468 33.341116 16.042714 1 P 0
L 33.33029 16.278022 33.345054 16.292976 1 P 0
L 33.33054 16.278274 34.149778 15.459036 1 P 0
L 33.33591 16.047988 34.191944 16.904022 1 P 0
L 33.341116 15.958962 33.341116 16.000838 1 P 0
L 33.341116 15.958962 33.354896 15.945002 1 P 0
L 33.341116 15.969678 34.27546 16.904022 1 P 0
L 33.341116 16.000838 33.341116 16.042714 1 P 0
L 33.341116 16.01715 33.896836 15.461428 1 P 0
L 33.345054 16.292976 33.345054 16.350806 1 P 0
L 33.345054 16.307682 33.941394 16.904022 1 P 0
L 33.345054 16.347278 34.219994 15.472336 1 P 0
L 33.345054 16.350806 33.345054 16.388694 1 P 0
L 33.345054 16.388694 33.360802 16.404648 1 P 0
L 33.354896 15.945002 33.37458 15.925062 1 P 0
L 33.360802 16.404648 33.379502 16.423592 1 P 0
L 33.365966 16.40988 34.27354 15.502308 1 P 0
L 33.37458 15.88518 33.37458 15.904124 1 P 0
L 33.37458 15.88518 33.385408 15.874212 1 P 0
L 33.37458 15.900168 33.792382 15.482366 1 P 0
L 33.37458 15.904124 33.37458 15.925062 1 P 0
L 33.37458 15.919628 34.358976 16.904022 1 P 0
L 33.379502 16.423592 33.379502 16.448518 1 P 0
L 33.379502 16.425648 33.857878 16.904022 1 P 0
L 33.379502 16.448518 33.379502 16.480424 1 P 0
L 33.379502 16.479862 34.340106 15.519258 1 P 0
L 33.379502 16.480424 33.397218 16.498372 1 P 0
L 33.385408 15.874212 33.400172 15.859256 1 P 0
L 33.397218 16.498372 33.426746 16.528284 1 P 0
L 33.398956 15.860486 34.442492 16.904022 1 P 0
L 33.400172 15.812394 33.400172 15.83433 1 P 0
L 33.400172 15.812394 33.447416 15.764534 1 P 0
L 33.400172 15.83433 33.400172 15.859256 1 P 0
L 33.417166 15.795178 34.52601 16.904022 1 P 0
L 33.42071 16.52217 34.386066 15.556816 1 P 0
L 33.426746 16.528284 33.426746 16.54324 1 P 0
L 33.426746 16.54324 33.426746 16.568166 1 P 0
L 33.426746 16.556408 33.77436 16.904022 1 P 0
L 33.426746 16.568166 33.475958 16.618018 1 P 0
L 33.442386 16.58401 34.443404 15.582994 1 P 0
L 33.447416 15.764534 33.498596 15.712688 1 P 0
L 33.458654 15.75315 34.542848 16.837344 1 P 0
L 33.475958 16.618018 33.519266 16.66189 1 P 0
L 33.483876 16.626038 34.484892 15.625022 1 P 0
L 33.483876 16.626038 34.484892 15.625022 1 P 0
L 33.498596 15.686764 33.498596 15.712688 1 P 0
L 33.498596 15.686764 33.507454 15.686764 1 P 0
L 33.498596 15.692636 33.504468 15.686764 1 P 0
L 33.498596 15.709576 34.542848 16.753828 1 P 0
L 33.507454 15.686764 33.536982 15.656852 1 P 0
L 33.511836 22.02428 33.511836 22.57546 1 P 0
L 33.511836 22.02428 34.53537 22.02428 1 P 0
L 33.511836 22.026652 33.514208 22.02428 1 P 0
L 33.511836 22.070072 34.017224 22.57546 1 P 0
L 33.511836 22.11017 33.597726 22.02428 1 P 0
L 33.511836 22.153588 33.933708 22.57546 1 P 0
L 33.511836 22.193686 33.681242 22.02428 1 P 0
L 33.511836 22.237104 33.850192 22.57546 1 P 0
L 33.511836 22.277202 33.764758 22.02428 1 P 0
L 33.511836 22.32062 33.766674 22.57546 1 P 0
L 33.511836 22.360718 33.848274 22.02428 1 P 0
L 33.511836 22.404138 33.683158 22.57546 1 P 0
L 33.511836 22.444236 33.931792 22.02428 1 P 0
L 33.511836 22.487654 33.599642 22.57546 1 P 0
L 33.511836 22.527752 34.015308 22.02428 1 P 0
L 33.511836 22.57117 33.516126 22.57546 1 P 0
L 33.511836 22.57546 34.535458 22.57546 1 P 0
L 33.519266 16.65461 33.519266 22.57546 0 P 0
L 33.519266 16.66189 33.519266 16.670282 1 P 0
L 33.519266 16.670282 33.519266 16.90617 1 P 0
L 33.519266 16.674164 34.530838 15.662592 1 P 0
L 33.519266 16.732444 33.690844 16.904022 1 P 0
L 33.519266 16.757682 34.572326 15.70462 1 P 0
L 33.519266 16.81596 33.607328 16.904022 1 P 0
L 33.519266 16.841198 34.60589 15.754574 1 P 0
L 33.519266 16.899478 33.523812 16.904022 1 P 0
L 33.519266 16.90617 33.521384 16.904022 1 P 0
L 33.519266 18.559712 33.519266 21.394358 1 P 0
L 33.519266 18.559712 34.542242 18.559712 1 P 0
L 33.519266 18.602362 34.542228 18.602362 1 P 0
L 33.519266 18.700788 34.542228 18.700788 1 P 0
L 33.519266 18.799214 34.542228 18.799214 1 P 0
L 33.519266 18.897638 34.542228 18.897638 1 P 0
L 33.519266 18.996064 34.542228 18.996064 1 P 0
L 33.519266 19.094488 34.542228 19.094488 1 P 0
L 33.519266 19.192914 34.542228 19.192914 1 P 0
L 33.519266 19.29134 34.542228 19.29134 1 P 0
L 33.519266 19.389764 34.542228 19.389764 1 P 0
L 33.519266 19.48819 34.542228 19.48819 1 P 0
L 33.519266 19.586614 34.542228 19.586614 1 P 0
L 33.519266 19.68504 34.542228 19.68504 1 P 0
L 33.519266 19.783466 34.542228 19.783466 1 P 0
L 33.519266 19.88189 34.542228 19.88189 1 P 0
L 33.519266 19.980316 34.542228 19.980316 1 P 0
L 33.519266 20.07874 34.542228 20.07874 1 P 0
L 33.519266 20.177166 34.542228 20.177166 1 P 0
L 33.519266 20.275592 34.542228 20.275592 1 P 0
L 33.519266 20.374016 35.094068 20.374016 1 P 0
L 33.519266 20.472442 35.094068 20.472442 1 P 0
L 33.519266 20.570866 35.094068 20.570866 1 P 0
L 33.519266 20.669292 34.5428 20.669292 1 P 0
L 33.519266 20.767718 34.5428 20.767718 1 P 0
L 33.519266 20.866142 34.5428 20.866142 1 P 0
L 33.519266 20.964568 34.5428 20.964568 1 P 0
L 33.519266 21.062992 34.5428 21.062992 1 P 0
L 33.519266 21.161418 34.5428 21.161418 1 P 0
L 33.519266 21.259844 34.5428 21.259844 1 P 0
L 33.519266 21.358268 34.5428 21.358268 1 P 0
L 33.519266 21.394358 33.991706 21.394358 1 P 0
L 33.519266 22.57546 34.5428 22.57546 0 P 0
L 33.521384 16.904022 34.542848 16.904022 1 P 0
L 33.53321 15.660674 34.542848 16.670312 1 P 0
L 33.53321 15.660674 34.542848 16.670312 1 P 0
L 33.536982 15.656852 33.587178 15.606002 1 P 0
L 33.539958 16.904022 34.647378 15.796602 1 P 0
L 33.547642 22.57546 34.098824 22.02428 1 P 0
L 33.54956 22.02428 34.10074 22.57546 1 P 0
L 33.54956 22.02428 34.10074 22.57546 1 P 0
L 33.562994 18.559712 33.562994 21.394358 1 P 0
L 33.574698 15.618646 34.579182 16.62313 1 P 0
L 33.587178 15.606002 33.597022 15.606002 1 P 0
L 33.597022 15.606002 33.60588 15.606002 1 P 0
L 33.60588 15.606002 33.65214 15.55914 1 P 0
L 33.623474 16.904022 34.674998 15.8525 1 P 0
L 33.625598 15.586028 34.613736 16.574166 1 P 0
L 33.63116 22.57546 34.18234 22.02428 1 P 0
L 33.633076 22.02428 34.184258 22.57546 1 P 0
L 33.65214 15.55914 33.67773 15.55914 1 P 0
L 33.661418 18.559712 33.661418 21.394358 1 P 0
L 33.67773 15.55914 33.709226 15.527234 1 P 0
L 33.679964 15.556878 34.647218 16.524132 1 P 0
L 33.70699 16.904022 34.683636 15.927378 1 P 0
L 33.709226 15.527234 33.726942 15.509288 1 P 0
L 33.714676 22.57546 34.265858 22.02428 1 P 0
L 33.716592 22.02428 34.267774 22.57546 1 P 0
L 33.721452 15.51485 34.67789 16.471288 1 P 0
L 33.726942 15.509288 33.765328 15.509288 1 P 0
L 33.759844 18.559712 33.759844 21.394358 1 P 0
L 33.765328 15.509288 33.791904 15.482366 1 P 0
L 33.782256 15.492138 34.694614 16.404494 1 P 0
L 33.790508 16.904022 34.723302 15.971228 1 P 0
L 33.791904 15.482366 33.83521 15.482366 1 P 0
L 33.798192 22.57546 34.349374 22.02428 1 P 0
L 33.80011 22.02428 34.35129 22.57546 1 P 0
L 33.83521 15.482366 33.875564 15.482366 1 P 0
L 33.856002 15.482366 34.7171 16.343466 1 P 0
L 33.858268 18.559712 33.858268 21.394358 1 P 0
L 33.874024 16.904022 34.72399 16.054056 1 P 0
L 33.875564 15.482366 33.889344 15.468408 1 P 0
L 33.881708 22.57546 34.43289 22.02428 1 P 0
L 33.883626 22.02428 34.434806 22.57546 1 P 0
L 33.889344 15.468408 33.896234 15.461428 1 P 0
L 33.896234 15.461428 33.92084 15.461428 1 P 0
L 33.91858 15.461428 34.740442 16.28329 1 P 0
L 33.92084 15.461428 33.991706 15.461428 1 P 0
L 33.956694 18.559712 33.956694 21.394358 1 P 0
L 33.95754 16.904022 34.74269 16.118872 1 P 0
L 33.965226 22.57546 34.516406 22.02428 1 P 0
L 33.965226 22.57546 34.516406 22.02428 1 P 0
L 33.967142 22.02428 34.518324 22.57546 1 P 0
L 33.991706 15.461428 34.002534 15.45046 1 P 0
L 33.991706 21.394358 34.5428 21.394358 1 P 0
L 33.996868 15.4562 34.74269 16.202022 1 P 0
L 34.002534 15.45046 34.005486 15.453452 1 P 0
L 34.005486 15.453452 34.08029 15.453452 1 P 0
L 34.041056 16.904022 34.74269 16.202388 1 P 0
L 34.048742 22.57546 34.53537 22.088834 1 P 0
L 34.050658 22.02428 34.53537 22.50899 1 P 0
L 34.05512 18.559712 34.05512 21.394358 1 P 0
L 34.077636 15.453452 34.74269 16.118506 1 P 0
L 34.08029 15.453452 34.144266 15.453452 1 P 0
L 34.124574 16.904022 34.7171 16.311496 1 P 0
L 34.132258 22.57546 34.53537 22.17235 1 P 0
L 34.134176 22.02428 34.53537 22.425474 1 P 0
L 34.144266 15.453452 34.158046 15.46741 1 P 0
L 34.153544 18.559712 34.153544 21.394358 1 P 0
L 34.158046 15.46741 34.215132 15.46741 1 P 0
L 34.175112 15.46741 34.72399 16.01629 1 P 0
L 34.20809 16.904022 34.690526 16.421586 1 P 0
L 34.215132 15.46741 34.232848 15.485358 1 P 0
L 34.215776 22.57546 34.53537 22.255866 1 P 0
L 34.217692 22.02428 34.53537 22.341958 1 P 0
L 34.232848 15.485358 34.24958 15.502308 1 P 0
L 34.24958 15.502308 34.28895 15.502308 1 P 0
L 34.25197 18.559712 34.25197 21.394358 1 P 0
L 34.28895 15.502308 34.305682 15.519258 1 P 0
L 34.291606 16.904022 34.59899 16.596638 1 P 0
L 34.299292 22.57546 34.53537 22.339382 1 P 0
L 34.301208 22.02428 34.53537 22.25844 1 P 0
L 34.305682 15.519258 34.327336 15.519258 1 P 0
L 34.310476 15.519258 34.683636 15.892418 1 P 0
L 34.327336 15.519258 34.34899 15.519258 1 P 0
L 34.34899 15.519258 34.37458 15.545182 1 P 0
L 34.350394 18.559712 34.350394 21.394358 1 P 0
L 34.37458 15.545182 34.399186 15.570108 1 P 0
L 34.375122 16.904022 34.542848 16.736298 1 P 0
L 34.382808 22.57546 34.53537 22.4229 1 P 0
L 34.384724 22.02428 34.53537 22.174924 1 P 0
L 34.399186 15.570108 34.42773 15.570108 1 P 0
L 34.430682 15.570108 34.46021 15.60002 1 P 0
L 34.44882 18.559712 34.44882 21.394358 1 P 0
L 34.45864 16.904022 34.542848 16.819814 1 P 0
L 34.46021 15.60002 34.49269 15.632922 1 P 0
L 34.466324 22.57546 34.53537 22.506416 1 P 0
L 34.468242 22.02428 34.53537 22.091408 1 P 0
L 34.49269 15.632922 34.50155 15.632922 1 P 0
L 34.50155 15.632922 34.55273 15.68477 1 P 0
L 34.53537 22.02428 34.53537 22.575374 1 P 0
L 34.542228 18.559728 34.542228 20.3242 1 P 0
L 34.542228 20.3242 34.54289 16.654064 0 P 0
L 34.542228 20.3242 35.094068 20.3242 1 P 0
L 34.5428 20.605394 34.5428 22.57546 0 P 0
L 34.5428 20.607988 34.5428 21.394358 1 P 0
L 34.5428 20.607988 34.545394 20.605394 1 P 0
L 34.542848 16.66977 34.542848 16.904022 1 P 0
L 34.54289 16.669728 34.555682 16.656768 1 P 0
L 34.544822 20.3242 37.186802 20.3242 0 P 0
L 34.545394 20.605394 35.094068 20.605394 1 P 0
L 34.545394 20.605394 37.186802 20.605394 0 P 0
L 34.547246 20.3242 34.547246 20.605394 1 P 0
L 34.55273 15.68477 34.591116 15.723656 1 P 0
L 34.555682 16.646934 34.581274 16.62101 1 P 0
L 34.555682 16.649924 34.555682 16.656768 1 P 0
L 34.581274 16.62101 34.59899 16.603062 1 P 0
L 34.591116 15.723656 34.591116 15.72864 1 P 0
L 34.591116 15.72864 34.591116 15.739608 1 P 0
L 34.591116 15.739608 34.625564 15.774506 1 P 0
L 34.59899 16.589104 34.59899 16.59409 1 P 0
L 34.59899 16.589104 34.625564 16.562184 1 P 0
L 34.59899 16.59409 34.59899 16.603062 1 P 0
L 34.625564 15.774506 34.658046 15.807408 1 P 0
L 34.625564 16.562184 34.647218 16.540248 1 P 0
L 34.64567 20.3242 34.64567 20.605394 1 P 0
L 34.647218 16.50236 34.647218 16.52629 1 P 0
L 34.647218 16.50236 34.672808 16.476436 1 P 0
L 34.647218 16.52629 34.647218 16.540248 1 P 0
L 34.658046 15.807408 34.658046 15.835326 1 P 0
L 34.658046 15.835326 34.683636 15.86125 1 P 0
L 34.672808 16.476436 34.690526 16.45849 1 P 0
L 34.683636 15.86125 34.683636 15.893156 1 P 0
L 34.683636 15.893156 34.683636 15.931044 1 P 0
L 34.683636 15.931044 34.711194 15.958962 1 P 0
L 34.690526 16.408636 34.690526 16.442536 1 P 0
L 34.690526 16.408636 34.702336 16.396672 1 P 0
L 34.690526 16.442536 34.690526 16.45849 1 P 0
L 34.702336 16.396672 34.7171 16.381716 1 P 0
L 34.711194 15.958962 34.72399 15.971924 1 P 0
L 34.7171 16.306936 34.7171 16.35978 1 P 0
L 34.7171 16.306936 34.73088 16.292976 1 P 0
L 34.7171 16.35978 34.7171 16.381716 1 P 0
L 34.72399 15.971924 34.72399 16.022774 1 P 0
L 34.72399 16.022774 34.72399 16.089576 1 P 0
L 34.72399 16.089576 34.739738 16.10553 1 P 0
L 34.73088 16.292976 34.74269 16.281012 1 P 0
L 34.739738 16.10553 34.74269 16.10852 1 P 0
L 34.74269 16.10852 34.74269 16.205236 1 P 0
L 34.74269 16.205236 34.74269 16.281012 1 P 0
L 34.744096 20.3242 34.744096 20.605394 1 P 0
L 34.84252 20.3242 34.84252 20.605394 1 P 0
L 34.940946 20.3242 34.940946 20.605394 1 P 0
L 35.039372 20.3242 35.039372 20.605394 1 P 0
L 35.094068 20.3242 35.094068 20.605394 1 P 0
L 37.186802 20.189494 37.186802 20.3242 0 P 0
L 37.186802 20.189494 37.186802 20.725066 1 P 0
L 37.186802 20.189494 38.101802 20.189494 1 P 0
L 37.186802 20.189494 38.136714 20.189494 0 P 0
L 37.186802 20.232948 37.678922 20.725066 1 P 0
L 37.186802 20.272566 37.269874 20.189494 1 P 0
L 37.186802 20.316464 37.595404 20.725066 1 P 0
L 37.186802 20.356082 37.353392 20.189494 1 P 0
L 37.186802 20.39998 37.511888 20.725066 1 P 0
L 37.186802 20.4396 37.436908 20.189494 1 P 0
L 37.186802 20.483496 37.428372 20.725066 1 P 0
L 37.186802 20.523116 37.520424 20.189494 1 P 0
L 37.186802 20.567014 37.344856 20.725066 1 P 0
L 37.186802 20.605394 37.186802 20.74319 0 P 0
L 37.186802 20.606632 37.60394 20.189494 1 P 0
L 37.186802 20.65053 37.261338 20.725066 1 P 0
L 37.186802 20.690148 37.687458 20.189494 1 P 0
L 37.186802 20.725066 38.125564 20.725066 1 P 0
L 37.186802 20.74319 38.136714 20.74319 0 P 0
L 37.226864 20.189494 37.762438 20.725066 1 P 0
L 37.226864 20.189494 37.762438 20.725066 1 P 0
L 37.2354 20.725066 37.770974 20.189494 1 P 0
L 37.31038 20.189494 37.845954 20.725066 1 P 0
L 37.318916 20.725066 37.85449 20.189494 1 P 0
L 37.393898 20.189494 37.92947 20.725066 1 P 0
L 37.402434 20.725066 37.938006 20.189494 1 P 0
L 37.477414 20.189494 38.012988 20.725066 1 P 0
L 37.48595 20.725066 38.021524 20.189494 1 P 0
L 37.56093 20.189494 38.096504 20.725066 1 P 0
L 37.569466 20.725066 38.103422 20.191112 1 P 0
L 37.569466 20.725066 38.103422 20.191112 1 P 0
L 37.644446 20.189494 38.125564 20.670612 1 P 0
L 37.652982 20.725066 38.125564 20.252484 1 P 0
L 37.727964 20.189494 38.125564 20.587096 1 P 0
L 37.7365 20.725066 38.125564 20.336002 1 P 0
L 37.81148 20.189494 38.125564 20.503578 1 P 0
L 37.820016 20.725066 38.125564 20.419518 1 P 0
L 37.894996 20.189494 38.125564 20.420062 1 P 0
L 37.903532 20.725066 38.125564 20.503034 1 P 0
L 37.978512 20.189494 38.125564 20.336546 1 P 0
L 37.987048 20.725066 38.125564 20.58655 1 P 0
L 38.06203 20.189494 38.125564 20.25303 1 P 0
L 38.070566 20.725066 38.125564 20.670068 1 P 0
L 38.101802 20.189494 38.125564 20.213256 1 P 0
L 38.125564 20.213256 38.125564 20.725066 1 P 0
L 38.136714 20.189494 38.136714 20.74319 0 P 0
