#Layer_Color=32768
#
#Feature symbol names
#
$0 r6
$1 r2

#
#Feature attribute names
#

#
#Layer features
#
L 0.079 2.055 0.079 2.135 0 P 0
L 0.079 2.055 0.129 2.055 0 P 0
L 0.079 2.071 0.129 2.071 1 P 0
L 0.079 2.119 0.129 2.119 1 P 0
L 0.079 2.135 0.129 2.135 0 P 0
L 0.129 2.055 0.129 2.135 0 P 0
L 0.475 0.76 0.475 0.84 0 P 0
L 0.475 0.76 0.525 0.76 0 P 0
L 0.475 0.776 0.525 0.776 1 P 0
L 0.475 0.824 0.525 0.824 1 P 0
L 0.475 0.84 0.525 0.84 0 P 0
L 0.475 1.66 0.475 1.74 0 P 0
L 0.475 1.66 0.525 1.66 0 P 0
L 0.475 1.676 0.525 1.676 1 P 0
L 0.475 1.724 0.525 1.724 1 P 0
L 0.475 1.74 0.525 1.74 0 P 0
L 0.525 0.76 0.525 0.84 0 P 0
L 0.525 1.66 0.525 1.74 0 P 0
L 0.57 0.76 0.57 0.84 0 P 0
L 0.57 0.76 0.62 0.76 0 P 0
L 0.57 0.776 0.62 0.776 1 P 0
L 0.57 0.824 0.62 0.824 1 P 0
L 0.57 0.84 0.62 0.84 0 P 0
L 0.57 1.66 0.57 1.74 0 P 0
L 0.57 1.66 0.62 1.66 0 P 0
L 0.57 1.676 0.62 1.676 1 P 0
L 0.57 1.724 0.62 1.724 1 P 0
L 0.57 1.74 0.62 1.74 0 P 0
L 0.62 0.76 0.62 0.84 0 P 0
L 0.62 1.66 0.62 1.74 0 P 0
L 0.917 0.197 0.917 0.247 0 P 0
L 0.917 0.197 0.997 0.197 0 P 0
L 0.917 0.247 0.997 0.247 0 P 0
L 0.917 2.253 0.917 2.303 0 P 0
L 0.917 2.253 0.997 2.253 0 P 0
L 0.917 2.303 0.997 2.303 0 P 0
L 0.933 0.197 0.933 0.247 1 P 0
L 0.933 2.253 0.933 2.303 1 P 0
L 0.981 0.197 0.981 0.247 1 P 0
L 0.981 2.253 0.981 2.303 1 P 0
L 0.997 0.197 0.997 0.247 0 P 0
L 0.997 2.253 0.997 2.303 0 P 0
L 1.497 2.249 1.497 2.299 0 P 0
L 1.497 2.249 1.577 2.249 0 P 0
L 1.497 2.299 1.577 2.299 0 P 0
L 1.503 0.197 1.503 0.247 0 P 0
L 1.503 0.197 1.583 0.197 0 P 0
L 1.503 0.247 1.583 0.247 0 P 0
L 1.513 2.249 1.513 2.299 1 P 0
L 1.519 0.197 1.519 0.247 1 P 0
L 1.561 2.249 1.561 2.299 1 P 0
L 1.567 0.197 1.567 0.247 1 P 0
L 1.577 2.249 1.577 2.299 0 P 0
L 1.583 0.197 1.583 0.247 0 P 0
L 1.874 1.656 1.874 1.736 0 P 0
L 1.874 1.656 1.924 1.656 0 P 0
L 1.874 1.672 1.924 1.672 1 P 0
L 1.874 1.72 1.924 1.72 1 P 0
L 1.874 1.736 1.924 1.736 0 P 0
L 1.88 0.76 1.88 0.84 0 P 0
L 1.88 0.76 1.93 0.76 0 P 0
L 1.88 0.776 1.93 0.776 1 P 0
L 1.88 0.824 1.93 0.824 1 P 0
L 1.88 0.84 1.93 0.84 0 P 0
L 1.924 1.656 1.924 1.736 0 P 0
L 1.93 0.76 1.93 0.84 0 P 0
L 1.969 1.656 1.969 1.736 0 P 0
L 1.969 1.656 2.019 1.656 0 P 0
L 1.969 1.672 2.019 1.672 1 P 0
L 1.969 1.72 2.019 1.72 1 P 0
L 1.969 1.736 2.019 1.736 0 P 0
L 1.975 0.76 1.975 0.84 0 P 0
L 1.975 0.76 2.025 0.76 0 P 0
L 1.975 0.776 2.025 0.776 1 P 0
L 1.975 0.824 2.025 0.824 1 P 0
L 1.975 0.84 2.025 0.84 0 P 0
L 2.019 1.656 2.019 1.736 0 P 0
L 2.025 0.76 2.025 0.84 0 P 0
L 2.163 0.086 2.163 0.136 0 P 0
L 2.163 0.086 2.243 0.086 0 P 0
L 2.163 0.136 2.243 0.136 0 P 0
L 2.179 0.086 2.179 0.136 1 P 0
L 2.227 0.086 2.227 0.136 1 P 0
L 2.243 0.086 2.243 0.136 0 P 0
