#Layer_Color=32768
#
#Feature symbol names
#
$0 r3.937

#
#Feature attribute names
#

#
#Layer features
#
L 21.5314651 15.8073784 21.5314651 16.1026544 0 P 0
L 21.5314651 15.8073784 21.7480011 15.8073784 0 P 0
L 21.5314651 16.1026544 21.7480011 16.1026544 0 P 0
L 21.6200471 15.9550164 21.6594171 15.9550164 0 P 0
L 21.6397331 15.9353304 21.6397331 15.9747024 0 P 0
L 21.6450865 19.0612794 21.6450865 19.2778154 0 P 0
L 21.6450865 19.0612794 21.9403625 19.0612794 0 P 0
L 21.6450865 19.2778154 21.9403625 19.2778154 0 P 0
L 21.7063459 16.4316344 21.7063459 16.6678544 0 P 0
L 21.7063459 16.4316344 22.0370539 16.4316344 0 P 0
L 21.7063459 16.5595864 21.7063459 16.7958064 0 P 0
L 21.7063459 16.5595864 22.0370539 16.5595864 0 P 0
L 21.7063459 16.6678544 22.0370539 16.6678544 0 P 0
L 21.7063459 16.7958064 22.0370539 16.7958064 0 P 0
L 21.7063459 17.0025006 21.7063459 17.2387206 0 P 0
L 21.7063459 17.0025006 22.0370559 17.0025006 0 P 0
L 21.7063459 17.1304526 21.7063459 17.3666746 0 P 0
L 21.7063459 17.1304526 22.0370559 17.1304526 0 P 0
L 21.7063459 17.2387206 22.0370559 17.2387206 0 P 0
L 21.7063459 17.3666746 22.0370559 17.3666746 0 P 0
L 21.7063459 17.5930517 21.7063459 17.8292717 0 P 0
L 21.7063459 17.5930517 22.0370539 17.5930517 0 P 0
L 21.7063459 17.7210037 21.7063459 17.9572237 0 P 0
L 21.7063459 17.7210037 22.0370539 17.7210037 0 P 0
L 21.7063459 17.8292717 22.0370539 17.8292717 0 P 0
L 21.7063459 17.9572237 22.0370539 17.9572237 0 P 0
L 21.7480011 15.8073784 21.7480011 16.1026544 0 P 0
L 21.7730385 19.1695474 21.8124105 19.1695474 0 P 0
L 21.77556 18.2424611 21.77556 18.5731691 0 P 0
L 21.77556 18.2424611 22.01178 18.2424611 0 P 0
L 21.77556 18.5731691 22.01178 18.5731691 0 P 0
L 21.7927245 19.1498634 21.7927245 19.1892334 0 P 0
L 21.8520139 16.5497444 21.8913839 16.5497444 0 P 0
L 21.8520139 16.6776964 21.8913839 16.6776964 0 P 0
L 21.8520139 17.8391137 21.8913839 17.8391137 0 P 0
L 21.8520159 17.1206106 21.8913859 17.1206106 0 P 0
L 21.8520159 17.2485626 21.8913859 17.2485626 0 P 0
L 21.8520159 17.7111617 21.8913859 17.7111617 0 P 0
L 21.8716999 16.5300584 21.8716999 16.5694284 0 P 0
L 21.8716999 16.6580124 21.8716999 16.6973824 0 P 0
L 21.8716999 17.1009266 21.8716999 17.1402966 0 P 0
L 21.8716999 17.2288786 21.8716999 17.2682486 0 P 0
L 21.8716999 17.6914777 21.8716999 17.7308477 0 P 0
L 21.8716999 17.8194297 21.8716999 17.8587997 0 P 0
L 21.873984 18.4078151 21.913354 18.4078151 0 P 0
L 21.89367 18.3881291 21.89367 18.4274991 0 P 0
L 21.9014646 15.802378 21.9014646 16.0976536 0 P 0
L 21.9014646 15.802378 22.118 15.802378 0 P 0
L 21.9014646 16.0976536 22.118 16.0976536 0 P 0
L 21.9403625 19.0612794 21.9403625 19.2778154 0 P 0
L 21.9900473 15.9500158 22.0294173 15.9500158 0 P 0
L 22.0097323 15.9303307 22.0097323 15.9697008 0 P 0
L 22.01178 18.2424611 22.01178 18.5731691 0 P 0
L 22.0370539 16.4316344 22.0370539 16.6678544 0 P 0
L 22.0370539 16.5595864 22.0370539 16.7958064 0 P 0
L 22.0370539 17.5930517 22.0370539 17.8292717 0 P 0
L 22.0370539 17.7210037 22.0370539 17.9572237 0 P 0
L 22.0370559 17.0025006 22.0370559 17.2387206 0 P 0
L 22.0370559 17.1304526 22.0370559 17.3666746 0 P 0
L 22.0783156 18.1697051 22.0783156 18.4059251 0 P 0
L 22.0783156 18.1697051 22.4090236 18.1697051 0 P 0
L 22.0783156 18.4059251 22.4090236 18.4059251 0 P 0
L 22.118 15.802378 22.118 16.0976536 0 P 0
L 22.2239856 18.2878151 22.2633556 18.2878151 0 P 0
L 22.2436696 18.2681311 22.2436696 18.3075011 0 P 0
L 22.26556 18.2424611 22.26556 18.5731691 0 P 0
L 22.26556 18.2424611 22.50178 18.2424611 0 P 0
L 22.26556 18.5731691 22.50178 18.5731691 0 P 0
L 22.363984 18.4078151 22.403354 18.4078151 0 P 0
L 22.38367 18.3881291 22.38367 18.4274991 0 P 0
L 22.4090236 18.1697051 22.4090236 18.4059251 0 P 0
L 22.4324881 19.0612794 22.4324881 19.2778154 0 P 0
L 22.4324881 19.0612794 22.7277641 19.0612794 0 P 0
L 22.4324881 19.2778154 22.7277641 19.2778154 0 P 0
L 22.50178 18.2424611 22.50178 18.5731691 0 P 0
L 22.5604401 19.1695474 22.5998121 19.1695474 0 P 0
L 22.5801261 19.1498634 22.5801261 19.1892334 0 P 0
L 22.5921727 16.4316344 22.5921727 16.6678544 0 P 0
L 22.5921727 16.4316344 22.9228827 16.4316344 0 P 0
L 22.5921727 16.5595864 22.5921727 16.7958064 0 P 0
L 22.5921727 16.5595864 22.9228827 16.5595864 0 P 0
L 22.5921727 16.6678544 22.9228827 16.6678544 0 P 0
L 22.5921727 16.7958064 22.9228827 16.7958064 0 P 0
L 22.5921727 17.0025006 22.5921727 17.2387206 0 P 0
L 22.5921727 17.0025006 22.9228827 17.0025006 0 P 0
L 22.5921727 17.1304526 22.5921727 17.3666746 0 P 0
L 22.5921727 17.1304526 22.9228827 17.1304526 0 P 0
L 22.5921727 17.2387206 22.9228827 17.2387206 0 P 0
L 22.5921727 17.3666746 22.9228827 17.3666746 0 P 0
L 22.5921727 17.5930517 22.5921727 17.8292737 0 P 0
L 22.5921727 17.5930517 22.9228807 17.5930517 0 P 0
L 22.5921727 17.7210037 22.5921727 17.9572237 0 P 0
L 22.5921727 17.7210037 22.9228807 17.7210037 0 P 0
L 22.5921727 17.8292737 22.9228807 17.8292737 0 P 0
L 22.5921727 17.9572237 22.9228807 17.9572237 0 P 0
L 22.7277641 19.0612794 22.7277641 19.2778154 0 P 0
L 22.7378427 16.5497444 22.7772127 16.5497444 0 P 0
L 22.7378427 16.6776964 22.7772127 16.6776964 0 P 0
L 22.7378427 17.1206106 22.7772127 17.1206106 0 P 0
L 22.7378427 17.2485626 22.7772127 17.2485626 0 P 0
L 22.7378427 17.7111637 22.7772127 17.7111637 0 P 0
L 22.7378427 17.8391137 22.7772127 17.8391137 0 P 0
L 22.7575267 17.1009266 22.7575267 17.1402966 0 P 0
L 22.7575267 17.2288786 22.7575267 17.2682486 0 P 0
L 22.7575267 17.6914777 22.7575267 17.7308477 0 P 0
L 22.7575267 17.8194277 22.7575267 17.8587977 0 P 0
L 22.7575287 16.5300584 22.7575287 16.5694284 0 P 0
L 22.7575287 16.6580124 22.7575287 16.6973824 0 P 0
L 22.8483941 18.2424611 22.8483941 18.5731691 0 P 0
L 22.8483941 18.2424611 23.0846141 18.2424611 0 P 0
L 22.8483941 18.5731691 23.0846141 18.5731691 0 P 0
L 22.9228807 17.5930517 22.9228807 17.8292737 0 P 0
L 22.9228807 17.7210037 22.9228807 17.9572237 0 P 0
L 22.9228827 16.4316344 22.9228827 16.6678544 0 P 0
L 22.9228827 16.5595864 22.9228827 16.7958064 0 P 0
L 22.9228827 17.0025006 22.9228827 17.2387206 0 P 0
L 22.9228827 17.1304526 22.9228827 17.3666746 0 P 0
L 22.9468181 18.4078151 22.9861881 18.4078151 0 P 0
L 22.9665041 18.3881291 22.9665041 18.4274991 0 P 0
L 23.0846141 18.2424611 23.0846141 18.5731691 0 P 0
L 23.1511502 18.1697051 23.1511502 18.4059251 0 P 0
L 23.1511502 18.1697051 23.4818582 18.1697051 0 P 0
L 23.1511502 18.4059251 23.4818582 18.4059251 0 P 0
L 23.2198897 19.0612794 23.2198897 19.2778154 0 P 0
L 23.2198897 19.0612794 23.5151657 19.0612794 0 P 0
L 23.2198897 19.2778154 23.5151657 19.2778154 0 P 0
L 23.2968202 18.2878151 23.3361902 18.2878151 0 P 0
L 23.3165042 18.2681311 23.3165042 18.3075011 0 P 0
L 23.3383941 18.2424611 23.3383941 18.5731691 0 P 0
L 23.3383941 18.2424611 23.5746141 18.2424611 0 P 0
L 23.3383941 18.5731691 23.5746141 18.5731691 0 P 0
L 23.3478417 19.1695474 23.3872137 19.1695474 0 P 0
L 23.3675277 19.1498634 23.3675277 19.1892334 0 P 0
L 23.4368181 18.4078151 23.4761881 18.4078151 0 P 0
L 23.4565041 18.3881291 23.4565041 18.4274991 0 P 0
L 23.4779994 17.5930517 23.4779994 17.8292717 0 P 0
L 23.4779994 17.5930517 23.8087074 17.5930517 0 P 0
L 23.4779994 17.7210037 23.4779994 17.9572237 0 P 0
L 23.4779994 17.7210037 23.8087074 17.7210037 0 P 0
L 23.4779994 17.8292717 23.8087074 17.8292717 0 P 0
L 23.4779994 17.9572237 23.8087074 17.9572237 0 P 0
L 23.4779995 16.4316344 23.4779995 16.6678544 0 P 0
L 23.4779995 16.4316344 23.8087095 16.4316344 0 P 0
L 23.4779995 16.5595864 23.4779995 16.7958064 0 P 0
L 23.4779995 16.5595864 23.8087095 16.5595864 0 P 0
L 23.4779995 16.6678544 23.8087095 16.6678544 0 P 0
L 23.4779995 16.7958064 23.8087095 16.7958064 0 P 0
L 23.4779995 17.0025005 23.4779995 17.2387205 0 P 0
L 23.4779995 17.0025005 23.8087095 17.0025005 0 P 0
L 23.4779995 17.1304525 23.4779995 17.3666745 0 P 0
L 23.4779995 17.1304525 23.8087095 17.1304525 0 P 0
L 23.4779995 17.2387205 23.8087095 17.2387205 0 P 0
L 23.4779995 17.3666745 23.8087095 17.3666745 0 P 0
L 23.4818582 18.1697051 23.4818582 18.4059251 0 P 0
L 23.5151657 19.0612794 23.5151657 19.2778154 0 P 0
L 23.5746141 18.2424611 23.5746141 18.5731691 0 P 0
L 23.6236674 17.8391137 23.6630374 17.8391137 0 P 0
L 23.6236694 17.7111617 23.6630394 17.7111617 0 P 0
L 23.6236695 16.5497444 23.6630395 16.5497444 0 P 0
L 23.6236695 16.6776964 23.6630395 16.6776964 0 P 0
L 23.6236695 17.1206105 23.6630395 17.1206105 0 P 0
L 23.6236695 17.2485625 23.6630395 17.2485625 0 P 0
L 23.6433534 17.6914777 23.6433534 17.7308477 0 P 0
L 23.6433534 17.8194297 23.6433534 17.8587997 0 P 0
L 23.6433535 17.1009265 23.6433535 17.1402965 0 P 0
L 23.6433535 17.2288785 23.6433535 17.2682485 0 P 0
L 23.6433555 16.5300584 23.6433555 16.5694284 0 P 0
L 23.6433555 16.6580124 23.6433555 16.6973824 0 P 0
L 23.8087074 17.5930517 23.8087074 17.8292717 0 P 0
L 23.8087074 17.7210037 23.8087074 17.9572237 0 P 0
L 23.8087095 16.4316344 23.8087095 16.6678544 0 P 0
L 23.8087095 16.5595864 23.8087095 16.7958064 0 P 0
L 23.8087095 17.0025005 23.8087095 17.2387205 0 P 0
L 23.8087095 17.1304525 23.8087095 17.3666745 0 P 0
L 23.9212292 18.2424611 23.9212292 18.5731691 0 P 0
L 23.9212292 18.2424611 24.1574492 18.2424611 0 P 0
L 23.9212292 18.5731691 24.1574492 18.5731691 0 P 0
L 24.0072913 19.0612794 24.0072913 19.2778154 0 P 0
L 24.0072913 19.0612794 24.3025673 19.0612794 0 P 0
L 24.0072913 19.2778154 24.3025673 19.2778154 0 P 0
L 24.0196532 18.4078151 24.0590232 18.4078151 0 P 0
L 24.0393392 18.3881291 24.0393392 18.4274991 0 P 0
L 24.1352433 19.1695474 24.1746153 19.1695474 0 P 0
L 24.1549293 19.1498634 24.1549293 19.1892334 0 P 0
L 24.1574492 18.2424611 24.1574492 18.5731691 0 P 0
L 24.2239849 18.1697051 24.2239849 18.4059251 0 P 0
L 24.2239849 18.1697051 24.5546929 18.1697051 0 P 0
L 24.2239849 18.4059251 24.5546929 18.4059251 0 P 0
L 24.3025673 19.0612794 24.3025673 19.2778154 0 P 0
L 24.3638262 16.4316344 24.3638262 16.6678544 0 P 0
L 24.3638262 16.4316344 24.6945362 16.4316344 0 P 0
L 24.3638262 16.5595864 24.3638262 16.7958064 0 P 0
L 24.3638262 16.5595864 24.6945362 16.5595864 0 P 0
L 24.3638262 16.6678544 24.6945362 16.6678544 0 P 0
L 24.3638262 16.7958064 24.6945362 16.7958064 0 P 0
L 24.3638262 17.0025006 24.3638262 17.2387206 0 P 0
L 24.3638262 17.0025006 24.6945342 17.0025006 0 P 0
L 24.3638262 17.1304526 24.3638262 17.3666746 0 P 0
L 24.3638262 17.1304526 24.6945342 17.1304526 0 P 0
L 24.3638262 17.2387206 24.6945342 17.2387206 0 P 0
L 24.3638262 17.3666746 24.6945342 17.3666746 0 P 0
L 24.3638262 17.5930517 24.3638262 17.8292717 0 P 0
L 24.3638262 17.5930517 24.6945342 17.5930517 0 P 0
L 24.3638262 17.7210037 24.3638262 17.9572237 0 P 0
L 24.3638262 17.7210037 24.6945342 17.7210037 0 P 0
L 24.3638262 17.8292717 24.6945342 17.8292717 0 P 0
L 24.3638262 17.9572237 24.6945342 17.9572237 0 P 0
L 24.3696549 18.2878151 24.4090249 18.2878151 0 P 0
L 24.3893389 18.2681311 24.3893389 18.3075011 0 P 0
L 24.4112292 18.2424611 24.4112292 18.5731691 0 P 0
L 24.4112292 18.2424611 24.6474492 18.2424611 0 P 0
L 24.4112292 18.5731691 24.6474492 18.5731691 0 P 0
L 24.5094942 17.8391137 24.5488642 17.8391137 0 P 0
L 24.5094962 16.5497444 24.5488662 16.5497444 0 P 0
L 24.5094962 16.6776964 24.5488662 16.6776964 0 P 0
L 24.5094962 17.1206106 24.5488662 17.1206106 0 P 0
L 24.5094962 17.2485626 24.5488662 17.2485626 0 P 0
L 24.5094962 17.7111617 24.5488662 17.7111617 0 P 0
L 24.5096532 18.4078151 24.5490232 18.4078151 0 P 0
L 24.5291802 17.1009266 24.5291802 17.1402966 0 P 0
L 24.5291802 17.2288786 24.5291802 17.2682486 0 P 0
L 24.5291802 17.6914777 24.5291802 17.7308477 0 P 0
L 24.5291802 17.8194297 24.5291802 17.8587997 0 P 0
L 24.5291822 16.5300584 24.5291822 16.5694284 0 P 0
L 24.5291822 16.6580124 24.5291822 16.6973824 0 P 0
L 24.5293392 18.3881291 24.5293392 18.4274991 0 P 0
L 24.5546929 18.1697051 24.5546929 18.4059251 0 P 0
L 24.6474492 18.2424611 24.6474492 18.5731691 0 P 0
L 24.6945342 17.0025006 24.6945342 17.2387206 0 P 0
L 24.6945342 17.1304526 24.6945342 17.3666746 0 P 0
L 24.6945342 17.5930517 24.6945342 17.8292717 0 P 0
L 24.6945342 17.7210037 24.6945342 17.9572237 0 P 0
L 24.6945362 16.4316344 24.6945362 16.6678544 0 P 0
L 24.6945362 16.5595864 24.6945362 16.7958064 0 P 0
L 24.7946928 19.0612794 24.7946928 19.2778154 0 P 0
L 24.7946928 19.0612794 25.0899688 19.0612794 0 P 0
L 24.7946928 19.2778154 25.0899688 19.2778154 0 P 0
L 24.9226448 19.1695474 24.9620168 19.1695474 0 P 0
L 24.9423308 19.1498634 24.9423308 19.1892334 0 P 0
L 24.9940637 18.2424611 24.9940637 18.5731691 0 P 0
L 24.9940637 18.2424611 25.2302837 18.2424611 0 P 0
L 24.9940637 18.5731691 25.2302837 18.5731691 0 P 0
L 25.0899688 19.0612794 25.0899688 19.2778154 0 P 0
L 25.0924877 18.4078151 25.1318577 18.4078151 0 P 0
L 25.1121737 18.3881291 25.1121737 18.4274991 0 P 0
L 25.2302837 18.2424611 25.2302837 18.5731691 0 P 0
L 25.249653 16.4316344 25.249653 16.6678544 0 P 0
L 25.249653 16.4316344 25.580363 16.4316344 0 P 0
L 25.249653 16.5595864 25.249653 16.7958064 0 P 0
L 25.249653 16.5595864 25.580363 16.5595864 0 P 0
L 25.249653 16.6678544 25.580363 16.6678544 0 P 0
L 25.249653 16.7958064 25.580363 16.7958064 0 P 0
L 25.249653 17.0025006 25.249653 17.2387206 0 P 0
L 25.249653 17.0025006 25.580361 17.0025006 0 P 0
L 25.249653 17.1304526 25.249653 17.3666746 0 P 0
L 25.249653 17.1304526 25.580361 17.1304526 0 P 0
L 25.249653 17.2387206 25.580361 17.2387206 0 P 0
L 25.249653 17.3666746 25.580361 17.3666746 0 P 0
L 25.249653 17.5930517 25.249653 17.8292737 0 P 0
L 25.249653 17.5930517 25.580361 17.5930517 0 P 0
L 25.249653 17.7210037 25.249653 17.9572237 0 P 0
L 25.249653 17.7210037 25.580361 17.7210037 0 P 0
L 25.249653 17.8292737 25.580361 17.8292737 0 P 0
L 25.249653 17.9572237 25.580361 17.9572237 0 P 0
L 25.2968195 18.1697051 25.2968195 18.4059251 0 P 0
L 25.2968195 18.1697051 25.6275275 18.1697051 0 P 0
L 25.2968195 18.4059251 25.6275275 18.4059251 0 P 0
L 25.395323 16.5497444 25.434693 16.5497444 0 P 0
L 25.395323 16.6776964 25.434693 16.6776964 0 P 0
L 25.395323 17.1206106 25.434693 17.1206106 0 P 0
L 25.395323 17.2485626 25.434693 17.2485626 0 P 0
L 25.395323 17.7111637 25.434693 17.7111637 0 P 0
L 25.395323 17.8391137 25.434693 17.8391137 0 P 0
L 25.415007 17.1009266 25.415007 17.1402966 0 P 0
L 25.415007 17.2288786 25.415007 17.2682486 0 P 0
L 25.415007 17.6914777 25.415007 17.7308477 0 P 0
L 25.415007 17.8194277 25.415007 17.8587977 0 P 0
L 25.415009 16.5300584 25.415009 16.5694284 0 P 0
L 25.415009 16.6580124 25.415009 16.6973824 0 P 0
L 25.4424895 18.2878151 25.4818595 18.2878151 0 P 0
L 25.4621735 18.2681311 25.4621735 18.3075011 0 P 0
L 25.4840637 18.2424611 25.4840637 18.5731691 0 P 0
L 25.4840637 18.2424611 25.7202837 18.2424611 0 P 0
L 25.4840637 18.5731691 25.7202837 18.5731691 0 P 0
L 25.580361 17.0025006 25.580361 17.2387206 0 P 0
L 25.580361 17.1304526 25.580361 17.3666746 0 P 0
L 25.580361 17.5930517 25.580361 17.8292737 0 P 0
L 25.580361 17.7210037 25.580361 17.9572237 0 P 0
L 25.580363 16.4316344 25.580363 16.6678544 0 P 0
L 25.580363 16.5595864 25.580363 16.7958064 0 P 0
L 25.5820944 19.0612794 25.5820944 19.2778154 0 P 0
L 25.5820944 19.0612794 25.8773684 19.0612794 0 P 0
L 25.5820944 19.2778154 25.8773684 19.2778154 0 P 0
L 25.5824877 18.4078151 25.6218577 18.4078151 0 P 0
L 25.6021737 18.3881291 25.6021737 18.4274991 0 P 0
L 25.6275275 18.1697051 25.6275275 18.4059251 0 P 0
L 25.7100464 19.1695474 25.7494164 19.1695474 0 P 0
L 25.7202837 18.2424611 25.7202837 18.5731691 0 P 0
L 25.7297324 19.1498614 25.7297324 19.1892314 0 P 0
L 25.8773684 19.0612794 25.8773684 19.2778154 0 P 0
L 26.0399677 17.4444292 26.0399677 18.1058472 0 P 0
L 26.0399677 17.4444292 26.7013857 17.4444292 0 P 0
L 26.0399677 18.1058472 26.7013857 18.1058472 0 P 0
L 26.3509917 17.7751392 26.3903617 17.7751392 0 P 0
L 26.3605902 18.454092 26.3605902 18.808422 0 P 0
L 26.3605902 18.454092 26.7149222 18.454092 0 P 0
L 26.3605902 18.808422 26.7149222 18.808422 0 P 0
L 26.3695907 19.1308312 26.3695907 19.4851612 0 P 0
L 26.3695907 19.1308312 26.7239207 19.1308312 0 P 0
L 26.3695907 19.4851612 26.7239207 19.4851612 0 P 0
L 26.3706777 17.7554532 26.3706777 17.7948232 0 P 0
L 26.5180702 18.631258 26.5574402 18.631258 0 P 0
L 26.5270707 19.3079972 26.5664407 19.3079972 0 P 0
L 26.5377562 18.611572 26.5377562 18.650942 0 P 0
L 26.5467567 19.2883112 26.5467567 19.3276812 0 P 0
L 26.6044573 16.6647055 26.6044573 16.9599815 0 P 0
L 26.6044573 16.6647055 26.8209933 16.6647055 0 P 0
L 26.6044573 16.9599815 26.8209933 16.9599815 0 P 0
L 26.6452152 16.241791 26.6452152 16.537067 0 P 0
L 26.6452152 16.241791 26.8617512 16.241791 0 P 0
L 26.6452152 16.537067 26.8617512 16.537067 0 P 0
L 26.6930393 16.8123435 26.7324093 16.8123435 0 P 0
L 26.7013857 17.4444292 26.7013857 18.1058472 0 P 0
L 26.7020006 17.0418697 26.7020006 17.3371457 0 P 0
L 26.7020006 17.0418697 26.9185366 17.0418697 0 P 0
L 26.7020006 17.3371457 26.9185366 17.3371457 0 P 0
L 26.7127253 16.7926575 26.7127253 16.8320295 0 P 0
L 26.7149222 18.454092 26.7149222 18.808422 0 P 0
L 26.7239207 19.1308312 26.7239207 19.4851612 0 P 0
L 26.7337972 16.389429 26.7731672 16.389429 0 P 0
L 26.7534832 16.369743 26.7534832 16.409115 0 P 0
L 26.7905826 17.1895077 26.8299526 17.1895077 0 P 0
L 26.8102686 17.1698217 26.8102686 17.2091937 0 P 0
L 26.8209933 16.6647055 26.8209933 16.9599815 0 P 0
L 26.8617512 16.241791 26.8617512 16.537067 0 P 0
L 26.9185366 17.0418697 26.9185366 17.3371457 0 P 0
