#Layer_Color=32768
#
#Feature symbol names
#
$0 r3.937
$1 r1.9685

#
#Feature attribute names
#

#
#Layer features
#
L 0.3818898 2.8146457 0.3818898 3.1453543 0 P 0
L 0.3818898 2.8146457 0.6181102 2.8146457 0 P 0
L 0.3818898 3.1453543 0.6181102 3.1453543 0 P 0
L 0.480315 2.98 0.519685 2.98 0 P 0
L 0.5 2.960315 0.5 2.999685 0 P 0
L 0.5118898 4.1346457 0.5118898 4.4653543 0 P 0
L 0.5118898 4.1346457 0.7481102 4.1346457 0 P 0
L 0.5118898 4.4653543 0.7481102 4.4653543 0 P 0
L 0.610315 4.3 0.649685 4.3 0 P 0
L 0.6181102 2.8146457 0.6181102 3.1453543 0 P 0
L 0.63 4.280315 0.63 4.319685 0 P 0
L 0.7481102 4.1346457 0.7481102 4.4653543 0 P 0
L 1.6588488 4.9833365 1.6588488 5.3632578 1 P 0
L 1.6588488 4.9833365 4.6938488 4.9833365 1 P 0
L 1.6588488 5.3632578 4.6938488 5.3632578 1 P 0
L 1.6738488 0.5429824 1.6738488 0.9229037 1 P 0
L 1.6738488 0.5429824 4.7088488 0.5429824 1 P 0
L 1.6738488 0.9229037 4.7088488 0.9229037 1 P 0
L 2.0525496 1.8151869 2.0525496 2.1951082 1 P 0
L 2.0525496 1.8151869 5.0875496 1.8151869 1 P 0
L 2.0525496 2.1951082 5.0875496 2.1951082 1 P 0
L 2.0675496 3.7111241 2.0675496 4.0910454 1 P 0
L 2.0675496 3.7111241 5.1025496 3.7111241 1 P 0
L 2.0675496 4.0910454 5.1025496 4.0910454 1 P 0
L 3.1641637 5.1723129 3.2035337 5.1723129 1 P 0
L 3.1641639 0.7339273 3.2035339 0.7339273 1 P 0
L 3.1838487 5.1526279 3.1838487 5.1919979 1 P 0
L 3.1838489 0.7142423 3.1838489 0.7536123 1 P 0
L 3.5578645 2.0041633 3.5972345 2.0041633 1 P 0
L 3.5578647 3.902069 3.5972347 3.902069 1 P 0
L 3.5775495 1.9844783 3.5775495 2.0238483 1 P 0
L 3.5775497 3.882384 3.5775497 3.921754 1 P 0
L 4.6938488 4.9833365 4.6938488 5.3632578 1 P 0
L 4.7088488 0.5429824 4.7088488 0.9229037 1 P 0
L 5.0875496 1.8151869 5.0875496 2.1951082 1 P 0
L 5.1025496 3.7111241 5.1025496 4.0910454 1 P 0
L 5.6349984 2.8740532 5.6349984 3.1102736 0 P 0
L 5.6349984 2.8740532 5.965707 2.8740532 0 P 0
L 5.6349984 3.1102736 5.965707 3.1102736 0 P 0
L 5.7806677 2.9921634 5.8200377 2.9921634 0 P 0
L 5.8003527 2.9724784 5.8003527 3.0118484 0 P 0
L 5.965707 2.8740532 5.965707 3.1102736 0 P 0
L 6.1549984 3.3140532 6.1549984 3.5502736 0 P 0
L 6.1549984 3.3140532 6.485707 3.3140532 0 P 0
L 6.1549984 3.5502736 6.485707 3.5502736 0 P 0
L 6.1619984 2.3760532 6.1619984 2.6122736 0 P 0
L 6.1619984 2.3760532 6.492707 2.3760532 0 P 0
L 6.1619984 2.6122736 6.492707 2.6122736 0 P 0
L 6.3006677 3.4321634 6.3400377 3.4321634 0 P 0
L 6.3076677 2.4941634 6.3470377 2.4941634 0 P 0
L 6.3203527 3.4124784 6.3203527 3.4518484 0 P 0
L 6.3273527 2.4744784 6.3273527 2.5138484 0 P 0
L 6.485707 3.3140532 6.485707 3.5502736 0 P 0
L 6.492707 2.3760532 6.492707 2.6122736 0 P 0
L 6.8819984 2.3660532 6.8819984 2.6022736 0 P 0
L 6.8819984 2.3660532 7.212707 2.3660532 0 P 0
L 6.8819984 2.6022736 7.212707 2.6022736 0 P 0
L 6.8849984 3.3140532 6.8849984 3.5502736 0 P 0
L 6.8849984 3.3140532 7.215707 3.3140532 0 P 0
L 6.8849984 3.5502736 7.215707 3.5502736 0 P 0
L 7.0276677 2.4841634 7.0670377 2.4841634 0 P 0
L 7.0306677 3.4321634 7.0700377 3.4321634 0 P 0
L 7.0473527 2.4644784 7.0473527 2.5038484 0 P 0
L 7.0503527 3.4124784 7.0503527 3.4518484 0 P 0
L 7.212707 2.3660532 7.212707 2.6022736 0 P 0
L 7.215707 3.3140532 7.215707 3.5502736 0 P 0
L 7.6254945 3.2810532 7.6254945 3.5172736 0 P 0
L 7.6254945 3.2810532 7.9562031 3.2810532 0 P 0
L 7.6254945 3.5172736 7.9562031 3.5172736 0 P 0
L 7.6449906 2.3860532 7.6449906 2.6222736 0 P 0
L 7.6449906 2.3860532 7.9756992 2.3860532 0 P 0
L 7.6449906 2.6222736 7.9756992 2.6222736 0 P 0
L 7.7711638 3.3991634 7.8105338 3.3991634 0 P 0
L 7.7906599 2.5041634 7.8300299 2.5041634 0 P 0
L 7.7908488 3.3794784 7.7908488 3.4188484 0 P 0
L 7.8103449 2.4844784 7.8103449 2.5238484 0 P 0
L 7.9562031 3.2810532 7.9562031 3.5172736 0 P 0
L 7.9756992 2.3860532 7.9756992 2.6222736 0 P 0
