#Layer_Color=32768
#
#Feature symbol names
#
$0 r6
$1 r2
$2 r7
$3 r4
$4 rect68x25

#
#Feature attribute names
#

#
#Layer features
#
L 14.0829496 10.4261991 14.0829496 10.4761991 0 P 0
L 14.0829496 10.4261991 14.1629496 10.4261991 0 P 0
L 14.0829496 10.4761991 14.1629496 10.4761991 0 P 0
L 14.0829996 11.0169841 14.0829996 11.0669841 0 P 0
L 14.0829996 11.0169841 14.1629996 11.0169841 0 P 0
L 14.0829996 11.0669841 14.1629996 11.0669841 0 P 0
L 14.0902125 11.6076849 14.0902125 11.6576849 0 P 0
L 14.0902125 11.6076849 14.1702125 11.6076849 0 P 0
L 14.0902125 11.6576849 14.1702125 11.6576849 0 P 0
L 14.0989496 10.4261991 14.0989496 10.4761991 1 P 0
L 14.0989996 11.0169841 14.0989996 11.0669841 1 P 0
L 14.1062125 11.6076849 14.1062125 11.6576849 1 P 0
L 14.1209996 11.2329841 14.1209996 11.2829841 0 P 0
L 14.1209996 11.2329841 14.2009996 11.2329841 0 P 0
L 14.1209996 11.2829841 14.2009996 11.2829841 0 P 0
L 14.1262125 10.6446849 14.1262125 10.6946849 0 P 0
L 14.1262125 10.6446849 14.2062125 10.6446849 0 P 0
L 14.1262125 10.6946849 14.2062125 10.6946849 0 P 0
L 14.1279496 10.4261991 14.1279496 10.4761991 0 P 0
L 14.1279496 10.4261991 14.2079496 10.4261991 0 P 0
L 14.1279496 10.4761991 14.2079496 10.4761991 0 P 0
L 14.1279996 11.0169841 14.1279996 11.0669841 0 P 0
L 14.1279996 11.0169841 14.2079996 11.0169841 0 P 0
L 14.1279996 11.0669841 14.2079996 11.0669841 0 P 0
L 14.1309996 10.0479841 14.1309996 10.0979841 0 P 0
L 14.1309996 10.0479841 14.2109996 10.0479841 0 P 0
L 14.1309996 10.0979841 14.2109996 10.0979841 0 P 0
L 14.1319496 10.0561991 14.1319496 10.1061991 0 P 0
L 14.1319496 10.0561991 14.2119496 10.0561991 0 P 0
L 14.1319496 10.1061991 14.2119496 10.1061991 0 P 0
L 14.1322125 10.6496849 14.1322125 10.6996849 0 P 0
L 14.1322125 10.6496849 14.2122125 10.6496849 0 P 0
L 14.1322125 10.6996849 14.2122125 10.6996849 0 P 0
L 14.1349496 11.6036943 14.1349496 11.6536943 0 P 0
L 14.1349496 11.6036943 14.2149496 11.6036943 0 P 0
L 14.1349496 11.6536943 14.2149496 11.6536943 0 P 0
L 14.1369996 11.2329841 14.1369996 11.2829841 1 P 0
L 14.1389496 11.2336943 14.1389496 11.2836943 0 P 0
L 14.1389496 11.2336943 14.2189496 11.2336943 0 P 0
L 14.1389496 11.2836943 14.2189496 11.2836943 0 P 0
L 14.1422125 10.6446849 14.1422125 10.6946849 1 P 0
L 14.1439496 10.4261991 14.1439496 10.4761991 1 P 0
L 14.1439996 11.0169841 14.1439996 11.0669841 1 P 0
L 14.1469496 10.4261991 14.1469496 10.4761991 1 P 0
L 14.1469996 10.0479841 14.1469996 10.0979841 1 P 0
L 14.1469996 11.0169841 14.1469996 11.0669841 1 P 0
L 14.1479496 10.0561991 14.1479496 10.1061991 1 P 0
L 14.1482125 10.6496849 14.1482125 10.6996849 1 P 0
L 14.1509496 11.6036943 14.1509496 11.6536943 1 P 0
L 14.1542125 11.6076849 14.1542125 11.6576849 1 P 0
L 14.1549496 11.2336943 14.1549496 11.2836943 1 P 0
L 14.1629496 10.4261991 14.1629496 10.4761991 0 P 0
L 14.1629996 11.0169841 14.1629996 11.0669841 0 P 0
L 14.1702125 11.6076849 14.1702125 11.6576849 0 P 0
L 14.1849996 11.2329841 14.1849996 11.2829841 1 P 0
L 14.1902125 10.6446849 14.1902125 10.6946849 1 P 0
L 14.1919496 10.4261991 14.1919496 10.4761991 1 P 0
L 14.1919996 11.0169841 14.1919996 11.0669841 1 P 0
L 14.1949996 10.0479841 14.1949996 10.0979841 1 P 0
L 14.1959496 10.0561991 14.1959496 10.1061991 1 P 0
L 14.1962125 10.6496849 14.1962125 10.6996849 1 P 0
L 14.1989496 11.6036943 14.1989496 11.6536943 1 P 0
L 14.2009996 11.2329841 14.2009996 11.2829841 0 P 0
L 14.2029496 11.2336943 14.2029496 11.2836943 1 P 0
L 14.2062125 10.6446849 14.2062125 10.6946849 0 P 0
L 14.2079496 10.4261991 14.2079496 10.4761991 0 P 0
L 14.2079996 11.0169841 14.2079996 11.0669841 0 P 0
L 14.2109996 10.0479841 14.2109996 10.0979841 0 P 0
L 14.2119496 10.0561991 14.2119496 10.1061991 0 P 0
L 14.2122125 10.6496849 14.2122125 10.6996849 0 P 0
L 14.2149496 11.6036943 14.2149496 11.6536943 0 P 0
L 14.2189496 11.2336943 14.2189496 11.2836943 0 P 0
L 14.3589496 10.4275841 14.3589496 10.4775841 0 P 0
L 14.3589496 10.4275841 14.4389496 10.4275841 0 P 0
L 14.3589496 10.4775841 14.4389496 10.4775841 0 P 0
L 14.3609996 11.0179841 14.3609996 11.0679841 0 P 0
L 14.3609996 11.0179841 14.4409996 11.0179841 0 P 0
L 14.3609996 11.0679841 14.4409996 11.0679841 0 P 0
L 14.3612125 11.6076849 14.3612125 11.6576849 0 P 0
L 14.3612125 11.6076849 14.4412125 11.6076849 0 P 0
L 14.3612125 11.6576849 14.4412125 11.6576849 0 P 0
L 14.3629496 10.0575841 14.3629496 10.1075841 0 P 0
L 14.3629496 10.0575841 14.4429496 10.0575841 0 P 0
L 14.3629496 10.1075841 14.4429496 10.1075841 0 P 0
L 14.3649496 11.2367643 14.3649496 11.2867643 0 P 0
L 14.3649496 11.2367643 14.4449496 11.2367643 0 P 0
L 14.3649496 11.2867643 14.4449496 11.2867643 0 P 0
L 14.3649996 10.6479841 14.3649996 10.6979841 0 P 0
L 14.3649996 10.6479841 14.4449996 10.6479841 0 P 0
L 14.3649996 10.6979841 14.4449996 10.6979841 0 P 0
L 14.3749496 10.4275841 14.3749496 10.4775841 1 P 0
L 14.3769996 11.0179841 14.3769996 11.0679841 1 P 0
L 14.3772125 11.6076849 14.3772125 11.6576849 1 P 0
L 14.3789496 10.0575841 14.3789496 10.1075841 1 P 0
L 14.3809496 11.2367643 14.3809496 11.2867643 1 P 0
L 14.3809996 10.6479841 14.3809996 10.6979841 1 P 0
L 14.4039496 10.4275841 14.4039496 10.4775841 0 P 0
L 14.4039496 10.4275841 14.4839496 10.4275841 0 P 0
L 14.4039496 10.4775841 14.4839496 10.4775841 0 P 0
L 14.4059496 11.6067643 14.4059496 11.6567643 0 P 0
L 14.4059496 11.6067643 14.4859496 11.6067643 0 P 0
L 14.4059496 11.6567643 14.4859496 11.6567643 0 P 0
L 14.4059996 11.0179841 14.4059996 11.0679841 0 P 0
L 14.4059996 11.0179841 14.4859996 11.0179841 0 P 0
L 14.4059996 11.0679841 14.4859996 11.0679841 0 P 0
L 14.4079496 10.0575841 14.4079496 10.1075841 0 P 0
L 14.4079496 10.0575841 14.4879496 10.0575841 0 P 0
L 14.4079496 10.1075841 14.4879496 10.1075841 0 P 0
L 14.4099496 11.2367643 14.4099496 11.2867643 0 P 0
L 14.4099496 11.2367643 14.4899496 11.2367643 0 P 0
L 14.4099496 11.2867643 14.4899496 11.2867643 0 P 0
L 14.4099996 10.6479841 14.4099996 10.6979841 0 P 0
L 14.4099996 10.6479841 14.4899996 10.6479841 0 P 0
L 14.4099996 10.6979841 14.4899996 10.6979841 0 P 0
L 14.4199496 10.4275841 14.4199496 10.4775841 1 P 0
L 14.4219496 11.6067643 14.4219496 11.6567643 1 P 0
L 14.4219996 11.0179841 14.4219996 11.0679841 1 P 0
L 14.4229496 10.4275841 14.4229496 10.4775841 1 P 0
L 14.4239496 10.0575841 14.4239496 10.1075841 1 P 0
L 14.4249996 11.0179841 14.4249996 11.0679841 1 P 0
L 14.4252125 11.6076849 14.4252125 11.6576849 1 P 0
L 14.4259496 11.2367643 14.4259496 11.2867643 1 P 0
L 14.4259996 10.6479841 14.4259996 10.6979841 1 P 0
L 14.4269496 10.0575841 14.4269496 10.1075841 1 P 0
L 14.4289496 11.2367643 14.4289496 11.2867643 1 P 0
L 14.4289996 10.6479841 14.4289996 10.6979841 1 P 0
L 14.4389496 10.4275841 14.4389496 10.4775841 0 P 0
L 14.4409996 11.0179841 14.4409996 11.0679841 0 P 0
L 14.4412125 11.6076849 14.4412125 11.6576849 0 P 0
L 14.4429496 10.0575841 14.4429496 10.1075841 0 P 0
L 14.4449496 11.2367643 14.4449496 11.2867643 0 P 0
L 14.4449996 10.6479841 14.4449996 10.6979841 0 P 0
L 14.4679496 10.4275841 14.4679496 10.4775841 1 P 0
L 14.4699496 11.6067643 14.4699496 11.6567643 1 P 0
L 14.4699996 11.0179841 14.4699996 11.0679841 1 P 0
L 14.4719496 10.0575841 14.4719496 10.1075841 1 P 0
L 14.4739496 11.2367643 14.4739496 11.2867643 1 P 0
L 14.4739996 10.6479841 14.4739996 10.6979841 1 P 0
L 14.4839496 10.4275841 14.4839496 10.4775841 0 P 0
L 14.4859496 11.6067643 14.4859496 11.6567643 0 P 0
L 14.4859996 11.0179841 14.4859996 11.0679841 0 P 0
L 14.4879496 10.0575841 14.4879496 10.1075841 0 P 0
L 14.4899496 11.2367643 14.4899496 11.2867643 0 P 0
L 14.4899996 10.6479841 14.4899996 10.6979841 0 P 0
L 14.6309496 10.4276541 14.6309496 10.4776541 0 P 0
L 14.6309496 10.4276541 14.7109496 10.4276541 0 P 0
L 14.6309496 10.4776541 14.7109496 10.4776541 0 P 0
L 14.6349496 10.0576541 14.6349496 10.1076541 0 P 0
L 14.6349496 10.0576541 14.7149496 10.0576541 0 P 0
L 14.6349496 10.1076541 14.7149496 10.1076541 0 P 0
L 14.6359996 11.6079843 14.6359996 11.6579843 0 P 0
L 14.6359996 11.6079843 14.7159996 11.6079843 0 P 0
L 14.6359996 11.6579843 14.7159996 11.6579843 0 P 0
L 14.6369996 11.0189841 14.6369996 11.0689841 0 P 0
L 14.6369996 11.0189841 14.7169996 11.0189841 0 P 0
L 14.6369996 11.0689841 14.7169996 11.0689841 0 P 0
L 14.6399996 11.2379843 14.6399996 11.2879843 0 P 0
L 14.6399996 11.2379843 14.7199996 11.2379843 0 P 0
L 14.6399996 11.2879843 14.7199996 11.2879843 0 P 0
L 14.6409996 10.6489841 14.6409996 10.6989841 0 P 0
L 14.6409996 10.6489841 14.7209996 10.6489841 0 P 0
L 14.6409996 10.6989841 14.7209996 10.6989841 0 P 0
L 14.6469496 10.4276541 14.6469496 10.4776541 1 P 0
L 14.6509496 10.0576541 14.6509496 10.1076541 1 P 0
L 14.6519996 11.6079843 14.6519996 11.6579843 1 P 0
L 14.6529996 11.0189841 14.6529996 11.0689841 1 P 0
L 14.6559996 11.2379843 14.6559996 11.2879843 1 P 0
L 14.6569996 10.6489841 14.6569996 10.6989841 1 P 0
L 14.6759496 10.4276541 14.6759496 10.4776541 0 P 0
L 14.6759496 10.4276541 14.7559496 10.4276541 0 P 0
L 14.6759496 10.4776541 14.7559496 10.4776541 0 P 0
L 14.6799496 10.0576541 14.6799496 10.1076541 0 P 0
L 14.6799496 10.0576541 14.7599496 10.0576541 0 P 0
L 14.6799496 10.1076541 14.7599496 10.1076541 0 P 0
L 14.6809996 11.6079843 14.6809996 11.6579843 0 P 0
L 14.6809996 11.6079843 14.7609996 11.6079843 0 P 0
L 14.6809996 11.6579843 14.7609996 11.6579843 0 P 0
L 14.6819996 11.0189841 14.6819996 11.0689841 0 P 0
L 14.6819996 11.0189841 14.7619996 11.0189841 0 P 0
L 14.6819996 11.0689841 14.7619996 11.0689841 0 P 0
L 14.6849996 11.2379843 14.6849996 11.2879843 0 P 0
L 14.6849996 11.2379843 14.7649996 11.2379843 0 P 0
L 14.6849996 11.2879843 14.7649996 11.2879843 0 P 0
L 14.6859996 10.6489841 14.6859996 10.6989841 0 P 0
L 14.6859996 10.6489841 14.7659996 10.6489841 0 P 0
L 14.6859996 10.6989841 14.7659996 10.6989841 0 P 0
L 14.6919496 10.4276541 14.6919496 10.4776541 1 P 0
L 14.6949496 10.4276541 14.6949496 10.4776541 1 P 0
L 14.6959496 10.0576541 14.6959496 10.1076541 1 P 0
L 14.6969996 11.6079843 14.6969996 11.6579843 1 P 0
L 14.6979996 11.0189841 14.6979996 11.0689841 1 P 0
L 14.6989496 10.0576541 14.6989496 10.1076541 1 P 0
L 14.6999996 11.6079843 14.6999996 11.6579843 1 P 0
L 14.7009996 11.0189841 14.7009996 11.0689841 1 P 0
L 14.7009996 11.2379843 14.7009996 11.2879843 1 P 0
L 14.7019996 10.6489841 14.7019996 10.6989841 1 P 0
L 14.7039996 11.2379843 14.7039996 11.2879843 1 P 0
L 14.7049996 10.6489841 14.7049996 10.6989841 1 P 0
L 14.7109496 10.4276541 14.7109496 10.4776541 0 P 0
L 14.7149496 10.0576541 14.7149496 10.1076541 0 P 0
L 14.7159996 11.6079843 14.7159996 11.6579843 0 P 0
L 14.7169996 11.0189841 14.7169996 11.0689841 0 P 0
L 14.7199996 11.2379843 14.7199996 11.2879843 0 P 0
L 14.7209996 10.6489841 14.7209996 10.6989841 0 P 0
L 14.7399496 10.4276541 14.7399496 10.4776541 1 P 0
L 14.7439496 10.0576541 14.7439496 10.1076541 1 P 0
L 14.7449996 11.6079843 14.7449996 11.6579843 1 P 0
L 14.7459996 11.0189841 14.7459996 11.0689841 1 P 0
L 14.7489996 11.2379843 14.7489996 11.2879843 1 P 0
L 14.7499996 10.6489841 14.7499996 10.6989841 1 P 0
L 14.7559496 10.4276541 14.7559496 10.4776541 0 P 0
L 14.7599496 10.0576541 14.7599496 10.1076541 0 P 0
L 14.7609996 11.6079843 14.7609996 11.6579843 0 P 0
L 14.7619996 11.0189841 14.7619996 11.0689841 0 P 0
L 14.7649996 11.2379843 14.7649996 11.2879843 0 P 0
L 14.7659996 10.6489841 14.7659996 10.6989841 0 P 0
L 14.9079996 10.4269841 14.9079996 10.4769841 0 P 0
L 14.9079996 10.4269841 14.9879996 10.4269841 0 P 0
L 14.9079996 10.4769841 14.9879996 10.4769841 0 P 0
L 14.9119996 10.0569841 14.9119996 10.1069841 0 P 0
L 14.9119996 10.0569841 14.9919996 10.0569841 0 P 0
L 14.9119996 10.1069841 14.9919996 10.1069841 0 P 0
L 14.9119996 11.6079841 14.9119996 11.6579841 0 P 0
L 14.9119996 11.6079841 14.9919996 11.6079841 0 P 0
L 14.9119996 11.6579841 14.9919996 11.6579841 0 P 0
L 14.9142125 11.0176849 14.9142125 11.0676849 0 P 0
L 14.9142125 11.0176849 14.9942125 11.0176849 0 P 0
L 14.9142125 11.0676849 14.9942125 11.0676849 0 P 0
L 14.9159996 11.2379841 14.9159996 11.2879841 0 P 0
L 14.9159996 11.2379841 14.9959996 11.2379841 0 P 0
L 14.9159996 11.2879841 14.9959996 11.2879841 0 P 0
L 14.9179996 10.6459841 14.9179996 10.6959841 0 P 0
L 14.9179996 10.6459841 14.9979996 10.6459841 0 P 0
L 14.9179996 10.6959841 14.9979996 10.6959841 0 P 0
L 14.9239996 10.4269841 14.9239996 10.4769841 1 P 0
L 14.9279996 10.0569841 14.9279996 10.1069841 1 P 0
L 14.9279996 11.6079841 14.9279996 11.6579841 1 P 0
L 14.9302125 11.0176849 14.9302125 11.0676849 1 P 0
L 14.9319996 11.2379841 14.9319996 11.2879841 1 P 0
L 14.9339996 10.6459841 14.9339996 10.6959841 1 P 0
L 14.9529996 10.4269841 14.9529996 10.4769841 0 P 0
L 14.9529996 10.4269841 15.0329996 10.4269841 0 P 0
L 14.9529996 10.4769841 15.0329996 10.4769841 0 P 0
L 14.9569996 10.0569841 14.9569996 10.1069841 0 P 0
L 14.9569996 10.0569841 15.0369996 10.0569841 0 P 0
L 14.9569996 10.1069841 15.0369996 10.1069841 0 P 0
L 14.9569996 11.6079841 14.9569996 11.6579841 0 P 0
L 14.9569996 11.6079841 15.0369996 11.6079841 0 P 0
L 14.9569996 11.6579841 15.0369996 11.6579841 0 P 0
L 14.9589996 11.0159841 14.9589996 11.0659841 0 P 0
L 14.9589996 11.0159841 15.0389996 11.0159841 0 P 0
L 14.9589996 11.0659841 15.0389996 11.0659841 0 P 0
L 14.9609996 11.2379841 14.9609996 11.2879841 0 P 0
L 14.9609996 11.2379841 15.0409996 11.2379841 0 P 0
L 14.9609996 11.2879841 15.0409996 11.2879841 0 P 0
L 14.9629996 10.6459841 14.9629996 10.6959841 0 P 0
L 14.9629996 10.6459841 15.0429996 10.6459841 0 P 0
L 14.9629996 10.6959841 15.0429996 10.6959841 0 P 0
L 14.9689996 10.4269841 14.9689996 10.4769841 1 P 0
L 14.9719996 10.4269841 14.9719996 10.4769841 1 P 0
L 14.9729996 10.0569841 14.9729996 10.1069841 1 P 0
L 14.9729996 11.6079841 14.9729996 11.6579841 1 P 0
L 14.9749996 11.0159841 14.9749996 11.0659841 1 P 0
L 14.9759996 10.0569841 14.9759996 10.1069841 1 P 0
L 14.9759996 11.6079841 14.9759996 11.6579841 1 P 0
L 14.9769996 11.2379841 14.9769996 11.2879841 1 P 0
L 14.9782125 11.0176849 14.9782125 11.0676849 1 P 0
L 14.9789996 10.6459841 14.9789996 10.6959841 1 P 0
L 14.9799996 11.2379841 14.9799996 11.2879841 1 P 0
L 14.9819996 10.6459841 14.9819996 10.6959841 1 P 0
L 14.9879996 10.4269841 14.9879996 10.4769841 0 P 0
L 14.9919996 10.0569841 14.9919996 10.1069841 0 P 0
L 14.9919996 11.6079841 14.9919996 11.6579841 0 P 0
L 14.9942125 11.0176849 14.9942125 11.0676849 0 P 0
L 14.9959996 11.2379841 14.9959996 11.2879841 0 P 0
L 14.9979996 10.6459841 14.9979996 10.6959841 0 P 0
L 15.0169996 10.4269841 15.0169996 10.4769841 1 P 0
L 15.0209996 10.0569841 15.0209996 10.1069841 1 P 0
L 15.0209996 11.6079841 15.0209996 11.6579841 1 P 0
L 15.0229996 11.0159841 15.0229996 11.0659841 1 P 0
L 15.0249996 11.2379841 15.0249996 11.2879841 1 P 0
L 15.0269996 10.6459841 15.0269996 10.6959841 1 P 0
L 15.0329996 10.4269841 15.0329996 10.4769841 0 P 0
L 15.0369996 10.0569841 15.0369996 10.1069841 0 P 0
L 15.0369996 11.6079841 15.0369996 11.6579841 0 P 0
L 15.0389996 11.0159841 15.0389996 11.0659841 0 P 0
L 15.0409996 11.2379841 15.0409996 11.2879841 0 P 0
L 15.0429996 10.6459841 15.0429996 10.6959841 0 P 0
L 15.1583224 11.1376691 15.1583224 11.2176691 0 P 0
L 15.1583224 11.1376691 15.2083224 11.1376691 0 P 0
L 15.1583224 11.1536691 15.2083224 11.1536691 1 P 0
L 15.1583224 11.2016691 15.2083224 11.2016691 1 P 0
L 15.1583224 11.2176691 15.2083224 11.2176691 0 P 0
L 15.1653697 10.8895983 15.1653697 10.9695983 0 P 0
L 15.1653697 10.8895983 15.2153697 10.8895983 0 P 0
L 15.1653697 10.9055983 15.2153697 10.9055983 1 P 0
L 15.1653697 10.9535983 15.2153697 10.9535983 1 P 0
L 15.1653697 10.9695983 15.2153697 10.9695983 0 P 0
L 15.2083224 11.1376691 15.2083224 11.2176691 0 P 0
L 15.2153697 10.8895983 15.2153697 10.9695983 0 P 0
L 15.4078027 11.0908896 15.4078027 11.1708896 0 P 0
L 15.4078027 11.0908896 15.4578027 11.0908896 0 P 0
L 15.4078027 11.1068896 15.4578027 11.1068896 1 P 0
L 15.4078027 11.1548896 15.4578027 11.1548896 1 P 0
L 15.4078027 11.1708896 15.4578027 11.1708896 0 P 0
L 15.4141621 10.8428054 15.4141621 10.9228054 0 P 0
L 15.4141621 10.8428054 15.4641621 10.8428054 0 P 0
L 15.4141621 10.8588054 15.4641621 10.8588054 1 P 0
L 15.4141621 10.9068054 15.4641621 10.9068054 1 P 0
L 15.4141621 10.9228054 15.4641621 10.9228054 0 P 0
L 15.4578027 11.0908896 15.4578027 11.1708896 0 P 0
L 15.4641621 10.8428054 15.4641621 10.9228054 0 P 0
L 15.475409 11.2992439 15.475409 11.3792439 0 P 0
L 15.475409 11.2992439 15.525409 11.2992439 0 P 0
L 15.475409 11.3152439 15.525409 11.3152439 1 P 0
L 15.475409 11.3632439 15.525409 11.3632439 1 P 0
L 15.475409 11.3792439 15.525409 11.3792439 0 P 0
L 15.4877528 10.6179612 15.4877528 10.6979612 0 P 0
L 15.4877528 10.6179612 15.5377528 10.6179612 0 P 0
L 15.4877528 10.6339612 15.5377528 10.6339612 1 P 0
L 15.4877528 10.6819612 15.5377528 10.6819612 1 P 0
L 15.4877528 10.6979612 15.5377528 10.6979612 0 P 0
L 15.525409 11.2992439 15.525409 11.3792439 0 P 0
L 15.5359602 11.4873541 15.5359602 11.5673541 0 P 0
L 15.5359602 11.4873541 15.5859602 11.4873541 0 P 0
L 15.5359602 11.5033541 15.5859602 11.5033541 1 P 0
L 15.5359602 11.5513541 15.5859602 11.5513541 1 P 0
L 15.5359602 11.5673541 15.5859602 11.5673541 0 P 0
L 15.5377528 10.6179612 15.5377528 10.6979612 0 P 0
L 15.5859602 11.4873541 15.5859602 11.5673541 0 P 0
L 15.6700231 11.0399999 15.6700231 11.1199999 0 P 0
L 15.6700231 11.0399999 15.7200231 11.0399999 0 P 0
L 15.6700231 11.0559999 15.7200231 11.0559999 1 P 0
L 15.6700231 11.1039999 15.7200231 11.1039999 1 P 0
L 15.6700231 11.1199999 15.7200231 11.1199999 0 P 0
L 15.6763826 10.8016707 15.6763826 10.8816707 0 P 0
L 15.6763826 10.8016707 15.7263826 10.8016707 0 P 0
L 15.6763826 10.8176707 15.7263826 10.8176707 1 P 0
L 15.6763826 10.8656707 15.7263826 10.8656707 1 P 0
L 15.6763826 10.8816707 15.7263826 10.8816707 0 P 0
L 15.7200231 11.0399999 15.7200231 11.1199999 0 P 0
L 15.7263826 10.8016707 15.7263826 10.8816707 0 P 0
L 15.7295035 11.2482991 15.7295035 11.3282991 0 P 0
L 15.7295035 11.2482991 15.7795035 11.2482991 0 P 0
L 15.7295035 11.2642991 15.7795035 11.2642991 1 P 0
L 15.7295035 11.3122991 15.7795035 11.3122991 1 P 0
L 15.7295035 11.3282991 15.7795035 11.3282991 0 P 0
L 15.7423618 10.5841416 15.7423618 10.6641416 0 P 0
L 15.7423618 10.5841416 15.7923618 10.5841416 0 P 0
L 15.7423618 10.6001416 15.7923618 10.6001416 1 P 0
L 15.7423618 10.6481416 15.7923618 10.6481416 1 P 0
L 15.7423618 10.6641416 15.7923618 10.6641416 0 P 0
L 15.7759602 11.4473541 15.7759602 11.5273541 0 P 0
L 15.7759602 11.4473541 15.8259602 11.4473541 0 P 0
L 15.7759602 11.4633541 15.8259602 11.4633541 1 P 0
L 15.7759602 11.5113541 15.8259602 11.5113541 1 P 0
L 15.7759602 11.5273541 15.8259602 11.5273541 0 P 0
L 15.7795035 11.2482991 15.7795035 11.3282991 0 P 0
L 15.7923618 10.5841416 15.7923618 10.6641416 0 P 0
L 15.8259602 11.4473541 15.8259602 11.5273541 0 P 0
L 16.4119996 10.3669841 16.4119996 10.4889841 0 P 0
L 16.4119996 10.3669841 16.4799996 10.3669841 0 P 0
L 16.4119996 10.4639841 16.4799996 10.4639841 3 P 0
L 16.4119996 10.4889841 16.4799996 10.4889841 0 P 0
L 16.4249996 10.3619841 16.4249996 10.3669841 3 P 0
L 16.4249996 10.3619841 16.4669996 10.3619841 3 P 0
L 16.4249996 10.4889841 16.4249996 10.4939841 3 P 0
L 16.4249996 10.4939841 16.4669996 10.4939841 3 P 0
L 16.4669996 10.3619841 16.4669996 10.3669841 3 P 0
L 16.4669996 10.4889841 16.4669996 10.4939841 3 P 0
L 16.4799996 10.3669841 16.4799996 10.4889841 0 P 0
L 16.4809996 10.5469841 16.5109996 10.5469841 2 P 0
L 16.4959996 10.5319841 16.4959996 10.5619841 2 P 0
P 16.4460008 10.476482 4 P 0 0
