#Layer_Color=16711935
#
#Feature symbol names
#
$0 r3.937

#
#Feature attribute names
#

#
#Layer features
#
A 5.6826929 1.6023071 5.6826929 1.6023071 5.6630079 1.6023071 0 P 0 N
A 7.5003936 0.5968504 7.5003936 0.5968504 7.4807086 0.5968504 0 P 0 N
A 7.5029921 0.2366929 7.5029921 0.2366929 7.4833071 0.2366929 0 P 0 N
L 2.979071 2.8687402 2.979071 3.1325198 0 P 0
L 2.979071 2.8687402 3.2231655 2.8687403 0 P 0
L 2.979071 3.1325198 3.2231655 3.1325198 0 P 0
L 2.9800157 2.1765354 2.9800157 2.440315 0 P 0
L 2.9800157 2.1765354 3.2241102 2.1765355 0 P 0
L 2.9800157 2.440315 3.2241102 2.440315 0 P 0
L 3.2231655 2.8687403 3.2231655 3.1325198 0 P 0
L 3.2241102 2.1765355 3.2241102 2.440315 0 P 0
L 5.225874 3.1949291 5.2258741 2.9508346 0 P 0
L 5.225874 3.1949291 5.4896536 3.1949291 0 P 0
L 5.2258741 2.9508346 5.4896536 2.9508346 0 P 0
L 5.4896536 2.9508346 5.4896536 3.1949291 0 P 0
L 5.6275748 1.4802598 5.6275748 1.6377402 0 P 0
L 5.6275748 1.4802598 5.8244252 1.4802598 0 P 0
L 5.6275748 1.6377402 5.8244252 1.6377402 0 P 0
L 5.8244252 1.4802598 5.8244252 1.6377402 0 P 0
L 5.9737402 3.2150393 5.9737403 2.9709448 0 P 0
L 5.9737402 3.2150393 6.2375198 3.2150393 0 P 0
L 5.9737403 2.9709448 6.2375198 2.9709448 0 P 0
L 6.2375198 2.9709448 6.2375198 3.2150393 0 P 0
L 6.6857953 3.0049449 6.6857953 3.2490394 0 P 0
L 6.6857953 3.0049449 6.9495748 3.0049449 0 P 0
L 6.6857953 3.2490394 6.9495748 3.2490394 0 P 0
L 6.9495748 3.0049449 6.9495748 3.2490394 0 P 0
L 7.4452755 0.5614173 7.4452755 0.7385827 0 P 0
L 7.4452755 0.5614173 7.5673227 0.5614173 0 P 0
L 7.4452755 0.7385827 7.5673227 0.7385827 0 P 0
L 7.447874 0.2012598 7.447874 0.3587402 0 P 0
L 7.447874 0.2012598 7.6447244 0.2012598 0 P 0
L 7.447874 0.3587402 7.6447244 0.3587402 0 P 0
L 7.5673227 0.5614173 7.5673227 0.7385827 0 P 0
L 7.6447244 0.2012598 7.6447244 0.3587402 0 P 0
