#Layer_Color=32768
#
#Feature symbol names
#
$0 r6
$1 r4
$2 r7
$3 r2
$4 r8
$5 rect25x68
$6 rect68x25

#
#Feature attribute names
#

#
#Layer features
#
L 0.128 1.112 0.128 1.162 0 P 0
L 0.128 1.112 0.208 1.112 0 P 0
L 0.128 1.162 0.208 1.162 0 P 0
L 0.135 1.427 0.135 1.477 0 P 0
L 0.135 1.427 0.215 1.427 0 P 0
L 0.135 1.477 0.215 1.477 0 P 0
L 0.144 1.112 0.144 1.162 3 P 0
L 0.151 1.427 0.151 1.477 3 P 0
L 0.192 1.112 0.192 1.162 3 P 0
L 0.199 1.427 0.199 1.477 3 P 0
L 0.208 1.112 0.208 1.162 0 P 0
L 0.215 1.427 0.215 1.477 0 P 0
L 0.294 0.109 0.294 0.151 1 P 0
L 0.294 0.109 0.299 0.109 1 P 0
L 0.294 0.151 0.299 0.151 1 P 0
L 0.294 2.299 0.294 2.341 1 P 0
L 0.294 2.299 0.299 2.299 1 P 0
L 0.294 2.341 0.299 2.341 1 P 0
L 0.299 0.096 0.299 0.164 0 P 0
L 0.299 0.096 0.421 0.096 0 P 0
L 0.299 0.164 0.421 0.164 0 P 0
L 0.299 2.286 0.299 2.354 0 P 0
L 0.299 2.286 0.421 2.286 0 P 0
L 0.299 2.354 0.421 2.354 0 P 0
L 0.304 2.039 0.304 2.081 1 P 0
L 0.304 2.039 0.309 2.039 1 P 0
L 0.304 2.081 0.309 2.081 1 P 0
L 0.309 2.026 0.309 2.094 0 P 0
L 0.309 2.026 0.431 2.026 0 P 0
L 0.309 2.094 0.431 2.094 0 P 0
L 0.396 0.096 0.396 0.164 1 P 0
L 0.396 2.286 0.396 2.354 1 P 0
L 0.406 2.026 0.406 2.094 1 P 0
L 0.416 0.419 0.416 0.541 0 P 0
L 0.416 0.419 0.484 0.419 0 P 0
L 0.416 0.444 0.484 0.444 1 P 0
L 0.416 0.541 0.484 0.541 0 P 0
L 0.421 0.096 0.421 0.164 0 P 0
L 0.421 0.109 0.426 0.109 1 P 0
L 0.421 0.151 0.426 0.151 1 P 0
L 0.421 2.286 0.421 2.354 0 P 0
L 0.421 2.299 0.426 2.299 1 P 0
L 0.421 2.341 0.426 2.341 1 P 0
L 0.426 0.109 0.426 0.151 1 P 0
L 0.426 2.299 0.426 2.341 1 P 0
L 0.427 1.854 0.427 1.904 0 P 0
L 0.427 1.854 0.507 1.854 0 P 0
L 0.427 1.904 0.507 1.904 0 P 0
L 0.429 0.414 0.429 0.419 1 P 0
L 0.429 0.414 0.471 0.414 1 P 0
L 0.429 0.541 0.429 0.546 1 P 0
L 0.429 0.546 0.471 0.546 1 P 0
L 0.431 2.026 0.431 2.094 0 P 0
L 0.431 2.039 0.436 2.039 1 P 0
L 0.431 2.081 0.436 2.081 1 P 0
L 0.436 2.039 0.436 2.081 1 P 0
L 0.443 1.854 0.443 1.904 3 P 0
L 0.4504725 1.1842519 0.4504725 1.2642519 0 P 0
L 0.4504725 1.1842519 0.5004725 1.1842519 0 P 0
L 0.4504725 1.2002519 0.5004725 1.2002519 3 P 0
L 0.4504725 1.2482519 0.5004725 1.2482519 3 P 0
L 0.4504725 1.2642519 0.5004725 1.2642519 0 P 0
L 0.464 0.18 0.494 0.18 2 P 0
L 0.464 2.37 0.494 2.37 2 P 0
L 0.471 0.414 0.471 0.419 1 P 0
L 0.471 0.541 0.471 0.546 1 P 0
L 0.474 2.11 0.504 2.11 2 P 0
L 0.4754725 2.3242519 0.4754725 2.4042519 0 P 0
L 0.4754725 2.3242519 0.5254725 2.3242519 0 P 0
L 0.4754725 2.3402519 0.5254725 2.3402519 3 P 0
L 0.4754725 2.3882519 0.5254725 2.3882519 3 P 0
L 0.4754725 2.4042519 0.5254725 2.4042519 0 P 0
L 0.479 0.165 0.479 0.195 2 P 0
L 0.479 2.355 0.479 2.385 2 P 0
L 0.484 0.419 0.484 0.541 0 P 0
L 0.485 0.361 0.515 0.361 2 P 0
L 0.489 2.095 0.489 2.125 2 P 0
L 0.491 1.854 0.491 1.904 3 P 0
L 0.495 1.971 0.495 2.051 0 P 0
L 0.495 1.971 0.545 1.971 0 P 0
L 0.495 1.987 0.545 1.987 3 P 0
L 0.495 2.035 0.545 2.035 3 P 0
L 0.495 2.051 0.545 2.051 0 P 0
L 0.4954725 0.0742519 0.4954725 0.1542519 0 P 0
L 0.4954725 0.0742519 0.5454725 0.0742519 0 P 0
L 0.4954725 0.0902519 0.5454725 0.0902519 3 P 0
L 0.4954725 0.1382519 0.5454725 0.1382519 3 P 0
L 0.4954725 0.1542519 0.5454725 0.1542519 0 P 0
L 0.4954725 0.4242519 0.4954725 0.5042519 0 P 0
L 0.4954725 0.4242519 0.5454725 0.4242519 0 P 0
L 0.4954725 0.4402519 0.5454725 0.4402519 3 P 0
L 0.4954725 0.4882519 0.5454725 0.4882519 3 P 0
L 0.4954725 0.5042519 0.5454725 0.5042519 0 P 0
L 0.5 0.346 0.5 0.376 2 P 0
L 0.5004725 1.1842519 0.5004725 1.2642519 0 P 0
L 0.507 1.854 0.507 1.904 0 P 0
L 0.5254725 2.3242519 0.5254725 2.4042519 0 P 0
L 0.545 1.971 0.545 2.051 0 P 0
L 0.5454725 0.0742519 0.5454725 0.1542519 0 P 0
L 0.5454725 0.4242519 0.5454725 0.5042519 0 P 0
L 0.5954725 0.0742519 0.5954725 0.1542519 0 P 0
L 0.5954725 0.0742519 0.6454725 0.0742519 0 P 0
L 0.5954725 0.0902519 0.6454725 0.0902519 3 P 0
L 0.5954725 0.1382519 0.6454725 0.1382519 3 P 0
L 0.5954725 0.1542519 0.6454725 0.1542519 0 P 0
L 0.6454725 0.0742519 0.6454725 0.1542519 0 P 0
L 0.6454725 2.3242519 0.6454725 2.4042519 0 P 0
L 0.6454725 2.3242519 0.6954725 2.3242519 0 P 0
L 0.6454725 2.3402519 0.6954725 2.3402519 3 P 0
L 0.6454725 2.3882519 0.6954725 2.3882519 3 P 0
L 0.6454725 2.4042519 0.6954725 2.4042519 0 P 0
L 0.6954725 2.3242519 0.6954725 2.4042519 0 P 0
L 1.1404725 1.9292519 1.1404725 1.9792519 0 P 0
L 1.1404725 1.9292519 1.2204725 1.9292519 0 P 0
L 1.1404725 1.9792519 1.2204725 1.9792519 0 P 0
L 1.1564725 1.9292519 1.1564725 1.9792519 3 P 0
L 1.2004725 0.5092519 1.2004725 0.5592519 0 P 0
L 1.2004725 0.5092519 1.2804725 0.5092519 0 P 0
L 1.2004725 0.5592519 1.2804725 0.5592519 0 P 0
L 1.2044725 1.9292519 1.2044725 1.9792519 3 P 0
L 1.2164725 0.5092519 1.2164725 0.5592519 3 P 0
L 1.2204725 1.9292519 1.2204725 1.9792519 0 P 0
L 1.2644725 0.5092519 1.2644725 0.5592519 3 P 0
L 1.2804725 0.5092519 1.2804725 0.5592519 0 P 0
L -1.5687251 -0.2806577 -1.5687251 -0.2736577 4 P 0
L 1.7454725 2.3242519 1.7454725 2.4042519 0 P 0
L 1.7454725 2.3242519 1.7954725 2.3242519 0 P 0
L 1.7454725 2.3402519 1.7954725 2.3402519 3 P 0
L 1.7454725 2.3882519 1.7954725 2.3882519 3 P 0
L 1.7454725 2.4042519 1.7954725 2.4042519 0 P 0
L 1.7954725 0.0742519 1.7954725 0.1542519 0 P 0
L 1.7954725 0.0742519 1.8454725 0.0742519 0 P 0
L 1.7954725 0.0902519 1.8454725 0.0902519 3 P 0
L 1.7954725 0.1382519 1.8454725 0.1382519 3 P 0
L 1.7954725 0.1542519 1.8454725 0.1542519 0 P 0
L 1.7954725 2.3242519 1.7954725 2.4042519 0 P 0
L 1.8454725 0.0742519 1.8454725 0.1542519 0 P 0
L 1.8954725 0.0742519 1.8954725 0.1542519 0 P 0
L 1.8954725 0.0742519 1.9454725 0.0742519 0 P 0
L 1.8954725 0.0902519 1.9454725 0.0902519 3 P 0
L 1.8954725 0.1382519 1.9454725 0.1382519 3 P 0
L 1.8954725 0.1542519 1.9454725 0.1542519 0 P 0
L 1.8954725 0.4242519 1.8954725 0.5042519 0 P 0
L 1.8954725 0.4242519 1.9454725 0.4242519 0 P 0
L 1.8954725 0.4402519 1.9454725 0.4402519 3 P 0
L 1.8954725 0.4882519 1.9454725 0.4882519 3 P 0
L 1.8954725 0.5042519 1.9454725 0.5042519 0 P 0
L 1.8954725 1.9742519 1.8954725 2.0542519 0 P 0
L 1.8954725 1.9742519 1.9454725 1.9742519 0 P 0
L 1.8954725 1.9902519 1.9454725 1.9902519 3 P 0
L 1.8954725 2.0382519 1.9454725 2.0382519 3 P 0
L 1.8954725 2.0542519 1.9454725 2.0542519 0 P 0
L 1.9154725 1.1942519 1.9154725 1.2742519 0 P 0
L 1.9154725 1.1942519 1.9654725 1.1942519 0 P 0
L 1.9154725 1.2102519 1.9654725 1.2102519 3 P 0
L 1.9154725 1.2582519 1.9654725 1.2582519 3 P 0
L 1.9154725 1.2742519 1.9654725 1.2742519 0 P 0
L 1.936 0.11 1.966 0.11 2 P 0
L 1.936 0.37 1.966 0.37 2 P 0
L 1.936 2.01 1.966 2.01 2 P 0
L 1.9454725 0.0742519 1.9454725 0.1542519 0 P 0
L 1.9454725 0.4242519 1.9454725 0.5042519 0 P 0
L 1.9454725 1.9742519 1.9454725 2.0542519 0 P 0
L 1.949 2.324 1.949 2.404 0 P 0
L 1.949 2.324 1.999 2.324 0 P 0
L 1.949 2.34 1.999 2.34 3 P 0
L 1.949 2.388 1.999 2.388 3 P 0
L 1.949 2.404 1.999 2.404 0 P 0
L 1.951 0.095 1.951 0.125 2 P 0
L 1.951 0.355 1.951 0.385 2 P 0
L 1.951 1.995 1.951 2.025 2 P 0
L 1.9654725 1.1942519 1.9654725 1.2742519 0 P 0
L 1.986 2.27 2.016 2.27 2 P 0
L 1.999 2.324 1.999 2.404 0 P 0
L 2.001 2.255 2.001 2.285 2 P 0
L 2.004 0.139 2.004 0.181 1 P 0
L 2.004 0.139 2.009 0.139 1 P 0
L 2.004 0.181 2.009 0.181 1 P 0
L 2.004 0.399 2.004 0.441 1 P 0
L 2.004 0.399 2.009 0.399 1 P 0
L 2.004 0.441 2.009 0.441 1 P 0
L 2.004 2.039 2.004 2.081 1 P 0
L 2.004 2.039 2.009 2.039 1 P 0
L 2.004 2.081 2.009 2.081 1 P 0
L 2.009 0.126 2.009 0.194 0 P 0
L 2.009 0.126 2.131 0.126 0 P 0
L 2.009 0.194 2.131 0.194 0 P 0
L 2.009 0.386 2.009 0.454 0 P 0
L 2.009 0.386 2.131 0.386 0 P 0
L 2.009 0.454 2.131 0.454 0 P 0
L 2.009 2.026 2.009 2.094 0 P 0
L 2.009 2.026 2.131 2.026 0 P 0
L 2.009 2.094 2.131 2.094 0 P 0
L 2.034 0.126 2.034 0.194 1 P 0
L 2.034 0.386 2.034 0.454 1 P 0
L 2.034 2.026 2.034 2.094 1 P 0
L 2.054 2.299 2.054 2.341 1 P 0
L 2.054 2.299 2.059 2.299 1 P 0
L 2.054 2.341 2.059 2.341 1 P 0
L 2.059 2.286 2.059 2.354 0 P 0
L 2.059 2.286 2.181 2.286 0 P 0
L 2.059 2.354 2.181 2.354 0 P 0
L 2.084 2.286 2.084 2.354 1 P 0
L 2.131 0.126 2.131 0.194 0 P 0
L 2.131 0.139 2.136 0.139 1 P 0
L 2.131 0.181 2.136 0.181 1 P 0
L 2.131 0.386 2.131 0.454 0 P 0
L 2.131 0.399 2.136 0.399 1 P 0
L 2.131 0.441 2.136 0.441 1 P 0
L 2.131 2.026 2.131 2.094 0 P 0
L 2.131 2.039 2.136 2.039 1 P 0
L 2.131 2.081 2.136 2.081 1 P 0
L 2.136 0.139 2.136 0.181 1 P 0
L 2.136 0.399 2.136 0.441 1 P 0
L 2.136 2.039 2.136 2.081 1 P 0
L 2.181 2.286 2.181 2.354 0 P 0
L 2.181 2.299 2.186 2.299 1 P 0
L 2.181 2.341 2.186 2.341 1 P 0
L 2.186 2.299 2.186 2.341 1 P 0
L 2.223 1.074 2.223 1.124 0 P 0
L 2.223 1.074 2.303 1.074 0 P 0
L 2.223 1.124 2.303 1.124 0 P 0
L 2.223 1.419 2.223 1.469 0 P 0
L 2.223 1.419 2.303 1.419 0 P 0
L 2.223 1.469 2.303 1.469 0 P 0
L 2.239 1.074 2.239 1.124 3 P 0
L 2.239 1.419 2.239 1.469 3 P 0
L 2.287 1.074 2.287 1.124 3 P 0
L 2.287 1.419 2.287 1.469 3 P 0
L 2.303 1.074 2.303 1.124 0 P 0
L 2.303 1.419 2.303 1.469 0 P 0
P 0.4081178 2.3199799 5 P 0 0
P 0.4083904 0.1300029 5 P 0 0
P 0.4183822 2.0600241 5 P 0 0
P 0.4501186 0.4316215 6 P 0 0
P 2.021527 2.0599225 5 P 0 0
P 2.0215446 0.1599943 5 P 0 0
P 2.0215756 0.4199701 5 P 0 0
P 2.0715438 2.3199829 5 P 0 0
