#Layer_Color=32768
#
#Feature symbol names
#
$0 r3.937

#
#Feature attribute names
#

#
#Layer features
#
L 0.4527555 2.7007877 0.4527555 3.5984257 0 P 0
L 0.4527555 2.7007877 1.3503935 2.7007877 0 P 0
L 0.4527555 3.5984257 1.3503935 3.5984257 0 P 0
L 0.8818895 3.1496057 0.9212595 3.1496057 0 P 0
L 0.9015755 3.1299217 0.9015755 3.1692917 0 P 0
L 0.9173229 1.5673228 0.9173229 1.9216535 0 P 0
L 0.9173229 1.5673228 1.2716536 1.5673228 0 P 0
L 0.9173229 1.9216535 1.2716536 1.9216535 0 P 0
L 1.0748032 1.7444882 1.1141733 1.7444882 0 P 0
L 1.0944882 1.7248031 1.0944882 1.7641732 0 P 0
L 1.2086457 2.2048898 1.2086457 2.4411102 0 P 0
L 1.2086457 2.2048898 1.5393543 2.2048898 0 P 0
L 1.2086457 2.4411102 1.5393543 2.4411102 0 P 0
L 1.2716536 1.5673228 1.2716536 1.9216535 0 P 0
L 1.3503935 2.7007877 1.3503935 3.5984257 0 P 0
L 1.354315 2.323 1.393685 2.323 0 P 0
L 1.374 2.303315 1.374 2.342685 0 P 0
L 1.5393543 2.2048898 1.5393543 2.4411102 0 P 0
L 1.7859843 2.0339688 1.7859843 2.3646768 0 P 0
L 1.7859843 2.0339688 2.0222043 2.0339688 0 P 0
L 1.7859843 2.3646768 2.0222043 2.3646768 0 P 0
L 1.8844103 2.1993228 1.9237803 2.1993228 0 P 0
L 1.9040943 2.1796388 1.9040943 2.2190088 0 P 0
L 2.0222043 2.0339688 2.0222043 2.3646768 0 P 0
L 2.0996543 3.1038828 2.0996543 3.5487648 0 P 0
L 2.0996543 3.1038828 2.5445363 3.1038828 0 P 0
L 2.0996543 3.5487648 2.5445363 3.5487648 0 P 0
L 2.2719843 2.4429688 2.2719843 2.7736768 0 P 0
L 2.2719843 2.4429688 2.5082043 2.4429688 0 P 0
L 2.2719843 2.7736768 2.5082043 2.7736768 0 P 0
L 2.3024103 3.3263228 2.3417803 3.3263228 0 P 0
L 2.3139843 1.0489688 2.3139843 1.3796768 0 P 0
L 2.3139843 1.0489688 2.5502043 1.0489688 0 P 0
L 2.3139843 1.3796768 2.5502043 1.3796768 0 P 0
L 2.3220943 3.3066388 2.3220943 3.3460088 0 P 0
L 2.3309843 1.6469688 2.3309843 1.9776768 0 P 0
L 2.3309843 1.6469688 2.5672043 1.6469688 0 P 0
L 2.3309843 1.9776768 2.5672043 1.9776768 0 P 0
L 2.3704103 2.6083228 2.4097803 2.6083228 0 P 0
L 2.3900943 2.5886388 2.3900943 2.6280088 0 P 0
L 2.4124103 1.2143228 2.4517803 1.2143228 0 P 0
L 2.4294103 1.8123228 2.4687803 1.8123228 0 P 0
L 2.4320943 1.1946388 2.4320943 1.2340088 0 P 0
L 2.4490943 1.7926388 2.4490943 1.8320088 0 P 0
L 2.5082043 2.4429688 2.5082043 2.7736768 0 P 0
L 2.5445363 3.1038828 2.5445363 3.5487648 0 P 0
L 2.5502043 1.0489688 2.5502043 1.3796768 0 P 0
L 2.5672043 1.6469688 2.5672043 1.9776768 0 P 0
L 2.8332283 2.0339688 2.8332283 2.3646768 0 P 0
L 2.8332283 2.0339688 3.0694483 2.0339688 0 P 0
L 2.8332283 2.3646768 3.0694483 2.3646768 0 P 0
L 2.9316543 2.1993228 2.9710243 2.1993228 0 P 0
L 2.9513383 2.1796388 2.9513383 2.2190088 0 P 0
L 3.0694483 2.0339688 3.0694483 2.3646768 0 P 0
L 3.1468983 3.1038828 3.1468983 3.5487648 0 P 0
L 3.1468983 3.1038828 3.5917803 3.1038828 0 P 0
L 3.1468983 3.5487648 3.5917803 3.5487648 0 P 0
L 3.3192283 2.4429688 3.3192283 2.7736768 0 P 0
L 3.3192283 2.4429688 3.5554483 2.4429688 0 P 0
L 3.3192283 2.7736768 3.5554483 2.7736768 0 P 0
L 3.3496543 3.3263228 3.3890243 3.3263228 0 P 0
L 3.3612283 1.0489688 3.3612283 1.3796768 0 P 0
L 3.3612283 1.0489688 3.5974483 1.0489688 0 P 0
L 3.3612283 1.3796768 3.5974483 1.3796768 0 P 0
L 3.3693383 3.3066388 3.3693383 3.3460088 0 P 0
L 3.3782283 1.6469688 3.3782283 1.9776768 0 P 0
L 3.3782283 1.6469688 3.6144483 1.6469688 0 P 0
L 3.3782283 1.9776768 3.6144483 1.9776768 0 P 0
L 3.4176543 2.6083228 3.4570243 2.6083228 0 P 0
L 3.4373383 2.5886388 3.4373383 2.6280088 0 P 0
L 3.4596543 1.2143228 3.4990243 1.2143228 0 P 0
L 3.4766543 1.8123228 3.5160243 1.8123228 0 P 0
L 3.4793383 1.1946388 3.4793383 1.2340088 0 P 0
L 3.4963383 1.7926388 3.4963383 1.8320088 0 P 0
L 3.5554483 2.4429688 3.5554483 2.7736768 0 P 0
L 3.5917803 3.1038828 3.5917803 3.5487648 0 P 0
L 3.5974483 1.0489688 3.5974483 1.3796768 0 P 0
L 3.6144483 1.6469688 3.6144483 1.9776768 0 P 0
L 3.8844103 2.0339688 3.8844103 2.3646768 0 P 0
L 3.8844103 2.0339688 4.1206303 2.0339688 0 P 0
L 3.8844103 2.3646768 4.1206303 2.3646768 0 P 0
L 3.9828343 2.1993228 4.0222043 2.1993228 0 P 0
L 4.0025203 2.1796388 4.0025203 2.2190088 0 P 0
L 4.1206303 2.0339688 4.1206303 2.3646768 0 P 0
L 4.1980783 3.1038828 4.1980783 3.5487648 0 P 0
L 4.1980783 3.1038828 4.6429603 3.1038828 0 P 0
L 4.1980783 3.5487648 4.6429603 3.5487648 0 P 0
L 4.3704103 2.4429688 4.3704103 2.7736768 0 P 0
L 4.3704103 2.4429688 4.6066303 2.4429688 0 P 0
L 4.3704103 2.7736768 4.6066303 2.7736768 0 P 0
L 4.4008343 3.3263228 4.4402043 3.3263228 0 P 0
L 4.4124103 1.0489688 4.4124103 1.3796768 0 P 0
L 4.4124103 1.0489688 4.6486303 1.0489688 0 P 0
L 4.4124103 1.3796768 4.6486303 1.3796768 0 P 0
L 4.4205203 3.3066388 4.4205203 3.3460088 0 P 0
L 4.4294103 1.6469688 4.4294103 1.9776768 0 P 0
L 4.4294103 1.6469688 4.6656303 1.6469688 0 P 0
L 4.4294103 1.9776768 4.6656303 1.9776768 0 P 0
L 4.4688343 2.6083228 4.5082043 2.6083228 0 P 0
L 4.4885203 2.5886388 4.4885203 2.6280088 0 P 0
L 4.5108343 1.2143228 4.5502043 1.2143228 0 P 0
L 4.5278343 1.8123228 4.5672043 1.8123228 0 P 0
L 4.5305203 1.1946388 4.5305203 1.2340088 0 P 0
L 4.5475203 1.7926388 4.5475203 1.8320088 0 P 0
L 4.6066303 2.4429688 4.6066303 2.7736768 0 P 0
L 4.6429603 3.1038828 4.6429603 3.5487648 0 P 0
L 4.6486303 1.0489688 4.6486303 1.3796768 0 P 0
L 4.6656303 1.6469688 4.6656303 1.9776768 0 P 0
L 4.9159063 2.0339688 4.9159063 2.3646768 0 P 0
L 4.9159063 2.0339688 5.1521263 2.0339688 0 P 0
L 4.9159063 2.3646768 5.1521263 2.3646768 0 P 0
L 5.0143303 2.1993228 5.0537003 2.1993228 0 P 0
L 5.0340163 2.1796388 5.0340163 2.2190088 0 P 0
L 5.1521263 2.0339688 5.1521263 2.3646768 0 P 0
L 5.2295743 3.1038828 5.2295743 3.5487648 0 P 0
L 5.2295743 3.1038828 5.6744563 3.1038828 0 P 0
L 5.2295743 3.5487648 5.6744563 3.5487648 0 P 0
L 5.4019063 2.4429688 5.4019063 2.7736768 0 P 0
L 5.4019063 2.4429688 5.6381263 2.4429688 0 P 0
L 5.4019063 2.7736768 5.6381263 2.7736768 0 P 0
L 5.4323303 3.3263228 5.4717003 3.3263228 0 P 0
L 5.4439063 1.0489688 5.4439063 1.3796768 0 P 0
L 5.4439063 1.0489688 5.6801263 1.0489688 0 P 0
L 5.4439063 1.3796768 5.6801263 1.3796768 0 P 0
L 5.4520163 3.3066388 5.4520163 3.3460088 0 P 0
L 5.4609063 1.6469688 5.4609063 1.9776768 0 P 0
L 5.4609063 1.6469688 5.6971263 1.6469688 0 P 0
L 5.4609063 1.9776768 5.6971263 1.9776768 0 P 0
L 5.5003303 2.6083228 5.5397003 2.6083228 0 P 0
L 5.5200163 2.5886388 5.5200163 2.6280088 0 P 0
L 5.5423303 1.2143228 5.5817003 1.2143228 0 P 0
L 5.5593303 1.8123228 5.5987003 1.8123228 0 P 0
L 5.5620163 1.1946388 5.5620163 1.2340088 0 P 0
L 5.5790163 1.7926388 5.5790163 1.8320088 0 P 0
L 5.6381263 2.4429688 5.6381263 2.7736768 0 P 0
L 5.6744563 3.1038828 5.6744563 3.5487648 0 P 0
L 5.6801263 1.0489688 5.6801263 1.3796768 0 P 0
L 5.6971263 1.6469688 5.6971263 1.9776768 0 P 0
